# NaN NaN NaN ;Mean Elev.(m), Avg Gradient(m/km), RMS Gradient(m/km) - SRTM1     
#   12.077 -13.125  52.084 ;Mean Elev.(m), Avg Gradient(m/km), RMS Gradient(m/km) - ASTER GDEM
#   45.011 -10.380  49.374 ;Mean Elev.(m), Avg Gradient(m/km), RMS Gradient(m/km) - GMTED2010 
   3    -5.054 54685.87674893 21.84 201.532161  64.464332 10.323 -100.00 -100.00 -100.00
   3    -3.158 54685.87674952 26.08 201.537844  64.463392 13.164 -100.00 -100.00 -100.00
   3    15.733 54685.87675011 14.52 201.543527  64.462452  5.145 -100.00 -100.00 -100.00
   5     5.587 54705.70802965 21.94 201.532017  64.465446 12.248 -100.00 -100.00 -100.00
   5     8.864 54705.70803024 22.95 201.537700  64.464507 10.196 -100.00 -100.00 -100.00
   5     9.020 54705.70803083 29.20 201.543383  64.463567 17.307 -100.00 -100.00 -100.00
   7    11.214 54725.53933219 10.71 201.527427  64.460221  4.487 -100.00 -100.00 -100.00
   7    11.271 54725.53933279 10.64 201.533109  64.459281  4.127 -100.00 -100.00 -100.00
   7    11.086 54725.53933338 11.65 201.538791  64.458342  5.658 -100.00 -100.00 -100.00
   7    11.041 54725.53933397 12.06 201.544472  64.457402  6.654 -100.00 -100.00 -100.00
  16    30.238 54814.78011560 19.25 201.532949  64.462463  7.738 -100.00 -100.00 -100.00
  16    30.565 54814.78011619 19.49 201.538633  64.461523  7.926 -100.00 -100.00 -100.00
  16    30.820 54814.78011678 20.08 201.544315  64.460584  9.209 -100.00 -100.00 -100.00
  17    30.353 54824.69576096 21.35 201.530160  64.463410 12.303 -100.00 -100.00 -100.00
  17    30.566 54824.69576155 21.60 201.535843  64.462471 11.855 -100.00 -100.00 -100.00
  17    30.451 54824.69576214 23.31 201.541526  64.461531 17.345 -100.00 -100.00 -100.00
  18    30.069 54834.61140061 18.62 201.527389  64.462376 10.906 -100.00 -100.00 -100.00
  18    30.442 54834.61140120 17.91 201.533072  64.461436  8.427 -100.00 -100.00 -100.00
  18    30.928 54834.61140179 17.99 201.538755  64.460497  8.072 -100.00 -100.00 -100.00
  18    31.562 54834.61140238 18.12 201.544437  64.459557  8.066 -100.00 -100.00 -100.00
  19    29.793 54844.52705033 16.23 201.525166  64.461922  9.291 -100.00 -100.00 -100.00
  19    30.011 54844.52705092 16.18 201.530848  64.460982  9.188 -100.00 -100.00 -100.00
  19    30.627 54844.52705151 16.71 201.536530  64.460042 10.625 -100.00 -100.00 -100.00
  19    31.278 54844.52705210 15.75 201.542212  64.459102  7.373 -100.00 -100.00 -100.00
  20    30.675 54854.44269988  8.60 201.531131  64.461494  4.661 -100.00 -100.00 -100.00
  20    30.553 54854.44270047  9.82 201.536813  64.460554  6.850 -100.00 -100.00 -100.00
  20    32.165 54854.44270106  9.20 201.542495  64.459614  5.447 -100.00 -100.00 -100.00
  21    30.100 54864.35834832 10.09 201.529148  64.463409  5.582 -100.00 -100.00 -100.00
  21    30.079 54864.35834891 10.80 201.534831  64.462469  5.901 -100.00 -100.00 -100.00
  21    30.280 54864.35834950 11.03 201.540513  64.461529  6.582 -100.00 -100.00 -100.00
  21    30.886 54864.35835009 10.99 201.546195  64.460589  6.432 -100.00 -100.00 -100.00
  22    29.987 54874.27399690 10.84 201.530636  64.463771  5.163 -100.00 -100.00 -100.00
  22    30.092 54874.27399749 11.04 201.536318  64.462831  5.684 -100.00 -100.00 -100.00
  22    30.486 54874.27399808 11.43 201.542001  64.461891  5.793 -100.00 -100.00 -100.00
  23    30.680 54884.18964255 12.37 201.527398  64.463330  5.824 -100.00 -100.00 -100.00
  23    31.489 54884.18964314 12.17 201.533081  64.462390  5.110 -100.00 -100.00 -100.00
  23    31.040 54884.18964373 12.22 201.538764  64.461450  5.000 -100.00 -100.00 -100.00
  23    31.661 54884.18964432 12.53 201.544446  64.460510  4.495 -100.00 -100.00 -100.00
  24    29.916 54894.10528498 10.39 201.524692  64.461167  4.999 -100.00 -100.00 -100.00
  24    30.811 54894.10528557 10.61 201.530375  64.460227  5.513 -100.00 -100.00 -100.00
  24    29.155 54894.10528616 15.15 201.536058  64.459287 10.872 -100.00 -100.00 -100.00
  24    30.632 54894.10528675 13.08 201.541740  64.458347  8.729 -100.00 -100.00 -100.00
  25    29.897 54904.02092501 11.43 201.524584  64.458821  4.498 -100.00 -100.00 -100.00
  25    30.767 54904.02092560 11.66 201.530266  64.457882  4.439 -100.00 -100.00 -100.00
  25    31.003 54904.02092619 12.54 201.535948  64.456942  6.165 -100.00 -100.00 -100.00
  25    31.232 54904.02092678 13.05 201.541630  64.456002  5.907 -100.00 -100.00 -100.00
  26    27.964 54913.93656369 14.76 201.523853  64.458690 15.672 -100.00 -100.00 -100.00
  26    28.257 54913.93656428 17.30 201.529535  64.457750 21.724 -100.00 -100.00 -100.00
  26    28.818 54913.93656487 15.41 201.535217  64.456810 13.874 -100.00 -100.00 -100.00
  26    28.942 54913.93656546 12.97 201.540899  64.455870 11.489 -100.00 -100.00 -100.00
  27    29.532 54923.85220154 10.75 201.522206  64.460540  7.760 -100.00 -100.00 -100.00
  27    28.226 54923.85220213 15.28 201.527889  64.459600 12.826 -100.00 -100.00 -100.00
  27    28.379 54923.85220272 17.10 201.533571  64.458661 18.055 -100.00 -100.00 -100.00
  27    28.594 54923.85220331 18.43 201.539253  64.457721 22.272 -100.00 -100.00 -100.00
  28    28.881 54933.76783957 15.47 201.529955  64.461176 11.658 -100.00 -100.00 -100.00
  28    28.550 54933.76784016 16.67 201.535637  64.460236 13.597 -100.00 -100.00 -100.00
  28    28.947 54933.76784076 16.67 201.541319  64.459296 13.594 -100.00 -100.00 -100.00
  29    27.756 54943.68347459 15.34 201.526232  64.462403 15.351 -100.00 -100.00 -100.00
  29    28.060 54943.68347518 20.83 201.531915  64.461463 27.783 -100.00 -100.00 -100.00
  29    28.481 54943.68347577 19.81 201.537597  64.460524 19.741 -100.00 -100.00 -100.00
  29    28.752 54943.68347636 22.75 201.543279  64.459584 29.493 -100.00 -100.00 -100.00
  35    34.110 55003.17734284 32.23 201.531019  64.462723 29.091 -100.00 -100.00 -100.00
  35    34.128 55003.17734343 27.09 201.536701  64.461784 18.393 -100.00 -100.00 -100.00
  35    33.937 55003.17734402 29.41 201.542384  64.460844 25.482 -100.00 -100.00 -100.00
  36    34.137 55013.09298718 40.83 201.529857  64.462411 27.797 -100.00 -100.00 -100.00
  36    33.874 55013.09298777 44.88 201.535540  64.461472   -100 -100.00 -100.00 -100.00
  36    33.590 55013.09298836 49.44 201.541223  64.460532 24.634 -100.00 -100.00 -100.00
  38    33.152 55032.92427249 21.60 201.528875  64.462349 15.053 -100.00 -100.00 -100.00
  38    33.429 55032.92427308 23.54 201.534557  64.461409 20.000 -100.00 -100.00 -100.00
  38    33.478 55032.92427367 27.06 201.540240  64.460469   -100 -100.00 -100.00 -100.00
  38    33.769 55032.92427426 27.74 201.545922  64.459529 28.870 -100.00 -100.00 -100.00
  42    32.310 55072.58683650 36.22 201.529183  64.461519 16.665 -100.00 -100.00 -100.00
  42    31.824 55072.58683709 39.84 201.534866  64.460579 28.653 -100.00 -100.00 -100.00
  42    31.387 55072.58683768 49.43 201.540548  64.459640  2.017 -100.00 -100.00 -100.00
  43    31.575 55082.50248456 41.94 201.524162  64.459868   -100 -100.00 -100.00 -100.00
  43    31.645 55082.50248515 39.57 201.529844  64.458928   -100 -100.00 -100.00 -100.00
  43    31.425 55082.50248574 45.47 201.535526  64.457989   -100 -100.00 -100.00 -100.00
  43    31.596 55082.50248633 41.78 201.541207  64.457049  1.800 -100.00 -100.00 -100.00
  46    30.529 55112.24942414 20.75 201.528874  64.460680 17.147 -100.00 -100.00 -100.00
  46    31.836 55112.24942473 18.55 201.534556  64.459740 11.779 -100.00 -100.00 -100.00
  46    32.165 55112.24942532 21.07 201.540238  64.458800 16.461 -100.00 -100.00 -100.00
  51    30.053 55161.82762464 22.60 201.528175  64.460395  9.057 -100.00 -100.00 -100.00
  51    29.814 55161.82762523 23.48 201.533858  64.459456 10.424 -100.00 -100.00 -100.00
  51    31.628 55161.82762582 23.35 201.539541  64.458516  9.904 -100.00 -100.00 -100.00
  52    29.672 55171.74326278 22.58 201.529009  64.462600 10.159 -100.00 -100.00 -100.00
  52    30.011 55171.74326337 21.99 201.534692  64.461660  7.197 -100.00 -100.00 -100.00
  52    31.201 55171.74326396 22.93 201.540375  64.460720  9.736 -100.00 -100.00 -100.00
  52    31.692 55171.74326455 22.42 201.546057  64.459781  7.523 -100.00 -100.00 -100.00
  53    30.241 55181.65889957 21.35 201.531133  64.463674  6.023 -100.00 -100.00 -100.00
  53    30.320 55181.65890016 22.62 201.536816  64.462735  7.940 -100.00 -100.00 -100.00
  53    29.957 55181.65890076 22.91 201.542499  64.461795  9.525 -100.00 -100.00 -100.00
  54    30.485 55191.57454911 15.63 201.528247  64.463467  5.400 -100.00 -100.00 -100.00
  54    30.397 55191.57454970 16.05 201.533930  64.462528  5.817 -100.00 -100.00 -100.00
  54    32.037 55191.57455029 16.10 201.539613  64.461588  5.541 -100.00 -100.00 -100.00
  54    30.293 55191.57455088 16.37 201.545295  64.460648  5.557 -100.00 -100.00 -100.00
  55    30.337 55201.49019924 14.09 201.527184  64.462999  4.861 -100.00 -100.00 -100.00
  55    30.567 55201.49019983 14.16 201.532867  64.462059  4.961 -100.00 -100.00 -100.00
  55    30.510 55201.49020042 14.10 201.538550  64.461119  4.717 -100.00 -100.00 -100.00
  55    30.565 55201.49020101 14.24 201.544232  64.460180  4.550 -100.00 -100.00 -100.00
  56    30.693 55211.40584911 13.31 201.530662  64.462414  4.634 -100.00 -100.00 -100.00
  56    30.646 55211.40584970 12.96 201.536344  64.461474  4.118 -100.00 -100.00 -100.00
  56    31.692 55211.40585029 13.14 201.542026  64.460534  3.889 -100.00 -100.00 -100.00
  57    29.692 55221.32149784 15.56 201.528224  64.463202  8.206 -100.00 -100.00 -100.00
  57    30.356 55221.32149843 14.27 201.533906  64.462262  6.319 -100.00 -100.00 -100.00
  57    30.482 55221.32149902 15.61 201.539589  64.461322  8.593 -100.00 -100.00 -100.00
  57    31.256 55221.32149961 15.72 201.545271  64.460382  8.168 -100.00 -100.00 -100.00
  58    29.644 55231.23714596 16.88 201.530201  64.462266 10.817 -100.00 -100.00 -100.00
  58    30.293 55231.23714655 15.78 201.535883  64.461327  7.275 -100.00 -100.00 -100.00
  58    29.279 55231.23714714 17.74 201.541566  64.460386 11.830 -100.00 -100.00 -100.00
  59    28.979 55241.15279028 16.94 201.525937  64.461682  8.890 -100.00 -100.00 -100.00
  59    29.603 55241.15279087 17.98 201.531620  64.460742 11.987 -100.00 -100.00 -100.00
  59    29.287 55241.15279146 18.57 201.537302  64.459803 11.215 -100.00 -100.00 -100.00
  59    31.331 55241.15279205 16.73 201.542984  64.458862  7.983 -100.00 -100.00 -100.00
  60    27.735 55251.06843140 23.68 201.524442  64.460139 24.528 -100.00 -100.00 -100.00
  60    28.570 55251.06843200 20.85 201.530125  64.459200 16.047 -100.00 -100.00 -100.00
  60    28.776 55251.06843259 20.78 201.535807  64.458260 15.333 -100.00 -100.00 -100.00
  60    29.265 55251.06843318 21.60 201.541489  64.457320 15.620 -100.00 -100.00 -100.00
  61    28.854 55260.98407032 18.61 201.523610  64.459141  9.855 -100.00 -100.00 -100.00
  61    28.729 55260.98407091 19.85 201.529293  64.458202 11.910 -100.00 -100.00 -100.00
  61    29.079 55260.98407150 20.00 201.534975  64.457262 11.015 -100.00 -100.00 -100.00
  61    30.658 55260.98407209 17.22 201.540657  64.456322  7.662 -100.00 -100.00 -100.00
  62    29.957 55270.89970827 14.65 201.522388  64.459732  5.135 -100.00 -100.00 -100.00
  62    29.760 55270.89970886 16.39 201.528070  64.458792  7.047 -100.00 -100.00 -100.00
  62    30.159 55270.89970945 18.08 201.533753  64.457853 10.090 -100.00 -100.00 -100.00
  62    31.143 55270.89971004 16.07 201.539434  64.456913  7.116 -100.00 -100.00 -100.00
  63    28.950 55280.81534678 16.17 201.527587  64.459991 10.183 -100.00 -100.00 -100.00
  63    29.543 55280.81534737 16.64 201.533269  64.459052 10.510 -100.00 -100.00 -100.00
  63    29.209 55280.81534796 16.77 201.538951  64.458112 10.251 -100.00 -100.00 -100.00
  64    28.626 55290.73098332 14.59 201.525227  64.461315  8.452 -100.00 -100.00 -100.00
  64    29.151 55290.73098391 15.63 201.530909  64.460375  8.603 -100.00 -100.00 -100.00
  64    30.234 55290.73098450 15.16 201.536591  64.459436  7.496 -100.00 -100.00 -100.00
  64    29.011 55290.73098509 19.27 201.542273  64.458496 13.852 -100.00 -100.00 -100.00
  65    28.194 55300.64661787 17.02 201.525549  64.461541 12.874 -100.00 -100.00 -100.00
  65    28.519 55300.64661846 16.15 201.531232  64.460602 10.218 -100.00 -100.00 -100.00
  65    28.865 55300.64661905 19.06 201.536914  64.459662 14.838 -100.00 -100.00 -100.00
  65    29.134 55300.64661964 17.34 201.542595  64.458723 12.318 -100.00 -100.00 -100.00
  66    28.307 55310.56226454 23.59 201.528084  64.459931   -100 -100.00 -100.00 -100.00
  66    28.484 55310.56226513 21.14 201.533766  64.458991 30.934 -100.00 -100.00 -100.00
  66    28.701 55310.56226572 23.13 201.539448  64.458052   -100 -100.00 -100.00 -100.00
  67    30.267 55320.47790972 33.58 201.523212  64.459852 29.828 -100.00 -100.00 -100.00
  67    30.048 55320.47791031 35.47 201.528894  64.458913   -100 -100.00 -100.00 -100.00
  67    30.483 55320.47791090 30.72 201.534575  64.457974 29.821 -100.00 -100.00 -100.00
  67    30.234 55320.47791149 29.80 201.540256  64.457034 31.479 -100.00 -100.00 -100.00
  71    32.003 55360.14048482 31.00 201.527958  64.462809   -100 -100.00 -100.00 -100.00
  71    32.026 55360.14048541 30.92 201.533641  64.461870 29.869 -100.00 -100.00 -100.00
  71    31.990 55360.14048600 25.75 201.539323  64.460930 15.329 -100.00 -100.00 -100.00
  71    33.226 55360.14048659 27.89 201.545005  64.459990 20.839 -100.00 -100.00 -100.00
  72    32.463 55370.05612460 33.39 201.527379  64.463120 27.710 -100.00 -100.00 -100.00
  72    32.251 55370.05612519 34.12 201.533062  64.462181   -100 -100.00 -100.00 -100.00
  72    31.909 55370.05612578 34.71 201.538745  64.461241   -100 -100.00 -100.00 -100.00
  72    32.273 55370.05612637 38.94 201.544427  64.460301   -100 -100.00 -100.00 -100.00
  75    32.440 55399.80303763 16.15 201.530774  64.464231 13.265 -100.00 -100.00 -100.00
  75    32.272 55399.80303822 21.25 201.536457  64.463292 28.435 -100.00 -100.00 -100.00
  75    32.572 55399.80303881 21.26 201.542140  64.462352 27.061 -100.00 -100.00 -100.00
  77    31.483 55419.63433521 24.03 201.526349  64.461599 20.658 -100.00 -100.00 -100.00
  77    31.912 55419.63433580 26.42 201.532031  64.460660 28.992 -100.00 -100.00 -100.00
  77    32.062 55419.63433639 29.29 201.537713  64.459721   -100 -100.00 -100.00 -100.00
  77    32.534 55419.63433698 30.11 201.543395  64.458781   -100 -100.00 -100.00 -100.00
  80    32.564 55449.38127035 40.25 201.527481  64.459953 26.877 -100.00 -100.00 -100.00
  80    32.789 55449.38127094 43.28 201.533163  64.459013 25.405 -100.00 -100.00 -100.00
  80    32.079 55449.38127153 55.63 201.538845  64.458073   -100 -100.00 -100.00 -100.00
  86    28.703 55508.87510253 42.25 201.526762  64.461573   -100 -100.00 -100.00 -100.00
  86    28.754 55508.87510312 42.17 201.532445  64.460633   -100 -100.00 -100.00 -100.00
  86    28.600 55508.87510371 46.57 201.538128  64.459694   -100 -100.00 -100.00 -100.00
  86    28.578 55508.87510431 47.49 201.543811  64.458754   -100 -100.00 -100.00 -100.00
  87    29.575 55518.79075256 37.25 201.526037  64.462461   -100 -100.00 -100.00 -100.00
  87    30.276 55518.79075315 40.05 201.531721  64.461521   -100 -100.00 -100.00 -100.00
  87    30.068 55518.79075374 41.16 201.537404  64.460582   -100 -100.00 -100.00 -100.00
  87    30.141 55518.79075433 40.47 201.543086  64.459642   -100 -100.00 -100.00 -100.00
  88    29.972 55528.70640218 33.19 201.529899  64.462333 26.551 -100.00 -100.00 -100.00
  88    29.853 55528.70640277 35.23 201.535582  64.461394   -100 -100.00 -100.00 -100.00
  88    29.967 55528.70640336 33.02 201.541265  64.460454 29.815 -100.00 -100.00 -100.00
  89    29.575 55538.62204959 22.69 201.530047  64.462247 11.911 -100.00 -100.00 -100.00
  89    29.499 55538.62205019 22.78 201.535730  64.461308 12.788 -100.00 -100.00 -100.00
  89    29.614 55538.62205078 23.11 201.541413  64.460368 13.893 -100.00 -100.00 -100.00
  90    29.859 55548.53769456 20.01 201.528478  64.462454 10.403 -100.00 -100.00 -100.00
  90    29.645 55548.53769515 20.86 201.534161  64.461515 10.421 -100.00 -100.00 -100.00
  90    29.407 55548.53769574 21.69 201.539843  64.460575 11.759 -100.00 -100.00 -100.00
  90    29.373 55548.53769633 21.79 201.545525  64.459635 13.596 -100.00 -100.00 -100.00
  91    29.796 55558.45333812 17.50 201.530930  64.462402  7.468 -100.00 -100.00 -100.00
  91    30.770 55558.45333871 18.63 201.536613  64.461463  8.734 -100.00 -100.00 -100.00
  91    29.468 55558.45333930 18.97 201.542295  64.460523  8.518 -100.00 -100.00 -100.00
  92    29.787 55568.36898037 16.60 201.529921  64.463358  7.006 -100.00 -100.00 -100.00
  92    30.338 55568.36898096 17.06 201.535604  64.462418  8.314 -100.00 -100.00 -100.00
  92    30.914 55568.36898155 17.48 201.541287  64.461478  7.783 -100.00 -100.00 -100.00
  93    30.524 55578.28462233 15.06 201.533658  64.462787  6.139 -100.00 -100.00 -100.00
  93    31.174 55578.28462292 15.75 201.539341  64.461847  6.792 -100.00 -100.00 -100.00
  93    31.603 55578.28462351 16.01 201.545023  64.460907  6.913 -100.00 -100.00 -100.00
  94    30.239 55588.20026141 13.55 201.530795  64.461887  5.056 -100.00 -100.00 -100.00
  94    30.693 55588.20026200 17.13 201.536478  64.460948 11.869 -100.00 -100.00 -100.00
  94    31.258 55588.20026259 14.51 201.542160  64.460008  6.503 -100.00 -100.00 -100.00
  95    29.314 55598.11589714 14.43 201.524539  64.460943  7.812 -100.00 -100.00 -100.00
  95    29.846 55598.11589773 15.87 201.530223  64.460004  9.540 -100.00 -100.00 -100.00
  95    28.509 55598.11589832 20.40 201.535905  64.459064 17.961 -100.00 -100.00 -100.00
  95    28.593 55598.11589891 22.73 201.541588  64.458125 24.206 -100.00 -100.00 -100.00
  96    29.650 55608.03153093 15.02 201.525540  64.459802  7.693 -100.00 -100.00 -100.00
  96    28.360 55608.03153152 19.30 201.531223  64.458863 16.268 -100.00 -100.00 -100.00
  96    28.512 55608.03153211 23.62 201.536906  64.457923 28.254 -100.00 -100.00 -100.00
  96    28.909 55608.03153270 23.74 201.542588  64.456984 24.891 -100.00 -100.00 -100.00
  97    28.493 55617.94716238 18.14 201.523349  64.461008  9.080 -100.00 -100.00 -100.00
  97    28.878 55617.94716297 18.19 201.529032  64.460069  7.737 -100.00 -100.00 -100.00
  97    28.181 55617.94716357 19.91 201.534715  64.459130 12.325 -100.00 -100.00 -100.00
  97    28.595 55617.94716416 19.23 201.540398  64.458190  8.788 -100.00 -100.00 -100.00
  98    29.312 55627.86280906 17.45 201.529816  64.461530 11.172 -100.00 -100.00 -100.00
  98    28.418 55627.86280965 21.13 201.535499  64.460591 19.371 -100.00 -100.00 -100.00
  98    28.636 55627.86281024 21.38 201.541181  64.459651 18.325 -100.00 -100.00 -100.00
  99    28.766 55637.77846017 17.36 201.526839  64.462488 12.598 -100.00 -100.00 -100.00
  99    27.937 55637.77846076 19.63 201.532522  64.461548 17.023 -100.00 -100.00 -100.00
  99    28.194 55637.77846135 20.36 201.538204  64.460609 18.732 -100.00 -100.00 -100.00
  99    28.687 55637.77846194 17.68 201.543887  64.459669 11.622 -100.00 -100.00 -100.00
 100    27.739 55647.69410948 19.65 201.525213  64.461719 15.963 -100.00 -100.00 -100.00
 100    27.861 55647.69411007 22.11 201.530896  64.460780 22.153 -100.00 -100.00 -100.00
 100    27.940 55647.69411066 23.25 201.536578  64.459841 26.269 -100.00 -100.00 -100.00
 100    28.285 55647.69411125 23.55 201.542260  64.458901 27.483 -100.00 -100.00 -100.00
 101    27.993 55657.60975627 19.91 201.526725  64.459401 16.302 -100.00 -100.00 -100.00
 101    28.295 55657.60975686 20.50 201.532407  64.458462 18.202 -100.00 -100.00 -100.00
 101    28.433 55657.60975745 23.82 201.538088  64.457523 27.503 -100.00 -100.00 -100.00
 101    28.946 55657.60975804 20.76 201.543769  64.456583 16.980 -100.00 -100.00 -100.00
 102    27.382 55667.52539831 22.72 201.523736  64.458897 29.740 -100.00 -100.00 -100.00
 102    27.806 55667.52539890 24.05 201.529418  64.457958   -100 -100.00 -100.00 -100.00
 102    28.265 55667.52539949 23.57 201.535100  64.457018 29.818 -100.00 -100.00 -100.00
 102    28.659 55667.52540008 22.46 201.540780  64.456079 24.519 -100.00 -100.00 -100.00
 104    29.417 55687.35667576 32.72 201.530040  64.461200   -100 -100.00 -100.00 -100.00
 104    30.013 55687.35667635 30.60 201.535722  64.460261   -100 -100.00 -100.00 -100.00
 104    29.617 55687.35667694 27.44 201.541403  64.459321 30.124 -100.00 -100.00 -100.00
 105    32.542 55697.27231203 36.75 201.531167  64.462984 20.197 -100.00 -100.00 -100.00
 105    32.614 55697.27231262 36.76 201.536850  64.462044 30.567 -100.00 -100.00 -100.00
 105    32.395 55697.27231321 37.04 201.542532  64.461105   -100 -100.00 -100.00 -100.00
 107    34.203 55717.10359779 30.69 201.529139  64.462950 20.410 -100.00 -100.00 -100.00
 107    34.582 55717.10359838 30.50 201.534822  64.462010 19.756 -100.00 -100.00 -100.00
 107    34.657 55717.10359897 33.38 201.540505  64.461071 29.886 -100.00 -100.00 -100.00
 107    34.955 55717.10359956 35.84 201.546187  64.460131 32.765 -100.00 -100.00 -100.00
 110    33.879 55746.85053897 21.95 201.530545  64.463515  9.979 -100.00 -100.00 -100.00
 110    34.132 55746.85053956 20.85 201.536228  64.462575  7.954 -100.00 -100.00 -100.00
 110    33.905 55746.85054015 22.47 201.541910  64.461635 11.272 -100.00 -100.00 -100.00
 115    33.598 55796.42873051 38.36 201.526004  64.460333 20.550 -100.00 -100.00 -100.00
 115    32.696 55796.42873110 41.71 201.531686  64.459394   -100 -100.00 -100.00 -100.00
 115    32.481 55796.42873169 43.87 201.537368  64.458455 10.596 -100.00 -100.00 -100.00
 115    32.608 55796.42873228 41.32 201.543050  64.457515  3.369 -100.00 -100.00 -100.00
 119    31.944 55836.09130788 19.70 201.524135  64.460721 10.542 -100.00 -100.00 -100.00
 119    31.491 55836.09130847 20.54 201.529819  64.459782 11.423 -100.00 -100.00 -100.00
 119    33.395 55836.09130906 18.33 201.535502  64.458843  8.679 -100.00 -100.00 -100.00
 119    33.661 55836.09130965 21.29 201.541184  64.457903 10.101 -100.00 -100.00 -100.00
 122    30.288 55865.83822425 40.46 201.532106  64.462252 20.822 -100.00 -100.00 -100.00
 122    29.654 55865.83822484 43.26 201.537789  64.461313   -100 -100.00 -100.00 -100.00
 122    29.512 55865.83822543 48.51 201.543472  64.460373 19.069 -100.00 -100.00 -100.00
 123    29.938 55875.75387681 20.16 201.531071  64.463860  9.303 -100.00 -100.00 -100.00
 123    29.801 55875.75387740 20.33 201.536755  64.462920 10.317 -100.00 -100.00 -100.00
 123    29.533 55875.75387799 21.06 201.542438  64.461981 11.146 -100.00 -100.00 -100.00
 124    29.870 55885.66952374 16.33 201.531491  64.463704 10.331 -100.00 -100.00 -100.00
 124    29.918 55885.66952433 17.11 201.537175  64.462765 13.224 -100.00 -100.00 -100.00
 124    29.687 55885.66952492 17.99 201.542858  64.461825 15.348 -100.00 -100.00 -100.00
 125    30.011 55895.58516466 14.72 201.529929  64.463192  8.247 -100.00 -100.00 -100.00
 125    30.077 55895.58516525 14.62 201.535612  64.462253  8.293 -100.00 -100.00 -100.00
 125    30.124 55895.58516585 14.05 201.541295  64.461313  8.307 -100.00 -100.00 -100.00
 126    30.606 55905.50080036 12.58 201.529133  64.462913  5.546 -100.00 -100.00 -100.00
 126    31.151 55905.50080095 12.71 201.534816  64.461974  5.780 -100.00 -100.00 -100.00
 126    32.177 55905.50080154 12.56 201.540499  64.461034  4.457 -100.00 -100.00 -100.00
 126    32.771 55905.50080213 12.20 201.546181  64.460094  4.074 -100.00 -100.00 -100.00
 127    28.786 55915.41644266 20.82 201.528254  64.463483 17.139 -100.00 -100.00 -100.00
 127    29.250 55915.41644325 21.49 201.533938  64.462543 18.931 -100.00 -100.00 -100.00
 127    29.475 55915.41644384 21.22 201.539620  64.461604 16.489 -100.00 -100.00 -100.00
 127    29.752 55915.41644443 21.81 201.545303  64.460664 18.768 -100.00 -100.00 -100.00
 128    31.206 55925.33209665 10.68 201.531567  64.463267  5.259 -100.00 -100.00 -100.00
 128    32.015 55925.33209724 10.45 201.537250  64.462327  4.454 -100.00 -100.00 -100.00
 128    32.495 55925.33209783 10.92 201.542933  64.461388  5.904 -100.00 -100.00 -100.00
 129    30.802 55935.24774708  9.61 201.531475  64.463134  4.844 -100.00 -100.00 -100.00
 129    31.390 55935.24774767 10.28 201.537158  64.462194  5.801 -100.00 -100.00 -100.00
 129    30.810 55935.24774826 10.46 201.542840  64.461254  5.935 -100.00 -100.00 -100.00
 130    30.602 55945.16339280 10.21 201.530666  64.461311  5.847 -100.00 -100.00 -100.00
 130    31.246 55945.16339339 10.13 201.536349  64.460371  6.076 -100.00 -100.00 -100.00
 130    31.603 55945.16339398 10.34 201.542032  64.459431  5.575 -100.00 -100.00 -100.00
 131    30.378 55955.07903383  9.62 201.526351  64.459377  5.708 -100.00 -100.00 -100.00
 131    31.432 55955.07903442 10.27 201.532034  64.458438  5.609 -100.00 -100.00 -100.00
 131    30.793 55955.07903501 10.84 201.537717  64.457498  6.147 -100.00 -100.00 -100.00
 131    31.389 55955.07903560 10.60 201.543398  64.456558  5.318 -100.00 -100.00 -100.00
 132    30.259 55964.99467185  9.18 201.519711  64.459132  4.132 -100.00 -100.00 -100.00
 132    30.963 55964.99467244  9.24 201.525394  64.458193  3.703 -100.00 -100.00 -100.00
 132    31.525 55964.99467303  9.93 201.531077  64.457253  4.006 -100.00 -100.00 -100.00
 132    31.818 55964.99467362 10.63 201.536759  64.456314  5.016 -100.00 -100.00 -100.00
 132    32.803 55964.99467421 11.27 201.542440  64.455374  6.305 -100.00 -100.00 -100.00
 133    30.213 55974.91030929 10.28 201.522086  64.459981  4.170 -100.00 -100.00 -100.00
 133    30.712 55974.91030988 10.77 201.527769  64.459042  5.082 -100.00 -100.00 -100.00
 133    31.139 55974.91031047 11.60 201.533452  64.458102  4.937 -100.00 -100.00 -100.00
 133    32.111 55974.91031106 11.07 201.539134  64.457162  4.675 -100.00 -100.00 -100.00
 134    31.122 55984.82594630  9.44 201.530528  64.461358  4.002 -100.00 -100.00 -100.00
 134    31.545 55984.82594689 10.07 201.536211  64.460419  4.307 -100.00 -100.00 -100.00
 134    32.176 55984.82594748  9.86 201.541893  64.459479  3.600 -100.00 -100.00 -100.00
 135    30.750 55994.74158014  9.63 201.531523  64.463199  5.074 -100.00 -100.00 -100.00
 135    31.161 55994.74158073  9.57 201.537206  64.462259  5.244 -100.00 -100.00 -100.00
 135    32.015 55994.74158132  9.79 201.542889  64.461320  4.808 -100.00 -100.00 -100.00
 136    28.829 56004.65723203 12.07 201.527604  64.462392  9.341 -100.00 -100.00 -100.00
 136    29.841 56004.65723262 10.78 201.533287  64.461452  6.830 -100.00 -100.00 -100.00
 136    29.505 56004.65723321 13.00 201.538969  64.460513  8.707 -100.00 -100.00 -100.00
 136    29.224 56004.65723380 14.66 201.544651  64.459573 11.377 -100.00 -100.00 -100.00
 137    28.896 56014.57288063 12.80 201.526493  64.459827  9.937 -100.00 -100.00 -100.00
 137    28.640 56014.57288122 16.07 201.532175  64.458888 15.686 -100.00 -100.00 -100.00
 137    28.729 56014.57288181 19.20 201.537857  64.457949 21.006 -100.00 -100.00 -100.00
 137    29.065 56014.57288240 20.27 201.543538  64.457009 22.151 -100.00 -100.00 -100.00
 138    27.774 56024.48852551 18.90 201.520910  64.459314 21.298 -100.00 -100.00 -100.00
 138    28.177 56024.48852610 20.59 201.526592  64.458375 22.656 -100.00 -100.00 -100.00
 138    28.493 56024.48852669 21.42 201.532274  64.457436 27.957 -100.00 -100.00 -100.00
 138    28.442 56024.48852728 23.79 201.537955  64.456496   -100 -100.00 -100.00 -100.00
 139    28.007 56034.40416923 22.51 201.527242  64.459563   -100 -100.00 -100.00 -100.00
 139    28.348 56034.40416982 22.55 201.532924  64.458623   -100 -100.00 -100.00 -100.00
 139    28.658 56034.40417042 24.66 201.538605  64.457684   -100 -100.00 -100.00 -100.00
 140    30.453 56044.31980995 22.04 201.526191  64.462636 21.294 -100.00 -100.00 -100.00
 140    30.274 56044.31981054 22.90 201.531874  64.461697 20.458 -100.00 -100.00 -100.00
 140    31.183 56044.31981113 21.55 201.537556  64.460757 17.852 -100.00 -100.00 -100.00
 140    30.091 56044.31981172 23.08 201.543237  64.459818 23.930 -100.00 -100.00 -100.00
 142    34.305 56064.15108317 45.74 201.530163  64.464779   -100 -100.00 -100.00 -100.00
 142    34.244 56064.15108376 47.34 201.535846  64.463839   -100 -100.00 -100.00 -100.00
 142    34.089 56064.15108435 50.59 201.541529  64.462900   -100 -100.00 -100.00 -100.00
 142    34.337 56064.15108494 51.52 201.547212  64.461960   -100 -100.00 -100.00 -100.00
 143   173.068 56074.06672679  0.12 201.533114  64.462999  2.637 -100.00 -100.00 -100.00
 143   166.171 56074.06672738  0.61 201.538797  64.462060  3.818 -100.00 -100.00 -100.00
 146    33.534 56103.81366918 24.30 201.531953  64.462571 17.787 -100.00 -100.00 -100.00
 146    33.876 56103.81366977 24.83 201.537635  64.461632 16.155 -100.00 -100.00 -100.00
 146    33.868 56103.81367036 29.55 201.543318  64.460692 31.873 -100.00 -100.00 -100.00
 150    34.157 56143.47621149 17.15 201.524578  64.460052  8.121 -100.00 -100.00 -100.00
 150    34.126 56143.47621208 17.87 201.530260  64.459113  8.271 -100.00 -100.00 -100.00
 150    34.229 56143.47621267 17.16 201.535941  64.458174  6.633 -100.00 -100.00 -100.00
 150    34.211 56143.47621327 21.80 201.541623  64.457234 15.118 -100.00 -100.00 -100.00
 153    32.878 56173.22315849 34.03 201.531450  64.461660 26.050 -100.00 -100.00 -100.00
 153    32.353 56173.22315908 44.70 201.537133  64.460720   -100 -100.00 -100.00 -100.00
 153    32.372 56173.22315967 38.39 201.542815  64.459780   -100 -100.00 -100.00 -100.00
 154    32.908 56183.13880047 39.79 201.531163  64.461444 24.680 -100.00 -100.00 -100.00
 154    32.824 56183.13880106 51.82 201.536846  64.460504   -100 -100.00 -100.00 -100.00
 154    32.693 56183.13880165 46.94 201.542528  64.459564  8.926 -100.00 -100.00 -100.00
 161    30.095 56252.54829670 25.88 201.530426  64.463382 28.379 -100.00 -100.00 -100.00
 161    31.314 56252.54829729 26.67 201.536109  64.462443 15.623 -100.00 -100.00 -100.00
 161    30.449 56252.54829788 21.60 201.541791  64.461503 13.502 -100.00 -100.00 -100.00
 162    30.668 56262.46393987 25.89 201.528443  64.462627 23.209 -100.00 -100.00 -100.00
 162    30.895 56262.46394046 26.33 201.534126  64.461687 27.064 -100.00 -100.00 -100.00
 162    30.850 56262.46394105 20.23 201.539808  64.460748 10.869 -100.00 -100.00 -100.00
 162    30.584 56262.46394164 21.33 201.545490  64.459808 13.688 -100.00 -100.00 -100.00
 163    30.568 56272.37958149 18.56 201.531833  64.461985  9.173 -100.00 -100.00 -100.00
 163    30.469 56272.37958208 20.14 201.537516  64.461045 12.345 -100.00 -100.00 -100.00
 163    30.582 56272.37958267 19.34 201.543198  64.460105 10.867 -100.00 -100.00 -100.00
 164    30.063 56282.29522294 15.58 201.527128  64.463086  6.382 -100.00 -100.00 -100.00
 164    30.230 56282.29522353 15.53 201.532812  64.462146  7.130 -100.00 -100.00 -100.00
 164    30.218 56282.29522412 16.43 201.538495  64.461207  6.684 -100.00 -100.00 -100.00
 164    30.314 56282.29522471 15.55 201.544177  64.460267  5.384 -100.00 -100.00 -100.00
 165    29.965 56292.21087479 13.86 201.526271  64.462619  5.848 -100.00 -100.00 -100.00
 165    30.217 56292.21087538 13.47 201.531954  64.461680  5.413 -100.00 -100.00 -100.00
 165    30.197 56292.21087597 14.02 201.537637  64.460740  4.781 -100.00 -100.00 -100.00
 165    31.166 56292.21087657 14.31 201.543319  64.459800  6.173 -100.00 -100.00 -100.00
 166    29.955 56302.12652255 13.28 201.528177  64.460724  4.475 -100.00 -100.00 -100.00
 166    30.312 56302.12652314 14.19 201.533860  64.459784  4.635 -100.00 -100.00 -100.00
 166    30.195 56302.12652373 14.86 201.539542  64.458844  6.005 -100.00 -100.00 -100.00
 167    30.631 56312.04216531 14.36 201.522319  64.460061  3.888 -100.00 -100.00 -100.00
 167    31.160 56312.04216590 14.76 201.528002  64.459121  4.169 -100.00 -100.00 -100.00
 167    30.672 56312.04216649 14.97 201.533684  64.458182  4.005 -100.00 -100.00 -100.00
 167    32.678 56312.04216708 15.08 201.539366  64.457242  3.808 -100.00 -100.00 -100.00
 168    31.279 56321.95780679 13.66 201.525452  64.459133  3.883 -100.00 -100.00 -100.00
 168    31.100 56321.95780738 14.43 201.531135  64.458194  4.790 -100.00 -100.00 -100.00
 168    31.588 56321.95780797 14.42 201.536817  64.457254  4.346 -100.00 -100.00 -100.00
 168    31.469 56321.95780856 16.14 201.542499  64.456314  7.398 -100.00 -100.00 -100.00
 169    29.638 56331.87344737 14.38 201.525955  64.460159  6.791 -100.00 -100.00 -100.00
 169    28.915 56331.87344796 18.69 201.531638  64.459220 12.759 -100.00 -100.00 -100.00
 169    29.987 56331.87344855 15.44 201.537320  64.458280  7.226 -100.00 -100.00 -100.00
 169    29.062 56331.87344914 19.73 201.543002  64.457340 14.087 -100.00 -100.00 -100.00
 170    30.799 56341.78908758 15.04 201.527533  64.461397  8.227 -100.00 -100.00 -100.00
 170    29.149 56341.78908817 16.93 201.533216  64.460458  9.561 -100.00 -100.00 -100.00
 170    28.837 56341.78908876 19.43 201.538898  64.459518 14.905 -100.00 -100.00 -100.00
 170    29.372 56341.78908935 18.65 201.544580  64.458578 10.954 -100.00 -100.00 -100.00
 171    28.245 56351.70472560 17.93 201.529554  64.462052 12.897 -100.00 -100.00 -100.00
 171    28.133 56351.70472619 21.46 201.535237  64.461113 21.560 -100.00 -100.00 -100.00
 171    28.695 56351.70472678 18.75 201.540920  64.460173 13.941 -100.00 -100.00 -100.00
 172    27.879 56361.62036560 20.71 201.529810  64.461550 17.843 -100.00 -100.00 -100.00
 172    28.239 56361.62036619 21.26 201.535492  64.460611 18.480 -100.00 -100.00 -100.00
 172    28.979 56361.62036678 19.20 201.541174  64.459672 13.172 -100.00 -100.00 -100.00
 173    28.098 56371.53601496 20.98 201.527590  64.460506 20.297 -100.00 -100.00 -100.00
 173    28.587 56371.53601555 19.78 201.533272  64.459567 16.997 -100.00 -100.00 -100.00
 173    28.527 56371.53601614 20.63 201.538954  64.458628 18.311 -100.00 -100.00 -100.00
 173    28.880 56371.53601673 22.86 201.544635  64.457688 23.975 -100.00 -100.00 -100.00
 175    27.509 56391.36730618 20.36 201.526661  64.461461 22.133 -100.00 -100.00 -100.00
 175    28.126 56391.36730677 20.08 201.532343  64.460521 19.649 -100.00 -100.00 -100.00
 175    28.306 56391.36730736 20.12 201.538025  64.459582 20.208 -100.00 -100.00 -100.00
 175    28.468 56391.36730795 21.24 201.543706  64.458642 22.560 -100.00 -100.00 -100.00
 176    28.896 56401.28294914 16.40 201.528136  64.462961 12.929 -100.00 -100.00 -100.00
 176    28.696 56401.28294973 18.03 201.533819  64.462021 13.981 -100.00 -100.00 -100.00
 176    28.243 56401.28295032 22.53 201.539501  64.461082 29.133 -100.00 -100.00 -100.00
 176    28.753 56401.28295091 19.96 201.545183  64.460141 18.917 -100.00 -100.00 -100.00
 178    30.170 56421.11422495 19.59 201.532272  64.463897 21.177 -100.00 -100.00 -100.00
 178    29.263 56421.11422554 22.95 201.537955  64.462958 23.940 -100.00 -100.00 -100.00
 178    28.987 56421.11422613 21.86 201.543638  64.462018 29.400 -100.00 -100.00 -100.00
 179    29.808 56431.02986323 27.28 201.529368  64.464046   -100 -100.00 -100.00 -100.00
 179    29.699 56431.02986382 26.04 201.535051  64.463107 27.647 -100.00 -100.00 -100.00
 179    30.645 56431.02986441 24.56 201.540734  64.462167 20.031 -100.00 -100.00 -100.00
 179    30.914 56431.02986500 21.79 201.546417  64.461227 18.085 -100.00 -100.00 -100.00
 182    36.244 56460.77681486 41.79 201.527742  64.462079 19.307 -100.00 -100.00 -100.00
 182    36.060 56460.77681545 46.14 201.533425  64.461139 26.178 -100.00 -100.00 -100.00
 182    35.654 56460.77681604 49.09 201.539107  64.460199   -100 -100.00 -100.00 -100.00
 182    35.361 56460.77681663 51.67 201.544788  64.459259  7.137 -100.00 -100.00 -100.00
 184    33.495 56480.60810079 38.83 201.524440  64.460571 25.012 -100.00 -100.00 -100.00
 184    33.222 56480.60810138 40.04 201.530122  64.459631   -100 -100.00 -100.00 -100.00
 184    33.062 56480.60810197 32.76 201.535803  64.458692 18.957 -100.00 -100.00 -100.00
 184    32.824 56480.60810256 32.35 201.541485  64.457752 18.955 -100.00 -100.00 -100.00
 185    32.953 56490.52373835 24.03 201.527104  64.459868 16.716 -100.00 -100.00 -100.00
 185    33.477 56490.52373894 24.62 201.532786  64.458928 17.244 -100.00 -100.00 -100.00
 185    33.852 56490.52373953 24.43 201.538467  64.457989 13.760 -100.00 -100.00 -100.00
 185    34.018 56490.52374013 29.72 201.544148  64.457049 26.398 -100.00 -100.00 -100.00
 186    33.281 56500.43937298 32.09 201.527009  64.460704 22.103 -100.00 -100.00 -100.00
 186    32.789 56500.43937357 35.14 201.532691  64.459765   -100 -100.00 -100.00 -100.00
 186    32.491 56500.43937416 28.27 201.538373  64.458825   -100 -100.00 -100.00 -100.00
 186    33.744 56500.43937475 30.35 201.544054  64.457886   -100 -100.00 -100.00 -100.00
 188    32.211 56520.27064968 40.02 201.531326  64.462097 24.331 -100.00 -100.00 -100.00
 188    32.092 56520.27065027 46.10 201.537009  64.461158   -100 -100.00 -100.00 -100.00
 188    32.117 56520.27065087 53.30 201.542691  64.460218  9.917 -100.00 -100.00 -100.00
 190    33.016 56540.10195241 20.16 201.529518  64.461087 10.855 -100.00 -100.00 -100.00
 190    33.310 56540.10195300 21.23 201.535201  64.460148 13.741 -100.00 -100.00 -100.00
 190    33.027 56540.10195359 24.73 201.540883  64.459208 23.586 -100.00 -100.00 -100.00
 191    32.071 56550.01759800 54.70 201.533358  64.459931 11.307 -100.00 -100.00 -100.00
 191    32.101 56550.01759859 52.76 201.539041  64.458991  8.310 -100.00 -100.00 -100.00
 191    31.887 56550.01759918 56.30 201.544723  64.458051   -100 -100.00 -100.00 -100.00
 197    29.214 56609.51145586 40.75 201.531354  64.462525   -100 -100.00 -100.00 -100.00
 197    29.451 56609.51145645 40.68 201.537036  64.461586   -100 -100.00 -100.00 -100.00
 197    29.221 56609.51145704 42.81 201.542719  64.460646  7.242 -100.00 -100.00 -100.00
 198    30.188 56619.42710147 37.04 201.529612  64.462719 28.628 -100.00 -100.00 -100.00
 198    29.960 56619.42710206 37.86 201.535295  64.461780 32.141 -100.00 -100.00 -100.00
 198    29.992 56619.42710265 36.93 201.540978  64.460840   -100 -100.00 -100.00 -100.00
 199    30.054 56629.34274429 31.42 201.532497  64.462573 25.527 -100.00 -100.00 -100.00
 199    30.402 56629.34274488 32.05 201.538179  64.461633 22.103 -100.00 -100.00 -100.00
 199    30.518 56629.34274547 30.76 201.543862  64.460693 19.765 -100.00 -100.00 -100.00
 200    30.383 56639.25838352 23.45 201.531244  64.462603  8.962 -100.00 -100.00 -100.00
 200    30.170 56639.25838411 25.12 201.536927  64.461663 12.440 -100.00 -100.00 -100.00
 200    30.233 56639.25838471 24.05 201.542610  64.460723  9.600 -100.00 -100.00 -100.00
 201    30.212 56649.17402827 20.22 201.528968  64.461395  7.852 -100.00 -100.00 -100.00
 201    30.342 56649.17402886 20.80 201.534651  64.460456  9.928 -100.00 -100.00 -100.00
 201    30.531 56649.17402945 19.31 201.540334  64.459516  6.768 -100.00 -100.00 -100.00
 202    30.484 56659.08967901 16.71 201.522830  64.460222  6.200 -100.00 -100.00 -100.00
 202    30.347 56659.08967960 17.13 201.528513  64.459283  6.995 -100.00 -100.00 -100.00
 202    30.678 56659.08968019 16.93 201.534196  64.458343  6.275 -100.00 -100.00 -100.00
 202    30.767 56659.08968078 17.31 201.539879  64.457403  6.640 -100.00 -100.00 -100.00
 203    30.090 56669.00532641 16.58 201.523256  64.459484  5.143 -100.00 -100.00 -100.00
 203    30.406 56669.00532700 16.92 201.528939  64.458545  6.123 -100.00 -100.00 -100.00
 203    30.606 56669.00532759 16.89 201.534622  64.457605  5.929 -100.00 -100.00 -100.00
 203    30.863 56669.00532818 16.97 201.540304  64.456665  5.339 -100.00 -100.00 -100.00
 204    29.747 56678.92097140 15.84 201.524482  64.460665  5.974 -100.00 -100.00 -100.00
 204    30.197 56678.92097199 15.30 201.530165  64.459726  4.821 -100.00 -100.00 -100.00
 204    30.891 56678.92097258 15.43 201.535848  64.458786  4.861 -100.00 -100.00 -100.00
 204    30.972 56678.92097317 15.47 201.541530  64.457846  4.578 -100.00 -100.00 -100.00
 205    30.045 56688.83661491 14.30 201.525720  64.462210  4.745 -100.00 -100.00 -100.00
 205    30.219 56688.83661550 14.80 201.531403  64.461271  5.532 -100.00 -100.00 -100.00
 205    30.733 56688.83661609 15.03 201.537086  64.460331  5.173 -100.00 -100.00 -100.00
 205    31.176 56688.83661668 15.91 201.542768  64.459391  5.624 -100.00 -100.00 -100.00
 206    30.217 56698.75225624 14.83 201.529848  64.462079  3.671 -100.00 -100.00 -100.00
 206    30.858 56698.75225683 15.09 201.535531  64.461139  3.778 -100.00 -100.00 -100.00
 206    31.257 56698.75225742 15.43 201.541213  64.460200  3.759 -100.00 -100.00 -100.00
 207    30.160 56708.66789217 14.79 201.525646  64.462125  4.880 -100.00 -100.00 -100.00
 207    30.371 56708.66789276 14.44 201.531329  64.461186  4.300 -100.00 -100.00 -100.00
 207    30.710 56708.66789335 14.94 201.537012  64.460247  4.557 -100.00 -100.00 -100.00
 207    31.404 56708.66789394 16.96 201.542694  64.459307  8.079 -100.00 -100.00 -100.00
 208    29.892 56718.58353132 13.71 201.528607  64.460725  4.593 -100.00 -100.00 -100.00
 208    30.394 56718.58353191 14.88 201.534289  64.459786  6.096 -100.00 -100.00 -100.00
 208    29.169 56718.58353250 20.37 201.539971  64.458846 13.544 -100.00 -100.00 -100.00
 210    28.794 56738.41483259 17.19 201.530749  64.461404 10.401 -100.00 -100.00 -100.00
 210    29.772 56738.41483318 17.58 201.536431  64.460464 10.310 -100.00 -100.00 -100.00
 210    28.737 56738.41483377 21.41 201.542112  64.459524 18.018 -100.00 -100.00 -100.00
 211    29.624 56748.33047741 16.54 201.532516  64.463040  9.949 -100.00 -100.00 -100.00
 211    30.096 56748.33047800 16.27 201.538198  64.462101  8.870 -100.00 -100.00 -100.00
 211    30.810 56748.33047859 15.27 201.543880  64.461160  6.904 -100.00 -100.00 -100.00
 212    29.684 56758.24611775 16.20 201.534776  64.463658  9.769 -100.00 -100.00 -100.00
 212    30.328 56758.24611834 16.42 201.540459  64.462719  9.824 -100.00 -100.00 -100.00
 212    31.203 56758.24611893 15.70 201.546141  64.461779  8.627 -100.00 -100.00 -100.00
 213    28.933 56768.16175150 34.02 201.530940  64.464206   -100 -100.00 -100.00 -100.00
 213    29.378 56768.16175209 33.83 201.536623  64.463266   -100 -100.00 -100.00 -100.00
 213    29.628 56768.16175268 31.01 201.542306  64.462327 27.927 -100.00 -100.00 -100.00
 215    33.717 56787.99305373 42.13 201.528548  64.461978 24.450 -100.00 -100.00 -100.00
 215    33.300 56787.99305432 45.09 201.534231  64.461038   -100 -100.00 -100.00 -100.00
 215    33.003 56787.99305491 50.45 201.539913  64.460098 16.013 -100.00 -100.00 -100.00
 215    33.182 56787.99305550 52.20 201.545595  64.459158  3.549 -100.00 -100.00 -100.00
 222    34.190 56857.40254898 30.72 201.526562  64.461188 27.360 -100.00 -100.00 -100.00
 222    34.068 56857.40254957 32.32 201.532244  64.460249 28.105 -100.00 -100.00 -100.00
 222    33.867 56857.40255016 32.06 201.537926  64.459309 30.615 -100.00 -100.00 -100.00
 222    33.506 56857.40255076 33.41 201.543607  64.458370   -100 -100.00 -100.00 -100.00
 223    35.700 56867.31820263 38.93 201.530618  64.462096 14.730 -100.00 -100.00 -100.00
 223    34.734 56867.31820322 39.59 201.536300  64.461156 24.446 -100.00 -100.00 -100.00
 223    34.005 56867.31820381 48.06 201.541982  64.460217   -100 -100.00 -100.00 -100.00
 226    34.407 56897.06514930 18.42 201.532727  64.458938 10.584 -100.00 -100.00 -100.00
 226    33.743 56897.06514989 19.49 201.538409  64.457998  9.967 -100.00 -100.00 -100.00
 226    33.923 56897.06515048 26.21 201.544091  64.457058 22.269 -100.00 -100.00 -100.00
 230    32.106 56936.72770811 37.32 201.536845  64.464399 29.488 -100.00 -100.00 -100.00
 230    31.737 56936.72770870 32.66 201.542528  64.463459 31.508 -100.00 -100.00 -100.00
 231    31.759 56946.64333817 40.06 201.535097  64.464385 20.271 -100.00 -100.00 -100.00
 231    31.253 56946.64333876 46.36 201.540780  64.463446   -100 -100.00 -100.00 -100.00
 231    30.864 56946.64333935 51.60 201.546463  64.462506 26.524 -100.00 -100.00 -100.00
 233    30.954 56966.47464067 39.09 201.529694  64.461182 22.526 -100.00 -100.00 -100.00
 233    30.742 56966.47464126 42.02 201.535376  64.460242 29.812 -100.00 -100.00 -100.00
 233    30.264 56966.47464185 47.48 201.541058  64.459303 11.056 -100.00 -100.00 -100.00
 234    30.098 56976.39028484 36.37 201.526671  64.462303 28.628 -100.00 -100.00 -100.00
 234    30.209 56976.39028543 37.54 201.532354  64.461363 26.481 -100.00 -100.00 -100.00
 234    30.215 56976.39028602 41.23 201.538036  64.460424 28.144 -100.00 -100.00 -100.00
 234    30.040 56976.39028661 44.06 201.543718  64.459484   -100 -100.00 -100.00 -100.00
 235    32.057 56986.30592514 38.06 201.530641  64.463102 20.766 -100.00 -100.00 -100.00
 235    32.063 56986.30592573 41.26 201.536324  64.462162 22.705 -100.00 -100.00 -100.00
 235    32.234 56986.30592632 46.36 201.542006  64.461222 30.436 -100.00 -100.00 -100.00
 236    30.947 56996.22155921 28.27 201.528641  64.463868 16.357 -100.00 -100.00 -100.00
 236    31.372 56996.22155980 27.72 201.534325  64.462929 14.995 -100.00 -100.00 -100.00
 236    31.284 56996.22156039 28.48 201.540008  64.461989 18.514 -100.00 -100.00 -100.00
 236    31.234 56996.22156098 28.10 201.545691  64.461050 16.409 -100.00 -100.00 -100.00
 237    30.549 57006.13720304 20.78 201.527551  64.462185 14.242 -100.00 -100.00 -100.00
 237    30.561 57006.13720363 22.02 201.533234  64.461246 15.150 -100.00 -100.00 -100.00
 237    30.548 57006.13720422 21.48 201.538917  64.460306 14.847 -100.00 -100.00 -100.00
 237    30.821 57006.13720481 21.04 201.544600  64.459366 13.677 -100.00 -100.00 -100.00
 238    30.106 57016.05285741 18.66 201.524430  64.459882 11.055 -100.00 -100.00 -100.00
 238    30.776 57016.05285801 17.13 201.530113  64.458943  7.615 -100.00 -100.00 -100.00
 238    30.621 57016.05285860 19.12 201.535796  64.458003 10.687 -100.00 -100.00 -100.00
 238    30.998 57016.05285919 17.92 201.541478  64.457063  9.394 -100.00 -100.00 -100.00
 239    30.275 57025.96850762 13.11 201.520500  64.459731  6.576 -100.00 -100.00 -100.00
 239    30.531 57025.96850821 13.18 201.526183  64.458792  6.311 -100.00 -100.00 -100.00
 239    31.222 57025.96850880 12.91 201.531866  64.457853  5.869 -100.00 -100.00 -100.00
 239    30.713 57025.96850940 14.58 201.537548  64.456913  8.674 -100.00 -100.00 -100.00
 239    31.821 57025.96850999 13.55 201.543230  64.455973  6.184 -100.00 -100.00 -100.00
 240    30.857 57035.88415672 11.45 201.526926  64.460470  5.867 -100.00 -100.00 -100.00
 240    31.369 57035.88415731 11.07 201.532609  64.459530  4.846 -100.00 -100.00 -100.00
 240    31.348 57035.88415790 11.48 201.538291  64.458590  4.566 -100.00 -100.00 -100.00
 240    31.974 57035.88415849 11.44 201.543973  64.457650  5.260 -100.00 -100.00 -100.00
 241    30.651 57045.79980263 11.16 201.527650  64.462536  5.075 -100.00 -100.00 -100.00
 241    30.890 57045.79980322 11.07 201.533333  64.461596  5.089 -100.00 -100.00 -100.00
 241    32.141 57045.79980381 10.87 201.539016  64.460656  4.465 -100.00 -100.00 -100.00
 241    32.796 57045.79980440 11.39 201.544698  64.459716  5.718 -100.00 -100.00 -100.00
 242    30.174 57055.71544534 11.33 201.528154  64.463297  5.476 -100.00 -100.00 -100.00
 242    30.895 57055.71544593 11.42 201.533837  64.462357  5.016 -100.00 -100.00 -100.00
 242    31.624 57055.71544652 10.87 201.539520  64.461418  4.359 -100.00 -100.00 -100.00
 242    32.232 57055.71544711 11.04 201.545202  64.460478  4.338 -100.00 -100.00 -100.00
 243    30.704 57065.63108334 11.05 201.531191  64.461723  4.638 -100.00 -100.00 -100.00
 243    30.910 57065.63108394 10.78 201.536874  64.460784  4.335 -100.00 -100.00 -100.00
 243    31.323 57065.63108453 10.96 201.542556  64.459844  4.109 -100.00 -100.00 -100.00
 244    29.496 57075.54671604 15.80 201.527560  64.461554 11.364 -100.00 -100.00 -100.00
 244    28.928 57075.54671663 17.34 201.533243  64.460615 14.217 -100.00 -100.00 -100.00
 244    29.140 57075.54671722 21.93 201.538925  64.459675 25.181 -100.00 -100.00 -100.00
 244    29.121 57075.54671781 21.38 201.544606  64.458736 23.255 -100.00 -100.00 -100.00
 245    28.482 57085.46234601 17.60 201.529492  64.462115 14.130 -100.00 -100.00 -100.00
 245    28.649 57085.46234660 20.31 201.535175  64.461175 18.293 -100.00 -100.00 -100.00
 245    28.951 57085.46234719 21.75 201.540857  64.460236 22.705 -100.00 -100.00 -100.00
 246    29.864 57095.37800194 14.01 201.531940  64.463181  7.424 -100.00 -100.00 -100.00
 246    29.946 57095.37800253 15.13 201.537622  64.462241  8.974 -100.00 -100.00 -100.00
 246    31.005 57095.37800312 13.04 201.543305  64.461301  5.790 -100.00 -100.00 -100.00
 247    28.159 57105.29365855 18.27 201.535661  64.463993 14.961 -100.00 -100.00 -100.00
 247    28.415 57105.29365914 21.81 201.541344  64.463053 24.491 -100.00 -100.00 -100.00
 247    28.652 57105.29365973 20.79 201.547026  64.462113 20.617 -100.00 -100.00 -100.00
 248    28.094 57115.20931037 19.70 201.535416  64.464351 18.939 -100.00 -100.00 -100.00
 248    28.460 57115.20931096 18.68 201.541099  64.463411 15.020 -100.00 -100.00 -100.00
 248    28.856 57115.20931156 19.26 201.546781  64.462471 16.482 -100.00 -100.00 -100.00
 249    29.201 57125.12495598 17.28 201.533957  64.463121  9.340 -100.00 -100.00 -100.00
 249    28.834 57125.12495657 18.86 201.539640  64.462181 12.373 -100.00 -100.00 -100.00
 249    28.845 57125.12495716 18.97 201.545322  64.461241 11.726 -100.00 -100.00 -100.00
 250    28.309 57135.04059626 17.21 201.531628  64.461652 24.208 -100.00 -100.00 -100.00
 250    28.750 57135.04059685 18.47 201.537311  64.460713 27.028 -100.00 -100.00 -100.00
 250    28.765 57135.04059744 20.95 201.542993  64.459773   -100 -100.00 -100.00 -100.00
 254    34.481 57174.70316158 22.42 201.533274  64.462578 18.282 -100.00 -100.00 -100.00
 254    34.654 57174.70316217 22.81 201.538956  64.461639 18.358 -100.00 -100.00 -100.00
 254    34.936 57174.70316276 27.30 201.544638  64.460699 24.703 -100.00 -100.00 -100.00
 256    31.926 57194.53446470 36.58 201.536499  64.458023   -100 -100.00 -100.00 -100.00
 256    32.117 57194.53446529 36.45 201.542180  64.457083 31.373 -100.00 -100.00 -100.00
 259    33.325 57224.28138813 40.32 201.527512  64.462447 18.674 -100.00 -100.00 -100.00
 259    33.300 57224.28138872 42.31 201.533195  64.461507 20.984 -100.00 -100.00 -100.00
 259    32.552 57224.28138931 54.77 201.538877  64.460568   -100 -100.00 -100.00 -100.00
 259    32.369 57224.28138990 54.55 201.544559  64.459628 14.145 -100.00 -100.00 -100.00
 261    32.522 57244.11266927 32.34 201.532052  64.462516 25.161 -100.00 -100.00 -100.00
 261    32.627 57244.11266986 35.59 201.537735  64.461577   -100 -100.00 -100.00 -100.00
 261    32.406 57244.11267045 28.64 201.543417  64.460637 20.546 -100.00 -100.00 -100.00
 262    35.231 57254.02830527 16.19 201.528607  64.462131  8.132 -100.00 -100.00 -100.00
 262    34.682 57254.02830586 16.53 201.534291  64.461192  7.725 -100.00 -100.00 -100.00
 262    33.266 57254.02830645 16.75 201.539973  64.460252  9.349 -100.00 -100.00 -100.00
 262    34.161 57254.02830704 16.36 201.545656  64.459312  7.947 -100.00 -100.00 -100.00
 264    34.715 57273.85957917 37.57 201.530722  64.464221 16.224 -100.00 -100.00 -100.00
 264    33.623 57273.85957976 44.23 201.536406  64.463281   -100 -100.00 -100.00 -100.00
 264    33.428 57273.85958035 44.99 201.542089  64.462342 11.953 -100.00 -100.00 -100.00
 265    33.059 57283.77523689 22.90 201.534991  64.464782 10.180 -100.00 -100.00 -100.00
 265    32.608 57283.77523748 24.58 201.540675  64.463843 14.032 -100.00 -100.00 -100.00
 265    32.813 57283.77523807 25.63 201.546358  64.462903 16.904 -100.00 -100.00 -100.00
 266    33.161 57293.69089142 37.67 201.533766  64.464793 25.008 -100.00 -100.00 -100.00
 266    32.838 57293.69089201 43.56 201.539449  64.463854   -100 -100.00 -100.00 -100.00
 266    32.643 57293.69089260 45.99 201.545132  64.462914   -100 -100.00 -100.00 -100.00
 267    35.241 57303.60654266 16.67 201.533934  64.462994  6.156 -100.00 -100.00 -100.00
 267    34.388 57303.60654325 17.08 201.539616  64.462054  5.839 -100.00 -100.00 -100.00
 267    35.660 57303.60654384 17.20 201.545299  64.461114  6.788 -100.00 -100.00 -100.00
 269    30.725 57323.43783338 27.94 201.527363  64.460760   -100 -100.00 -100.00 -100.00
 269    30.599 57323.43783397 23.61 201.533046  64.459821 18.400 -100.00 -100.00 -100.00
 269    30.322 57323.43783456 24.04 201.538727  64.458881 21.103 -100.00 -100.00 -100.00
 269    32.422 57323.43783515 26.44 201.544409  64.457941 29.030 -100.00 -100.00 -100.00
 270    30.126 57333.35347514 47.68 201.526023  64.461383 12.172 -100.00 -100.00 -100.00
 270    30.217 57333.35347573 47.60 201.531706  64.460443 10.007 -100.00 -100.00 -100.00
 270    30.395 57333.35347632 49.33 201.537388  64.459503   -100 -100.00 -100.00 -100.00
 270    30.133 57333.35347691 50.37 201.543070  64.458563 20.333 -100.00 -100.00 -100.00
 271    29.705 57343.26911521 38.43 201.528147  64.462212 27.430 -100.00 -100.00 -100.00
 271    30.040 57343.26911580 40.53 201.533830  64.461272 24.158 -100.00 -100.00 -100.00
 271    29.853 57343.26911639 44.64 201.539513  64.460333   -100 -100.00 -100.00 -100.00
 271    29.662 57343.26911699 42.13 201.545195  64.459393   -100 -100.00 -100.00 -100.00
 272    30.276 57353.18476816 29.53 201.529100  64.461478 23.609 -100.00 -100.00 -100.00
 272    30.267 57353.18476875 26.48 201.534782  64.460538 21.684 -100.00 -100.00 -100.00
 272    30.358 57353.18476934 26.03 201.540465  64.459599 18.716 -100.00 -100.00 -100.00
 273    30.509 57363.10041173 19.14 201.524049  64.461350 10.579 -100.00 -100.00 -100.00
 273    30.390 57363.10041232 19.30 201.529732  64.460411 10.313 -100.00 -100.00 -100.00
 273    30.691 57363.10041291 21.35 201.535415  64.459471 14.525 -100.00 -100.00 -100.00
 273    30.821 57363.10041350 20.76 201.541097  64.458531 13.342 -100.00 -100.00 -100.00
 274    30.618 57373.01605288 18.89 201.527218  64.459617 10.110 -100.00 -100.00 -100.00
 274    30.680 57373.01605347 20.81 201.532900  64.458677 16.373 -100.00 -100.00 -100.00
 274    30.959 57373.01605406 21.17 201.538583  64.457738 17.237 -100.00 -100.00 -100.00
 275    31.056 57382.93169168 15.75 201.525768  64.460032  9.699 -100.00 -100.00 -100.00
 275    31.028 57382.93169227 16.87 201.531451  64.459092 11.341 -100.00 -100.00 -100.00
 275    31.395 57382.93169286 15.99 201.537133  64.458152  9.422 -100.00 -100.00 -100.00
 275    31.359 57382.93169345 16.93 201.542816  64.457212 10.649 -100.00 -100.00 -100.00
 276    30.832 57392.84733036 15.15 201.527950  64.461160  9.056 -100.00 -100.00 -100.00
 276    31.232 57392.84733095 14.68 201.533633  64.460220  7.719 -100.00 -100.00 -100.00
 276    31.135 57392.84733154 14.02 201.539316  64.459280  7.257 -100.00 -100.00 -100.00
 276    31.476 57392.84733213 14.39 201.544998  64.458340  7.998 -100.00 -100.00 -100.00
 277    30.635 57402.76296811 13.48 201.530359  64.462815  5.642 -100.00 -100.00 -100.00
 277    30.966 57402.76296870 13.49 201.536043  64.461876  6.154 -100.00 -100.00 -100.00
 277    30.809 57402.76296929 15.27 201.541725  64.460936  9.045 -100.00 -100.00 -100.00
 278    30.802 57412.67861208 12.07 201.530718  64.463563  4.954 -100.00 -100.00 -100.00
 278    30.817 57412.67861267 13.95 201.536401  64.462624  8.330 -100.00 -100.00 -100.00
 278    31.289 57412.67861326 12.59 201.542084  64.461685  5.777 -100.00 -100.00 -100.00
 279    30.625 57422.59426370 12.79 201.528645  64.463129  5.650 -100.00 -100.00 -100.00
 279    30.285 57422.59426429 14.33 201.534328  64.462190  7.696 -100.00 -100.00 -100.00
 279    30.892 57422.59426488 13.80 201.540011  64.461251  7.322 -100.00 -100.00 -100.00
 279    32.171 57422.59426547 12.52 201.545693  64.460311  5.380 -100.00 -100.00 -100.00
 280    30.902 57432.50991286 11.31 201.529756  64.462116  4.986 -100.00 -100.00 -100.00
 280    30.868 57432.50991345 12.42 201.535438  64.461177  6.003 -100.00 -100.00 -100.00
 280    31.260 57432.50991404 12.90 201.541120  64.460237  6.830 -100.00 -100.00 -100.00
 281    30.348 57442.42555982 12.28 201.528502  64.462466  7.023 -100.00 -100.00 -100.00
 281    30.961 57442.42556041 12.47 201.534184  64.461526  7.307 -100.00 -100.00 -100.00
 281    31.546 57442.42556100 11.93 201.539866  64.460586  6.194 -100.00 -100.00 -100.00
 281    32.001 57442.42556159 11.85 201.545548  64.459646  5.164 -100.00 -100.00 -100.00
 282    30.228 57452.34120605 10.83 201.528153  64.463604  4.912 -100.00 -100.00 -100.00
 282    30.511 57452.34120664 11.18 201.533836  64.462665  6.117 -100.00 -100.00 -100.00
 282    31.375 57452.34120723 10.81 201.539518  64.461725  5.375 -100.00 -100.00 -100.00
 282    31.621 57452.34120782 11.11 201.545200  64.460785  5.106 -100.00 -100.00 -100.00
 283    30.657 57462.25685119 10.67 201.533045  64.463740  4.521 -100.00 -100.00 -100.00
 283    30.815 57462.25685178 10.66 201.538728  64.462800  4.062 -100.00 -100.00 -100.00
 283    31.324 57462.25685237 10.93 201.544410  64.461860  4.604 -100.00 -100.00 -100.00
 284    30.426 57472.17249232 10.18 201.532651  64.463854  4.659 -100.00 -100.00 -100.00
 284    30.618 57472.17249292  9.91 201.538334  64.462915  4.733 -100.00 -100.00 -100.00
 284    31.079 57472.17249351 10.65 201.544017  64.461975  4.796 -100.00 -100.00 -100.00
 285    29.669 57482.08812967 13.72 201.532431  64.463096  6.364 -100.00 -100.00 -100.00
 285    29.654 57482.08813026 15.88 201.538114  64.462157  9.175 -100.00 -100.00 -100.00
 285    30.306 57482.08813085 14.78 201.543797  64.461217  6.961 -100.00 -100.00 -100.00
 287    29.996 57501.91939606 29.75 201.529826  64.462689   -100 -100.00 -100.00 -100.00
 287    30.277 57501.91939665 31.02 201.535510  64.461750   -100 -100.00 -100.00 -100.00
 287    30.600 57501.91939724 30.00 201.541193  64.460811   -100 -100.00 -100.00 -100.00
 291    33.547 57541.58200339 22.80 201.526607  64.460795 15.693 -100.00 -100.00 -100.00
 291    33.509 57541.58200398 23.37 201.532289  64.459855 17.162 -100.00 -100.00 -100.00
 291    33.682 57541.58200457 22.80 201.537970  64.458916 12.644 -100.00 -100.00 -100.00
 291    33.797 57541.58200516 28.51 201.543651  64.457976 25.543 -100.00 -100.00 -100.00
 293    32.978 57561.41329584 35.04 201.531177  64.459595   -100 -100.00 -100.00 -100.00
 293    32.654 57561.41329643 28.08 201.536859  64.458655 24.854 -100.00 -100.00 -100.00
 293    32.721 57561.41329702 29.58 201.542540  64.457715 26.557 -100.00 -100.00 -100.00
