# NaN NaN NaN ;Mean Elev.(m), Avg Gradient(m/km), RMS Gradient(m/km) - SRTM1     
#   54.740  -1.768   6.629 ;Mean Elev.(m), Avg Gradient(m/km), RMS Gradient(m/km) - ASTER GDEM
#   66.000  -0.980   9.005 ;Mean Elev.(m), Avg Gradient(m/km), RMS Gradient(m/km) - GMTED2010 
   2 208.178842  65.097412    64.319    64.319  2 54673.84939891 45.857
   4 208.174347  65.098963    64.785    64.785  2 54693.68068404 48.023
   6 208.179407  65.096289    64.185    64.185  2 54713.51197376 48.768
   8 208.182693  65.094984    63.668    63.668  2 54733.34327302 38.097
  10 208.177600  65.097209    63.090    63.090  2 54753.17456629 42.891
  11 208.180485  65.097195    62.948    62.948  2 54763.09021273 39.332
  12 208.184083  65.095659    63.790    63.790  2 54773.00585659 36.331
  13 208.188504  65.094628    64.000    64.000  2 54782.92149773 26.050
  14 208.189084  65.094699    63.984    63.984  2 54792.83713624 22.730
  16 208.182272  65.096680    69.098    69.098  2 54812.66841024 20.547
  17 208.181228  65.096840    66.326    66.326  2 54822.58405282 19.225
  18 208.180757  65.096357    69.967    69.967  2 54832.49969306 17.692
  19 208.182761  65.096946    64.076    64.076  2 54842.41534340 18.270
  24 208.181151  65.096946    66.982    66.982  2 54891.99357967 14.568
  25 208.185058  65.095181    69.985    69.985  2 54901.90922050 12.440
  26 208.185556  65.095444    71.904    71.904  2 54911.82485952 11.190
  27 208.182988  65.096821    68.151    68.151  2 54921.74049726 11.671
  28 208.180216  65.097454    64.146    64.146  2 54931.65613425 27.468
  29 208.179811  65.096124    63.783    63.783  2 54941.57176978 33.313
  30 208.189250  65.094740    64.182    64.182  2 54951.48740451 45.660
  32 208.190621  65.094198    64.342    64.342  2 54971.31869465 34.002
  37 208.181986  65.097009    64.487    64.487  2 55020.89692433 49.372
  39 208.174371  65.098350    63.811    63.811  2 55040.72820790 48.855
  41 208.178202  65.097751    63.563    63.563  2 55060.55948664 47.196
  42 208.185906  65.096011    64.505    64.505  2 55070.47512855 45.687
  43 208.188149  65.094374    64.826    64.826  2 55080.39077781 50.301
  47 208.179266  65.097027    63.205    63.205  2 55120.05336128 45.479
  48 208.184454  65.095392   127.223   127.223  2 55129.96900335  9.240
  49 208.187895  65.093792    66.936    66.936  2 55139.88464324 27.698
  50 208.186895  65.093953    63.255    63.255  2 55149.80028176 35.183
  51 208.182835  65.095524    71.772    71.772  2 55159.71591983 23.245
  52 208.181544  65.097216    72.867    72.867  2 55169.63155778 20.432
  53 208.181728  65.097564    72.026    72.026  2 55179.54719462 20.780
  54 208.181592  65.096939    72.764    72.764  2 55189.46284125 19.527
  57 208.175495  65.098783    63.296    63.296  2 55219.20979030 19.843
  58 208.173733  65.098612    63.265    63.265  2 55229.12543854 19.127
  59 208.180175  65.098072    63.210    63.210  2 55239.04108436 20.609
  60 208.182211  65.096030    63.228    63.228  2 55248.95672609 21.048
  61 208.188418  65.095316    63.558    63.558  2 55258.87236589 18.703
  62 208.186946  65.095204    63.449    63.449  2 55268.78800425 17.501
  63 208.184996  65.096206    63.284    63.284  2 55278.70364237 18.660
  65 208.183052  65.095864    63.643    63.643  2 55298.53491366 36.230
  66 208.185779  65.094555    63.494    63.494  2 55308.45055690 47.567
  70 208.180639  65.097123    63.648    63.648  2 55348.11313650 49.196
  74 208.178376  65.097150    64.422    64.422  2 55387.77569563 33.029
  77 208.182365  65.096329    64.402    64.402  2 55417.52262775 48.318
  78 208.183068  65.094889    64.125    64.125  2 55427.43827526 38.866
  79 208.188389  65.094921    63.882    63.882  2 55437.35392063 47.102
  80 208.184975  65.095074    63.958    63.958  2 55447.26956391 49.343
  81 208.182977  65.095872    64.142    64.142  2 55457.18520702 50.507
  82 208.183856  65.096554    63.306    63.306  2 55467.10084971 47.281
  83 208.183245  65.095696    63.196    63.196  2 55477.01648894 47.068
  84 208.185733  65.094582    62.825    62.825  2 55486.93212525 35.209
  85 208.188763  65.093960   110.455   110.455  2 55496.84775941 21.665
  86 208.184199  65.094110    63.631    63.631  2 55506.76339522 38.970
  90 208.177182  65.097442    63.856    63.856  2 55546.42598760 18.990
  92 208.178453  65.098542    68.049    68.049  2 55566.25727402 18.826
  93 208.177385  65.098106    63.963    63.963  2 55576.17291594 19.805
  94 208.181767  65.097097    64.059    64.059  2 55586.08855652 19.500
  95 208.182701  65.095110    64.003    64.003  2 55596.00419349 19.011
  96 208.190066  65.094715    64.147    64.147  2 55605.91982802 16.234
  97 208.185358  65.093924    72.016    72.016  2 55615.83545930 13.427
  98 208.183265  65.094668    70.292    70.292  2 55625.75110067 13.107
  99 208.185422  65.095722    65.533    65.533  2 55635.66675297 13.256
 101 208.186323  65.094949    65.337    65.337  2 55655.49805006 18.438
 102 208.189436  65.094794    67.613    67.613  2 55665.41369298 17.480
 103 208.185520  65.094616    63.800    63.800  2 55675.32933233 33.687
 104 208.182295  65.095323   111.704   111.704  2 55685.24497013 25.601
 105 208.183006  65.096440   111.881   111.881  2 55695.16060717 19.369
 107 208.183549  65.096930    64.710    64.710  2 55714.99189049 24.694
 111 208.178496  65.098057    64.475    64.475  2 55754.65447595 47.534
 112 208.179748  65.096256    64.306    64.306  2 55764.57011775 38.117
 113 208.187840  65.094919   117.304   117.304  2 55774.48575737 28.514
 116 208.183723  65.095352    64.569    64.569  2 55804.23266351 51.273
 117 208.182888  65.096069    63.651    63.651  2 55814.14831308 47.730
 119 208.190021  65.094423    63.507    63.507  2 55833.97960390 49.554
 120 208.189330  65.093680    63.224    63.224  2 55843.89524259 40.877
 121 208.189617  65.094725    62.917    62.917  2 55853.81087845 48.747
 122 208.180992  65.095581    62.715    62.715  2 55863.72651503 31.832
 123 208.178120  65.097007    72.183    72.183  2 55873.64216857 21.617
 124 208.181106  65.097498    63.777    63.777  2 55883.55781732 21.135
 125 208.180503  65.096864    64.093    64.093  2 55893.47345943 19.626
 126 208.181142  65.096492    73.015    73.015  2 55903.38909617 14.096
 127 208.178965  65.096863    73.164    73.164  2 55913.30473379 13.093
 130 208.179339  65.096273    70.991    70.991  2 55943.05168603 12.104
 131 208.184128  65.094290    73.303    73.303  2 55952.96732886 12.194
 132 208.188927  65.093884    72.796    72.796  2 55962.88296855 12.277
 133 208.186308  65.094760    71.196    71.196  2 55972.79860568 11.710
 134 208.185067  65.096515    71.975    71.975  2 55982.71424172 10.953
 136 208.183710  65.095398    68.297    68.297  2 56002.54552407 10.801
 137 208.185183  65.093794    72.026    72.026  2 56012.46117365 10.315
 138 208.191167  65.094252    63.949    63.949  2 56022.37682030 11.576
 139 208.185187  65.095257    63.201    63.201  2 56032.29246317 36.254
 141 208.176397  65.097959   126.797   126.797  2 56052.12374268 20.960
 144 208.183496  65.096687    64.783    64.783  2 56081.87066921 51.671
 148 208.184352  65.096486    64.792    64.792  2 56121.53323305 34.933
 149 208.190566  65.094420    64.417    64.417  2 56131.44886902 51.739
 150 208.190966  65.093223    64.716    64.716  2 56141.36450419 50.428
 151 208.189298  65.094786    64.476    64.476  2 56151.28015509 49.244
 154 208.184645  65.096393   112.586   112.586  2 56181.02709461  7.159
 155 208.185304  65.094500    63.900    63.900  2 56190.94273385 48.186
 156 208.187029  65.093898    63.927    63.927  2 56200.85837045 48.376
 157 208.184402  65.094905    63.643    63.643  2 56210.77400445 38.255
 158 208.179027  65.096316    63.225    63.225  2 56220.68963632 40.771
 159 208.178392  65.098200    62.785    62.785  2 56230.60528743 43.464
 160 208.178918  65.098280    63.706    63.706  2 56240.52094047 40.512
 161 208.180161  65.097581    64.063    64.063  2 56250.43658955 26.720
 162 208.179630  65.096633    64.071    64.071  2 56260.35223369 25.042
 163 208.180194  65.096979    64.012    64.012  2 56270.26787557 24.141
 164 208.177342  65.097077    70.876    70.876  2 56280.18351542 17.237
 165 208.176557  65.097339    64.017    64.017  2 56290.09916708 20.585
 166 208.183137  65.096776    64.042    64.042  2 56300.01481583 22.225
 167 208.184641  65.094918    70.583    70.583  2 56309.93045997 15.023
 168 208.188146  65.094351    64.170    64.170  2 56319.84610201 19.363
 169 208.188087  65.095435    64.150    64.150  2 56329.76174297 18.790
 171 208.179604  65.096684    64.065    64.065  2 56349.59302036 18.410
 172 208.183669  65.095875    64.026    64.026  2 56359.50865700 19.146
 173 208.184932  65.094818    64.093    64.093  2 56369.42430731 18.227
 175 208.180205  65.096094    64.037    64.037  2 56389.25559974 23.668
 176 208.178244  65.098009    63.933    63.933  2 56399.17124306 17.869
 177 208.175174  65.098669    63.775    63.775  2 56409.08688367 38.531
 178 208.175946  65.098053    64.032    64.032  2 56419.00252008 39.183
 179 208.180265  65.097065   111.805   111.805  2 56428.91815439 21.735
 184 208.181651  65.096154    65.140    65.140  2 56478.49639515 50.571
 185 208.182594  65.094767    64.615    64.615  2 56488.41203285 48.887
 186 208.184431  65.094483    64.479    64.479  2 56498.32766820 43.065
 187 208.187175  65.095087    64.792    64.792  2 56508.24330251 47.425
 188 208.184511  65.095633    64.822    64.822  2 56518.15894107 47.846
 189 208.180160  65.095876    64.690    64.690  2 56528.07459489 48.619
 190 208.180146  65.095766    64.119    64.119  2 56537.99024482 31.690
 191 208.184724  65.095803   125.994   125.994  2 56547.90589118 15.986
 192 208.180941  65.095725    64.257    64.257  2 56557.82153416 40.585
 193 208.179530  65.096738    63.272    63.272  2 56567.73717649 46.285
 194 208.177941  65.098047   116.315   116.315  2 56577.65281750  5.471
 195 208.176143  65.098189    63.445    63.445  2 56587.56845482 45.159
 196 208.178808  65.097959    63.087    63.087  2 56597.48409630 46.268
 197 208.181233  65.097752    63.665    63.665  2 56607.39974807 23.080
 200 208.181565  65.097207    63.712    63.712  2 56637.14667861 21.981
 201 208.181073  65.096056    63.717    63.717  2 56647.06232016 19.650
 202 208.182959  65.095487    63.722    63.722  2 56656.97797240 19.186
 203 208.183624  65.094975    63.704    63.704  2 56666.89362019 17.935
 204 208.184107  65.095563    63.798    63.798  2 56676.80926538 18.768
 205 208.182416  65.096316    63.719    63.719  2 56686.72490921 19.395
 206 208.178816  65.096338    63.725    63.725  2 56696.64055078 18.186
 207 208.180217  65.095911    63.860    63.860  2 56706.55618820 18.632
 208 208.182040  65.095094    63.784    63.784  2 56716.47182228 18.228
 211 208.177894  65.098441   107.958   107.958  2 56746.21877038  7.946
 212 208.175485  65.098725    63.470    63.470  2 56756.13441174 29.807
 213 208.179378  65.098378    63.394    63.394  2 56766.05004792 44.261
 214 208.180718  65.097440   111.481   111.481  2 56775.96568858 18.983
 219 208.184459  65.096592    64.223    64.223  2 56825.54392724 45.565
 221 208.186212  65.094755    65.433    65.433  2 56845.37519361 44.831
 222 208.183883  65.095705    64.668    64.668  2 56855.29084010 48.665
 225 208.183396  65.096983    64.290    64.290  2 56885.03779608 36.625
 226 208.184430  65.096627    64.226    64.226  2 56894.95344276 38.303
 227 208.182893  65.097059    64.270    64.270  2 56904.86908608 48.255
 228 208.177607  65.098050   114.436   114.436  2 56914.78472694 17.064
 231 208.179583  65.098238    63.406    63.406  2 56944.53163460 42.690
 232 208.181512  65.097112    63.286    63.286  2 56954.44728365 43.163
 233 208.179019  65.096503    73.024    73.024  2 56964.36293323 23.777
 234 208.177764  65.097261    63.602    63.602  2 56974.27857839 40.139
 235 208.176935  65.097946    63.855    63.855  2 56984.19421921 31.541
 236 208.180004  65.097366    72.705    72.705  2 56994.10985532 23.153
 237 208.183768  65.095390    67.934    67.934  2 57004.02549417 21.693
 238 208.189318  65.094671    64.106    64.106  2 57013.94115076 22.030
 239 208.187077  65.094698    71.943    71.943  2 57023.85680161 20.650
 240 208.183144  65.096411    63.940    63.940  2 57033.77244989 20.627
 241 208.179783  65.097775    63.842    63.842  2 57043.68809580 22.296
 242 208.177995  65.097538    63.861    63.861  2 57053.60373921 19.383
 243 208.183845  65.096529    63.971    63.971  2 57063.51937868 19.502
 244 208.183582  65.095165    63.712    63.712  2 57073.43501254 21.408
 246 208.180614  65.097713    65.006    65.006  2 57093.26629198 17.263
 250 208.182716  65.097120    63.843    63.843  2 57132.92889109 41.841
 251 208.179885  65.096069   110.973   110.973  2 57142.84452770 18.727
 252 208.179836  65.096792   105.164   105.164  2 57152.76016175 19.727
 255 208.180820  65.095736    64.483    64.483  2 57182.50710574 48.726
 256 208.188936  65.095106    63.561    63.561  2 57192.42275668 51.668
 257 208.187261  65.095036    64.109    64.109  2 57202.33840412 50.053
 258 208.183133  65.096343    64.022    64.022  2 57212.25403794 44.988
 260 208.177386  65.097670    64.339    64.339  2 57232.08532371 47.840
 261 208.178656  65.096722    64.364    64.364  2 57242.00096351 48.166
 262 208.183419  65.095919    64.200    64.200  2 57251.91660105 45.506
 268 208.181945  65.096946    63.662    63.662  2 57311.41048249 37.004
 269 208.179869  65.095954    63.273    63.273  2 57321.32612707 40.205
 270 208.179843  65.096904    62.977    62.977  2 57331.24176958 36.695
 272 208.176395  65.097864    68.167    68.167  2 57351.07306070 20.658
 273 208.181948  65.096662    63.856    63.856  2 57360.98870601 24.484
 274 208.184457  65.094701    64.069    64.069  2 57370.90434780 17.950
 275 208.185738  65.094548    64.036    64.036  2 57380.81998742 25.933
 276 208.185205  65.096040    63.986    63.986  2 57390.73562607 18.219
 277 208.179136  65.096895    66.071    66.071  2 57400.65126318 15.628
 278 208.179071  65.097150    66.570    66.570  2 57410.56690321 16.386
 279 208.180478  65.096741    64.139    64.139  2 57420.48255553 16.501
 280 208.183517  65.096799    64.218    64.218  2 57430.39820545 16.721
 281 208.181087  65.097375    68.268    68.268  2 57440.31385287 17.070
 282 208.176029  65.098469    63.774    63.774  2 57450.22949914 19.302
 284 208.173797  65.098853    63.511    63.511  2 57470.06078616 23.191
 285 208.180957  65.097864    63.829    63.829  2 57479.97642466 25.135
 286 208.182119  65.096092    64.009    64.009  2 57489.89205951 43.434
 288 208.181590  65.095621   117.690   117.690  2 57509.72333676 13.199
 291 208.183806  65.096301    64.344    64.344  2 57539.47029565 50.740
 292 208.186220  65.095456    64.327    64.327  2 57549.38594299 50.502
 293 208.186138  65.095298    64.568    64.568  2 57559.30158883 51.363
 294 208.180213  65.095824    64.094    64.094  2 57569.21723353 36.147
 297 208.177538  65.097254    64.825    64.825  2 57598.96416192 34.706
