# NaN NaN NaN ;Mean Elev.(m), Avg Gradient(m/km), RMS Gradient(m/km) - SRTM1     
#   21.530  -3.512  18.367 ;Mean Elev.(m), Avg Gradient(m/km), RMS Gradient(m/km) - ASTER GDEM
#   29.000  -3.532  20.865 ;Mean Elev.(m), Avg Gradient(m/km), RMS Gradient(m/km) - GMTED2010 
   2 201.226107  64.000691    30.059    30.136  5 54673.84868322 43.586
   3 201.227282  64.002587     2.689     2.196  5 54683.76432689 23.478
   4 201.228866  64.003378    29.851    29.851  5 54693.67996912 35.479
   5 201.227211  64.001600     3.951     2.693  4 54703.59560833 22.410
   6 201.225113  63.999052    29.447    29.468  5 54713.51125779 52.261
   7 201.223597  63.997203    18.372    19.254  5 54723.42690816 16.550
   8 201.224381  63.997533    28.459    28.444  5 54733.34255663 52.078
   9 201.224813  63.999524    28.512    28.376  5 54743.25820380 48.857
  10 201.225224  64.000954    27.732    27.698  4 54753.17385065 42.455
  11 201.225810  64.000623    75.356    75.242  5 54763.08949689 23.179
  12 201.225159  63.998343    28.040    28.018  4 54773.00514029 34.363
  13 201.223566  63.996324    81.107    77.300  4 54782.92078079  3.848
  14 201.222671  63.996085    28.092    28.089  4 54792.83641914 24.332
  15 201.222502  63.997572    28.327    28.323  4 54802.75205661 19.381
  16 201.224843  63.999178    28.038    28.030  4 54812.66769408 21.916
  17 201.224790  63.999414    28.195    28.192  4 54822.58333674 18.575
  18 201.224525  63.999061    28.100    28.098  4 54832.49897698 13.818
  19 201.224376  63.999565    27.988    27.990  5 54842.41462712 13.376
  20 201.226610  64.001837    28.766    28.736  5 54852.33027648  9.373
  21 201.228523  64.004448    29.614    29.753  4 54862.24592554  9.295
  22 201.231143  64.005900    30.481    30.914  5 54872.16157456  9.207
  23 201.227383  64.003697    28.892    28.849  5 54882.07722079 10.734
  24 201.224434  64.000041    30.515    30.470  4 54891.99286366  9.836
  25 201.222896  63.997422    29.519    29.302  5 54901.90850388 10.736
  26 201.223619  63.997808    30.630    30.662  5 54911.82414293  9.011
  27 201.224530  63.999733    30.081    30.281  4 54921.73978105  8.891
  28 201.224977  64.000686    30.930    30.883  5 54931.65541834  9.885
  29 201.224720  63.999045    31.064    31.064  4 54941.57105379  9.296
  30 201.222966  63.995771    26.846    26.831  4 54951.48668728 38.323
  31 201.222523  63.993945    31.480    31.486  4 54961.40232846 41.485
  32 201.220110  63.994621    32.438    32.405  4 54971.31797695 53.801
  33 201.224954  63.997851    33.180    33.242  4 54981.23362522 29.485
  34 201.226039  64.000070    32.042    32.378  5 54991.14927278 35.237
  35 201.226777  64.000682    31.486    31.079  5 55001.06491979 32.557
  36 201.226475  64.000477    32.288    32.465  5 55010.98056484 29.160
  37 201.224687  63.999820    30.402    30.394  4 55020.89620818 30.106
  38 201.227274  64.001311    30.898    30.867  5 55030.81185098 31.161
  39 201.226615  64.002566    29.465    29.591  5 55040.72749275 29.719
  40 201.227163  64.003026    28.669    28.614  5 55050.64313311 45.679
  41 201.226349  64.001067    28.448    28.405  5 55060.55877099 49.478
  42 201.225118  63.997989    28.115    28.158  4 55070.47441192 27.150
  43 201.222974  63.995775    28.629    28.526  4 55080.39006068 50.296
  44 201.222491  63.996179    28.517    28.477  4 55090.30570805 26.541
  45 201.225648  63.999032    81.013    76.650  5 55100.22135505  3.570
  46 201.227690  64.001374    28.808    28.351  5 55110.13700144 30.571
  47 201.225937  64.000550    27.836    27.764  5 55120.05264557 46.049
  48 201.224570  63.997836    27.337    27.535  5 55129.96828693 48.827
  49 201.221646  63.995154    26.665    26.654  4 55139.88392613 36.990
  50 201.224163  63.995919    27.707    27.706  4 55149.79956502 28.852
  51 201.224084  63.997956    27.439    27.500  5 55159.71520352 20.603
  52 201.225839  64.000040    27.421    27.413  5 55169.63084180 17.903
  53 201.224352  63.999927    27.567    27.527  4 55179.54647844 16.424
  54 201.224563  63.999443    28.421    28.786  5 55189.46212509 15.146
  55 201.226079  64.000178    27.873    27.765  4 55199.37777578 14.203
  56 201.226312  64.001518    27.562    27.572  5 55209.29342565 13.343
  57 201.228278  64.003334    27.643    27.647  4 55219.20907526 12.661
  58 201.225977  64.002970    27.585    27.541  5 55229.12472346 12.211
  59 201.226137  64.001589    27.602    27.629  4 55239.04036864 11.755
  60 201.225712  63.999147    28.284    27.857  4 55248.95601007 14.340
  61 201.224166  63.997358    28.604    28.537  4 55258.87164906 12.560
  62 201.222277  63.997068    27.845    27.816  4 55268.78728735 12.321
  63 201.225546  63.998894    27.690    27.789  5 55278.70292601 11.911
  64 201.226205  63.999483    27.666    27.689  4 55288.61856303 11.511
  65 201.224403  63.998117    26.934    26.935  5 55298.53419727 23.545
  66 201.222421  63.996011    27.594    27.633  4 55308.44983995 30.600
  67 201.222050  63.995040    26.791    26.761  4 55318.36548595 36.189
  68 201.223089  63.995932    30.358    30.351  5 55328.28113125 41.768
  69 201.223593  63.998037    28.931    28.932  4 55338.19677603 50.597
  70 201.225953  64.000265    29.408    29.298  4 55348.11242057 51.015
  71 201.225568  64.000844    28.811    28.706  4 55358.02806296 30.013
  72 201.225141  64.000596    29.083    29.174  5 55367.94370317 48.294
  73 201.225528  64.000328    28.591    28.584  5 55377.85934196 29.341
  74 201.227128  64.000691    29.446    29.421  5 55387.77498008 31.507
  75 201.226812  64.000636    29.421    29.367  5 55397.69061704 30.552
  76 201.226542  64.000034    29.548    29.565  4 55407.60626074 39.396
  77 201.224837  63.998731    30.199    30.080  5 55417.52191145 36.581
  78 201.224418  63.997251    30.482    30.550  4 55427.43755880 27.322
  79 201.222289  63.996357    29.679    29.794  5 55437.35320341 38.977
  80 201.224705  63.997525    29.201    29.288  5 55447.26884734 34.883
  81 201.225984  63.998851    92.531    92.545  4 55457.18449084 24.046
  82 201.225163  63.999194    28.518    28.444  5 55467.10013339 26.368
  83 201.225220  63.998246    27.614    27.618  5 55477.01577268 27.616
  84 201.222727  63.996160    26.689    26.643  5 55486.93140845 37.884
  85 201.220316  63.994584    26.086    26.095  4 55496.84704203 39.615
  86 201.222161  63.995664    25.587    25.548  5 55506.76267851 38.397
  87 201.225069  63.998278    26.881    26.888  4 55516.67832943 35.426
  88 201.226887  64.000280    27.202    27.210  4 55526.59397927 37.692
  89 201.225950  64.000828    27.058    27.110  5 55536.50962672 23.887
  90 201.227449  64.001354    27.262    27.255  4 55546.42527222 20.182
  91 201.226725  64.001739    27.274    27.304  4 55556.34091573 18.170
  92 201.226311  64.002288    27.308    27.213  4 55566.25655845 15.252
  93 201.226617  64.001939    27.179    27.142  5 55576.17220052 15.153
  94 201.225745  63.999996    27.209    27.153  4 55586.08784053 14.747
  95 201.223835  63.997290    27.410    27.400  4 55596.00347715 13.129
  96 201.223687  63.995799    27.564    27.426  4 55605.91911091 11.762
  97 201.223602  63.995506    28.057    27.972  4 55615.83474263 11.374
  98 201.224785  63.996811    28.514    28.510  4 55625.75038435 13.728
  99 201.224432  63.997681    28.034    28.050  4 55635.66603639 10.934
 100 201.225501  63.997821    27.242    27.259  4 55645.58168639 12.086
 101 201.222478  63.996470    27.298    27.535  5 55655.49733311 12.203
 102 201.221848  63.995818    29.103    29.049  4 55665.41297562 10.901
 104 201.223619  63.997680    27.836    27.467  5 55685.24425372 33.144
 105 201.224403  63.998767    28.807    28.784  4 55695.15989081 48.961
 106 201.225069  63.998992    29.944    29.868  5 55705.07552652 48.591
 107 201.225246  63.999156    32.071    32.079  5 55714.99117420 48.395
 108 201.225271  63.999762    30.621    30.544  5 55724.90682322 49.198
 109 201.227647  64.001301    29.988    30.093  5 55734.82247060 52.865
 110 201.226186  64.001959    30.894    30.912  4 55744.73811625 31.066
 111 201.227896  64.001932    30.706    30.660  5 55754.65376049 27.426
 112 201.226267  63.999465    30.073    30.070  4 55764.56940190 53.935
 113 201.223343  63.996337    30.369    30.383  4 55774.48504032 53.592
 114 201.223818  63.995047    30.221    30.216  4 55784.40067600 31.258
 115 201.222773  63.995587    29.833    29.838  4 55794.31630945 52.097
 116 201.224538  63.997372    29.701    29.704  4 55804.23194703 51.638
 117 201.224918  63.998371    29.360    29.474  4 55814.14759677 28.482
 118 201.223481  63.997069    29.905    29.912  4 55824.06324404 20.612
 119 201.222983  63.995335    76.305    76.403  4 55833.97888667 23.946
 120 201.221343  63.994323    29.483    29.423  5 55843.89452525 22.447
 121 201.222463  63.995541    27.623    27.657  5 55853.81016123 50.346
 122 201.224012  63.997821    26.816    26.833  5 55863.72579886 44.906
 123 201.224309  63.999939    25.713    25.738  5 55873.64145276 35.841
 124 201.226484  64.000495    26.977    26.993  4 55883.55710144 25.185
 125 201.226375  63.999852    26.824    26.828  5 55893.47274357 23.600
 126 201.224846  63.998976    26.901    26.926  4 55903.38838005 17.327
 127 201.224350  63.999517    27.626    27.171  5 55913.30401785 15.028
 128 201.225127  64.001386    27.205    27.193  5 55923.21967227 13.982
 129 201.225936  64.001673    27.223    27.183  4 55933.13532363 13.285
 130 201.224437  63.999294    27.002    27.026  5 55943.05097014 12.583
 131 201.222437  63.996209    27.803    27.646  5 55952.96661223 11.139
 132 201.221132  63.994907    27.649    27.571  4 55962.88225129 10.797
 133 201.224042  63.996702    28.602    28.628  4 55972.79788900 11.029
 134 201.224178  63.998574    28.818    28.802  4 55982.71352520 10.931
 135 201.223910  63.998451    27.739    27.641  5 55992.62915940 10.537
 136 201.225169  63.997546    28.640    28.628  4 56002.54480768 10.407
 137 201.224264  63.995670    28.226    28.088  4 56012.46045696  9.807
 138 201.222314  63.995147    27.771    27.768  4 56022.37610280  9.693
 139 201.224332  63.997466    27.167    27.202  5 56032.29174654 27.665
 140 201.226900  64.000531    27.153    26.992  4 56042.20738835 37.326
 141 201.227469  64.001879    28.407    28.409  4 56052.12302738 40.539
 142 201.226221  64.000885    30.471    30.420  4 56062.03866314 43.183
 143 201.225711  63.999136    30.064    30.039  4 56071.95430255 48.017
 144 201.224593  63.998980    31.691    31.629  5 56081.86995286 33.539
 145 201.227050  64.000573    31.412    31.443  4 56091.78560104 27.549
 146 201.227324  64.001919    30.934    30.929  4 56101.70124664 25.212
 147 201.226378  64.001366    30.242    30.077  5 56111.61687766 28.682
 148 201.223791  63.998548    31.056    31.005  5 56121.53251644 51.028
 149 201.222596  63.995204    30.114    30.116  4 56131.44815157 31.043
 150 201.220666  63.993453    30.070    30.055  4 56141.36378644 52.182
 151 201.223605  63.996075    29.658    29.657  4 56151.27943791 50.906
 152 201.224308  63.998862    29.451    29.417  4 56161.19508743 31.443
 153 201.225405  64.000117    29.528    29.542  5 56171.11073512 32.332
 154 201.223727  63.998423    29.760    29.750  4 56181.02637805 27.687
 155 201.223444  63.996294    29.370    29.370  4 56190.94201716 49.723
 156 201.224439  63.995623    77.321    77.589  3 56200.85765368  7.676
 157 201.224411  63.996891    29.604    29.647  4 56210.77328796 22.862
 158 201.226058  63.999150    28.442    28.444  4 56220.68892056 48.199
 159 201.227145  64.001480    27.344    27.576  5 56230.60457189 42.868
 160 201.228044  64.001806    27.249    27.205  5 56240.52022497 36.211
 161 201.225323  64.000546    27.448    27.436  4 56250.43587361 32.393
 162 201.225777  63.999789    27.941    27.935  4 56260.35151784 36.387
 163 201.226748  64.000256    27.926    27.966  5 56270.26715979 25.927
 164 201.225368  64.000407    27.767    27.816  5 56280.18279980 20.189
 165 201.226199  64.001058    27.796    27.809  5 56290.09845168 22.541
 166 201.224535  63.999375    27.930    27.895  5 56300.01409959 21.636
 167 201.223334  63.997079    28.096    28.087  4 56309.92974342 14.495
 168 201.222510  63.995900    28.230    28.084  4 56319.84538500 13.862
 169 201.223249  63.997150    28.278    28.262  4 56329.76102605 12.481
 170 201.225434  63.999209    28.302    28.410  5 56339.67666652 12.311
 171 201.224547  63.999461    28.392    28.381  4 56349.59230440 11.551
 172 201.225065  63.998006    28.424    28.406  5 56359.50794062 11.818
 173 201.221578  63.996314    28.695    28.711  4 56369.42359039 11.893
 175 201.226153  63.999479    29.261    29.076  4 56389.25488386 11.623
 176 201.225407  64.001500    28.535    28.376  5 56399.17052737 13.486
 177 201.225774  64.002501    27.671    27.865  5 56409.08616836 30.847
 178 201.225699  64.001566    28.489    28.006  4 56419.00180467 31.670
 179 201.225332  63.999751    27.585    27.681  5 56428.91743846 31.042
 180 201.226134  64.000102    28.270    28.194  4 56438.83309218 50.660
 181 201.226240  64.000740    32.389    32.322  4 56448.74874331 28.678
 182 201.225373  64.001034    32.960    32.923  4 56458.66439210 53.760
 183 201.226169  64.000547    31.060    31.007  4 56468.58003767 22.322
 184 201.226067  63.999232    30.295    30.188  5 56478.49567909 25.936
 185 201.225275  63.997446    29.710    29.555  4 56488.41131654 25.621
 186 201.222189  63.996211    29.535    29.517  4 56498.32695136 28.316
 187 201.222537  63.996348    29.491    29.483  4 56508.24258544 23.700
 188 201.224987  63.997557    28.965    28.968  4 56518.15822457 27.119
 189 201.225391  63.998583    28.461    28.473  4 56528.07387892 30.302
 190 201.225276  63.998551    29.009    29.282  5 56537.98952888 26.207
 191 201.223018  63.997712    28.953    28.891  5 56547.90517455 24.971
 192 201.224969  63.998657    28.884    28.954  5 56557.82081814 27.580
 193 201.225071  63.999940    28.699    28.300  5 56567.73646065 29.596
 194 201.228241  64.001988    28.622    28.911  5 56577.65210217 33.532
 195 201.226014  64.001685    28.927    28.904  4 56587.56773940 48.996
 196 201.225464  64.000871    28.076    27.891  5 56597.48338051 49.500
 197 201.227430  64.000951    26.749    26.835  5 56607.39903226 44.233
 198 201.226296  64.000728    27.879    27.909  4 56617.31467882 29.058
 199 201.226959  64.000848    27.231    27.166  5 56627.23032223 33.086
 200 201.224378  63.999868    27.913    27.939  5 56637.14596249 27.627
 201 201.226030  63.998912    27.949    27.944  4 56647.06160424 25.680
 202 201.223064  63.997665    27.971    28.008  5 56656.97725599 22.311
 203 201.222815  63.997143    27.836    27.914  5 56666.89290369 19.303
 204 201.225611  63.998305    28.015    27.944  4 56676.80854915 17.691
 205 201.225731  63.999315    27.532    27.497  5 56686.72419316 22.880
 206 201.226186  63.999769    27.667    27.678  4 56696.63983512 20.594
 207 201.223547  63.998410    27.920    27.942  5 56706.55547205 19.314
 208 201.223094  63.997039    27.940    27.924  5 56716.47110583 19.273
 209 201.224783  63.998235    28.266    28.337  4 56726.38675925 18.163
 210 201.225468  64.000169    27.862    27.824  4 56736.30240872 16.747
 211 201.226153  64.002297    27.857    27.947  5 56746.21805484 24.181
 212 201.228090  64.003124    27.963    27.951  5 56756.13369667 19.385
 213 201.227655  64.001864    27.110    27.073  4 56766.04933238 42.157
 214 201.225502  64.000206    27.191    26.795  5 56775.96497264 41.240
 215 201.224712  64.000705    29.229    29.153  5 56785.88062919 48.134
 216 201.226752  64.002248    30.696    30.635  4 56795.79628242 36.754
 217 201.227331  64.002975    30.159    30.134  5 56805.71193108 28.581
 218 201.227703  64.001866    29.935    29.963  5 56815.62757288 28.458
 219 201.223948  63.998990    30.770    30.623  5 56825.54321069 45.997
 220 201.225032  63.997233    30.573    30.568  4 56835.45884541 23.631
 221 201.223102  63.996273    31.112    31.095  5 56845.37447667 52.506
 222 201.225032  63.998024    30.454    30.561  5 56855.29012365 24.007
 223 201.225470  63.999774    31.046    31.070  4 56865.20577746 53.364
 224 201.226910  64.000449    30.417    30.446  5 56875.12143042 35.693
 225 201.225290  63.999797    29.968    29.946  4 56885.03707984 21.550
 226 201.224148  63.999130    29.518    29.507  4 56894.95272630 30.991
 227 201.225532  64.000130    29.731    29.692  5 56904.86836996 26.049
 228 201.226645  64.002135    29.794    29.811  4 56914.78401152 28.336
 229 201.227132  64.003637    29.182    29.192  5 56924.69965114 50.033
 230 201.227205  64.003498    28.909    28.682  5 56934.61528776 23.867
 231 201.226673  64.001383    28.178    28.138  5 56944.53091887 45.133
 232 201.226619  63.999991    27.920    28.009  5 56954.44656767 44.847
 233 201.226102  63.999791    27.329    27.391  4 56964.36221745 38.409
 234 201.226086  64.000887    27.856    27.825  4 56974.27786279 41.405
 235 201.228349  64.002120    28.015    28.003  5 56984.19350397 27.748
 236 201.226295  64.000501    28.149    28.165  4 56994.10913954 30.880
 237 201.222453  63.997018    27.917    27.916  4 57004.02477755 22.548
 238 201.223565  63.995980    27.969    28.004  4 57013.94043371 21.898
 239 201.224363  63.996645    27.931    27.913  4 57023.85608490 25.504
 240 201.225661  63.999293    28.034    28.034  4 57033.77173377 18.934
 241 201.226554  64.001305    28.209    28.264  5 57043.68738013 15.641
 242 201.225224  64.000951    28.197    28.211  5 57053.60302354 16.640
 243 201.224046  63.998774    28.082    28.113  4 57063.51866222 16.563
 244 201.222126  63.996886    27.781    27.977  4 57073.43429583 16.860
 245 201.223176  63.997241    27.872    28.136  5 57083.34992625 21.137
 246 201.226702  64.000767    28.482    28.344  5 57093.26557614 16.223
 247 201.227777  64.003818    28.192    28.165  4 57103.18123350 18.034
 248 201.227238  64.004148    28.188    28.262  5 57113.09688667 18.979
 249 201.226785  64.002193    29.576    29.673  4 57123.01253360  9.727
 250 201.226543  64.000129    27.659    27.727  5 57132.92817509 28.373
 251 201.223675  63.998779    29.331    29.289  4 57142.84381164 32.417
 252 201.224190  63.999499    29.656    29.705  4 57152.75944573 50.050
 253 201.224444  63.999789    30.758    30.664  4 57162.67507852 52.370
 254 201.226215  64.000353    31.687    31.683  5 57172.59073582 52.077
 255 201.225625  63.998667    30.586    30.566  4 57182.50638969 34.855
 256 201.223913  63.996736    29.348    29.362  4 57192.42203958 50.196
 257 201.224279  63.997049    28.735    28.752  5 57202.33768725 36.960
 258 201.224226  63.998963    29.379    29.326  4 57212.25332153 45.811
 259 201.226977  64.001319    29.628    29.483  5 57222.16896584 30.511
 260 201.226003  64.001251    29.462    29.082  5 57232.08460815 32.738
 261 201.225784  63.999976    29.043    29.054  5 57242.00024779 32.620
 262 201.224222  63.998144    29.135    29.229  5 57251.91588466 34.765
 263 201.224597  63.998302    29.177    29.144  5 57261.83152005 35.001
 264 201.225848  64.000047    30.711    30.724  4 57271.74715444 50.618
 265 201.226546  64.002892    30.075    30.040  5 57281.66281177 51.580
 266 201.228242  64.003887    29.711    29.686  4 57291.57846701 29.775
 267 201.227365  64.002327    29.329    29.346  4 57301.49411863 38.216
 268 201.224249  63.999677    29.166    29.016  5 57311.40976623 24.372
 269 201.225866  63.999342    28.234    28.201  5 57321.32541120 38.605
 270 201.224889  64.000183    28.120    28.084  4 57331.24105365 42.947
 271 201.227419  64.001928    26.890    26.857  4 57341.15669443 38.833
 272 201.225840  64.001798    26.990    27.044  5 57351.07234530 21.985
 273 201.224005  63.999431    27.279    27.280  5 57360.98798984 20.197
 274 201.222238  63.996684    27.461    27.592  4 57370.90363115 18.422
 275 201.224802  63.996793    28.372    28.365  4 57380.81927090 23.074
 276 201.224102  63.998136    27.936    27.951  5 57390.73490954 21.045
 277 201.225859  63.999922    27.977    27.984  4 57400.65054745 18.363
 278 201.224656  63.999806    28.034    28.021  5 57410.56618732 16.140
 279 201.224651  63.999389    27.868    27.882  4 57420.48183948 16.956
 280 201.226440  63.999628    28.082    28.076  4 57430.39748929 15.601
 281 201.224713  64.000379    28.052    28.052  4 57440.31313681 15.884
 282 201.228658  64.002940    28.227    28.194  5 57450.22878407 14.311
 283 201.229829  64.004262    28.171    28.136  5 57460.14442953 13.907
 284 201.228378  64.003356    28.218    28.214  4 57470.06007131 13.067
 285 201.226906  64.000974    28.760    28.823  4 57479.97570890 11.813
 286 201.225539  63.998644    29.344    29.537  5 57489.89134343 31.257
 287 201.222996  63.996952    28.936    28.956  4 57499.80697585 28.620
 288 201.223965  63.997804    28.448    28.432  4 57509.72262050 38.306
 289 201.224294  63.999201    30.014    30.008  4 57519.63827638 36.895
 290 201.226232  63.999988    31.344    31.339  4 57529.55392962 52.462
 291 201.226184  63.999018    30.353    30.329  4 57539.46957937 34.134
 292 201.223831  63.997462    29.976    29.977  4 57549.38522619 27.776
 293 201.224582  63.997528    29.757    29.707  4 57559.30087213 32.214
 294 201.224948  63.998925    29.734    29.678  5 57569.21651750 30.418
 295 201.227003  64.000762    29.933    29.966  4 57579.13216265 29.910
 296 201.225744  64.001092    30.492    30.529  5 57589.04780581 29.306
 297 201.224848  64.000532    30.720    30.725  4 57598.96344624 24.224
