-112610.356    61.116     0.00    8.04
-112324.604    60.416    -2.45   10.48
-112038.842    58.879    -5.38   11.48
-111753.071    57.669    -4.24   11.25
-111467.289    56.838    -2.91   11.38
-111181.497    56.340    -1.74   11.04
-110895.694    57.603     4.42   10.50
-110609.882    58.428     2.88    9.98
-110324.060    60.352     6.73    9.92
-110038.228    62.978     9.19   10.22
-109752.385    63.745     2.68   10.86
-109466.533    63.529    -0.76   12.59
-109180.670    62.058    -5.15   15.02
-108894.798    59.757    -8.05   15.39
-108608.915    58.319    -5.03   14.47
-108323.022    57.126    -4.17   13.57
-108037.119    57.092    -0.12   12.07
-107751.206    60.259    11.08   12.11
-107465.283    61.801     5.39   12.08
-107179.350    61.761    -0.14   13.03
-106893.406    59.608    -7.53   15.66
-106607.453    55.789   -13.36   14.99
-106321.489    53.201    -9.05   15.52
-106035.516    50.083   -10.90   14.70
-105749.532    47.966    -7.40   14.44
-105463.538    47.831    -0.47   15.43
-105177.534    48.890     3.70   13.46
-104891.520    52.566    12.85   13.27
-104605.496    55.853    11.49   13.54
-104319.462    61.228    18.79   17.14
-104033.418    70.558    32.62   23.47
-103747.363    81.654    38.79   28.33
-103461.298    92.129    36.62   31.58
-103175.224    97.344    18.23   32.14
-102889.139    99.992     9.26   32.03
-102603.044    99.361    -2.20   34.12
-102316.939    93.981   -18.80   34.85
-102030.824    89.096   -17.07   33.66
-101744.699    84.944   -14.51   31.45
-101458.563    85.268     1.13   29.99
-101172.418    90.340    17.72   31.60
-100886.262    97.731    25.83   33.17
-100600.096   108.179    36.51   33.95
-100313.920   121.665    47.13   32.85
-100027.734   130.985    32.57   30.72
 -99741.538   138.941    27.80   28.02
 -99455.332   144.594    19.75   27.78
 -99169.115   154.279    33.84   29.64
 -98882.889   160.165    20.56   29.89
 -98596.652   167.014    23.93   28.77
 -98310.405   167.805     2.76   33.58
 -98024.148   163.098   -16.45   44.28
 -97737.881   160.996    -7.34   51.21
 -97451.604   157.872   -10.91   57.68
 -97165.316   160.194     8.11   61.22
 -96879.019   165.018    16.85   62.01
 -96592.711   172.935    27.65   61.48
 -96306.393   185.970    45.52   57.25
 -96020.065   198.158    42.57   47.77
 -95733.727   205.807    26.71   38.05
 -95447.379   207.369     5.45   34.96
 -95161.020   202.558   -16.80   39.75
 -94874.652   194.776   -27.18   45.60
 -94588.273   179.390   -53.72   47.24
 -94301.884   160.756   -65.06   48.22
 -94015.485   148.514   -42.74   46.99
 -93729.076   136.863   -40.68   47.88
 -93442.657   130.552   -22.03   48.55
 -93156.227   128.007    -8.88   45.88
 -92869.787   126.731    -4.46   46.09
 -92583.337   132.686    20.79   48.26
 -92296.877   139.278    23.01   46.33
 -92010.407   141.384     7.35   44.17
 -91723.927   144.708    11.60   39.67
 -91437.436   142.232    -8.64   38.83
 -91150.936   148.611    22.27   38.32
 -90864.425   151.420     9.80   38.06
 -90577.904   154.863    12.02   36.34
 -90291.372   158.943    14.24   33.22
 -90004.831   160.236     4.51   34.13
 -89718.279   162.595     8.23   37.92
 -89431.718   162.983     1.35   44.38
 -89145.146   162.315    -2.33   50.85
 -88858.563   160.492    -6.36   53.14
 -88571.971   169.044    29.84   59.49
 -88285.369   186.389    60.52   62.83
 -87998.756   207.865    74.93   67.09
 -87712.133   228.464    71.87   66.82
 -87425.500   246.194    61.85   62.20
 -87138.857   261.716    54.15   55.01
 -86852.203   275.716    48.84   49.24
 -86565.539   279.937    14.72   47.98
 -86278.866   276.884   -10.65   56.76
 -85992.182   269.618   -25.34   66.18
 -85705.487   257.344   -42.81   75.26
 -85418.783   245.369   -41.77   79.08
 -85132.068   232.648   -44.37   77.90
 -84845.343   233.001     1.23   80.43
 -84558.608   232.828    -0.60   79.94
 -84271.863   230.414    -8.42   80.85
 -83985.108   228.265    -7.50   79.60
 -83698.342   224.537   -13.00   76.29
 -83411.566   220.851   -12.85   76.50
 -83124.780   215.589   -18.35   70.03
 -82837.984   208.174   -25.85   61.35
 -82551.177   204.624   -12.38   53.81
 -82264.360   204.313    -1.08   46.51
 -81977.533   205.151     2.92   42.01
 -81690.696   207.066     6.68   38.60
 -81403.849   207.360     1.03   36.25
 -81116.991   207.272    -0.31   37.44
 -80830.123   211.134    13.46   37.97
 -80543.245   216.246    17.82   41.60
 -80256.357   227.265    38.41   45.68
 -79969.459   234.418    24.93   46.26
 -79682.550   242.925    29.65   45.81
 -79395.631   253.743    37.70   41.43
 -79108.702   258.371    16.13   38.78
 -78821.762   269.368    38.32   38.87
 -78534.813   281.011    40.57   48.68
 -78247.853   290.094    31.65   55.21
 -77960.883   301.044    38.16   53.51
 -77673.902   310.637    33.43   52.80
 -77386.912   322.365    40.86   48.68
 -77099.911   333.277    38.02   46.52
 -76812.900   335.363     7.27   49.62
 -76525.878   334.723    -2.23   51.09
 -76238.847   333.051    -5.83   54.42
 -75951.805   337.244    14.61   53.84
 -75664.753   343.892    23.16   49.80
 -75377.691   345.373     5.16   51.53
 -75090.618   346.156     2.73   52.36
 -74803.535   338.537   -26.54   53.30
 -74516.442   330.558   -27.79   54.33
 -74229.339   324.544   -20.95   56.69
 -73942.225   316.803   -26.96   57.67
 -73655.102   308.641   -28.42   58.62
 -73367.968   286.882   -75.78   55.87
 -73080.823   269.344   -61.08   55.89
 -72793.669   251.514   -62.09   55.56
 -72506.504   234.975   -57.59   53.01
 -72219.329   216.728   -63.54   44.98
 -71932.143   203.396   -46.42   32.02
 -71644.948   198.947   -15.49   28.74
 -71357.742   195.738   -11.17   28.72
 -71070.525   196.968     4.28   33.17
 -70783.299   194.956    -7.01   32.81
 -70496.062   190.485   -15.56   30.81
 -70208.815   184.594   -20.51   27.63
 -69921.558   174.358   -35.63   22.99
 -69634.290   166.638   -26.87   19.86
 -69347.013   161.794   -16.86   20.61
 -69059.724   159.380    -8.40   22.20
 -68772.426   156.986    -8.33   23.07
 -68485.117   158.470     5.16   25.00
 -68197.798   159.369     3.13   25.80
 -67910.469   156.839    -8.81   26.79
 -67623.130   152.263   -15.93   26.83
 -67335.780   147.658   -16.02   21.77
 -67048.420   148.237     2.02   20.63
 -66761.049   150.296     7.16   19.72
 -66473.669   151.086     2.75   16.28
 -66186.278   151.996     3.16   13.67
 -65898.876   153.934     6.74   10.79
 -65611.465   151.774    -7.51   11.71
 -65324.043   149.069    -9.41   13.76
 -65036.611   145.306   -13.09   12.94
 -64749.168   142.426   -10.02   10.59
 -64461.715   140.767    -5.77   10.10
 -64174.252   140.838     0.25    9.71
 -63886.779   141.865     3.57    9.14
 -63599.295   145.122    11.33    4.86
 -63311.801   146.128     3.50    5.57
 -63024.297   144.879    -4.34    9.44
 -62736.782   142.536    -8.15   11.88
 -62449.257   141.500    -3.61   11.85
 -62161.722   142.242     2.58   11.37
 -61874.177   143.440     4.17   11.35
 -61587.093   144.401     3.35   10.79
 -61301.651   145.579     4.13   10.33
 -61016.199   147.344     6.18    9.98
 -60730.738   149.155     6.34    8.73
 -60445.268   149.191     0.13    8.17
 -60159.789   148.417    -2.71    7.73
 -59874.300   148.394    -0.08    6.78
 -59588.801   148.164    -0.80    5.97
 -59303.294   148.978     2.85    6.15
 -59017.777   150.616     5.74    6.96
 -58732.250   152.915     8.05    7.49
 -58446.715   154.971     7.20    6.92
 -58161.170   156.160     4.16    6.24
 -57875.615   155.970    -0.67    5.38
 -57590.051   155.853    -0.41    4.83
 -57304.478   155.624    -0.80    5.38
 -57018.896   155.147    -1.67    6.37
 -56733.304   155.486     1.19    7.57
 -56447.702   156.364     3.07    8.77
 -56162.092   157.331     3.39    9.24
 -55876.471   158.047     2.51    9.37
 -55590.842   159.828     6.23    8.41
 -55305.203   161.858     7.11    5.83
 -55019.555   163.630     6.20    5.14
 -54733.897   164.022     1.37    4.50
 -54448.230   162.884    -3.98    5.27
 -54162.554   160.375    -8.78    8.39
 -53876.868   156.910   -12.13   11.81
 -53591.173   154.472    -8.53   11.84
 -53305.468   152.442    -7.11   11.37
 -53019.754   150.948    -5.23   10.92
 -52734.031   151.270     1.13   11.61
 -52448.298   153.352     7.28   12.05
 -52162.556   156.935    12.54    9.68
 -51876.805   158.392     5.10    9.29
 -51591.044   159.186     2.78    9.61
 -51305.273   160.069     3.09    9.45
 -51019.494   161.184     3.90    7.83
 -50733.704   161.765     2.03    6.80
 -50447.906   162.786     3.58    7.71
 -50162.098   161.916    -3.05   11.73
 -49876.281   157.734   -14.63   17.96
 -49590.454   153.941   -13.27   19.68
 -49304.618   152.826    -3.90   19.48
 -49018.772   152.884     0.20   20.26
 -48732.917   154.115     4.31   19.38
 -48447.053   155.322     4.22   17.36
 -48161.179   158.698    11.81   15.24
 -47875.296   160.748     7.17    9.57
 -47589.403   158.074    -9.35   11.37
 -47303.501   152.258   -20.34   13.88
 -47017.590   146.870   -18.84   15.00
 -46731.669   142.734   -14.47   14.87
 -46445.739   140.961    -6.20   15.93
 -46159.799   141.634     2.35   17.24
 -45873.850   144.292     9.30   18.35
 -45587.891   148.421    14.44   17.59
 -45301.923   153.074    16.27   13.24
 -45015.946   154.116     3.64   10.84
 -44729.959   150.566   -12.41   13.32
 -44443.963   146.602   -13.86   15.88
 -44157.957   140.403   -21.68   19.61
 -43871.942   134.352   -21.16   19.66
 -43585.917   131.936    -8.44   19.00
 -43299.883   132.844     3.17   19.03
 -43013.840   135.610     9.67   18.92
 -42727.787   138.637    10.58   17.18
 -42441.725   141.951    11.58   14.58
 -42155.653   144.910    10.34   11.61
 -41869.572   145.867     3.35    8.85
 -41583.482   145.706    -0.56    9.11
 -41297.381   141.352   -15.22   13.19
 -41011.272   136.083   -18.41   14.82
 -40725.153   131.885   -14.67   15.04
 -40439.025   129.316    -8.98   15.49
 -40152.887   127.436    -6.57   16.98
 -39866.740   127.268    -0.59   17.18
 -39580.583   128.501     4.31   17.69
 -39294.417   131.748    11.35   15.30
 -39008.241   134.055     8.06   13.50
 -38722.056   134.144     0.31   13.30
 -38435.862   130.485   -12.79   15.79
 -38149.658   124.619   -20.49   19.11
 -37863.444   115.622   -31.44   21.37
 -37577.222   110.014   -19.59   18.86
 -37290.989   108.708    -4.56   18.18
 -37004.747   109.345     2.23   18.41
 -36718.496   111.603     7.89   17.52
 -36432.236   113.686     7.28   16.30
 -36145.965   113.710     0.08   18.02
 -35859.686   112.589    -3.92   22.18
 -35573.397   105.786   -23.76   27.62
 -35287.098   100.118   -19.80   26.60
 -35000.790    97.770    -8.20   24.84
 -34714.473    96.853    -3.20   22.97
 -34428.146    98.685     6.40   22.87
 -34141.809   104.076    18.83   21.70
 -33855.463   107.805    13.02   19.76
 -33569.108   111.220    11.93   18.22
 -33282.743   111.407     0.65   19.12
 -32996.369   108.121   -11.48   23.17
 -32709.985   101.211   -24.13   27.59
 -32423.592    89.810   -39.81   32.56
 -32137.189    77.003   -44.71   32.67
 -31850.777    66.087   -38.11   31.73
 -31564.355    54.997   -38.72   28.40
 -31277.924    45.821   -32.03   23.74
 -30991.483    38.796   -24.53   20.24
 -30705.033    33.251   -19.36   17.15
 -30418.573    28.626   -16.15   13.30
 -30132.104    25.008   -12.63   11.44
 -29845.626    21.792   -11.23    9.28
 -29559.138    20.077    -5.98    8.36
 -29272.640    17.858    -7.75    7.49
 -28986.133    15.648    -7.71    5.33
 -28699.616    14.982    -2.32    5.04
 -28413.090    14.299    -2.38    4.88
 -28126.555    14.618     1.11    5.05
 -27840.010    14.990     1.30    5.83
 -27553.455    16.886     6.62    8.19
 -27266.891    19.449     8.94   10.11
 -26980.317    22.332    10.06   10.62
 -26693.734    25.044     9.46   10.81
 -26407.142    27.276     7.79   10.02
 -26120.540    29.229     6.82    8.73
 -25833.928    29.558     1.15    9.17
 -25547.307    28.347    -4.23   10.84
 -25260.676    25.672    -9.33   12.04
 -24974.036    22.989    -9.36   11.00
 -24687.387    22.051    -3.27    9.97
 -24400.727    21.442    -2.12    8.99
 -24114.059    21.337    -0.37    7.66
 -23827.381    21.629     1.02    6.95
 -23540.693    21.826     0.68    6.39
 -23253.996    21.845     0.07    6.17
 -22967.289    20.926    -3.21    5.85
 -22680.573    19.985    -3.29    4.92
 -22393.847    20.394     1.43    5.67
 -22107.112    20.345    -0.17    5.45
 -21820.367    19.715    -2.20    4.62
 -21533.613    19.832     0.41    4.44
 -21246.849    19.522    -1.08    3.69
 -20960.076    19.386    -0.47    3.68
 -20673.293    19.551     0.57    3.84
 -20386.500    19.044    -1.77    3.27
 -20099.698    19.142     0.34    3.71
 -19812.887    18.979    -0.57    3.50
 -19526.066    18.845    -0.47    2.93
 -19239.235    19.213     1.28    3.16
 -18952.395    20.384     4.08    4.52
 -18665.546    21.675     4.50    5.98
 -18378.687    22.808     3.95    7.97
 -18091.818    23.715     3.16    9.00
 -17804.940    25.692     6.89   10.63
 -17518.052    27.846     7.51   12.39
 -17231.155    30.960    10.85   14.12
 -16944.248    34.929    13.83   15.42
 -16657.331    38.636    12.92   16.22
 -16370.405    40.735     7.32   15.10
 -16083.470    45.357    16.11   15.51
 -15796.525    49.179    13.32   13.97
 -15509.570    53.263    14.23   13.18
 -15222.606    56.286    10.54   12.30
 -14935.632    57.455     4.07   11.46
 -14648.649    58.179     2.52   11.44
 -14361.656    57.001    -4.10   12.67
 -14074.654    52.959   -14.08   16.26
 -13787.642    46.651   -21.98   19.02
 -13500.621    38.951   -26.83   20.98
 -13213.590    31.399   -26.31   21.41
 -12926.549    23.959   -25.92   19.40
 -12639.499    16.953   -24.41   16.26
 -12352.439    11.411   -19.31   12.00
 -12065.370     7.396   -13.99    7.76
 -11778.291     5.312    -7.26    4.54
 -11491.203     4.172    -3.97    2.26
 -11204.105     4.105    -0.23    1.73
 -10916.997     4.320     0.75    1.55
 -10629.880     4.643     1.12    1.40
 -10342.754     4.702     0.21    1.39
 -10055.617     4.692    -0.03    1.37
  -9768.471     4.665    -0.09    2.10
  -9481.316     4.826     0.56    2.00
  -9194.151     4.752    -0.26    2.26
  -8906.977     4.629    -0.43    2.66
  -8619.792     5.388     2.64    3.16
  -8332.599     5.894     1.76    3.33
  -8045.395     6.529     2.21    3.52
  -7758.183     6.985     1.59    3.56
  -7470.960     7.132     0.51    3.69
  -7183.728     7.106    -0.09    3.76
  -6896.486     6.618    -1.70    3.47
  -6609.235     5.772    -2.95    2.09
  -6321.974     5.285    -1.70    0.60
  -6034.704     5.321     0.12    0.41
  -5747.424     5.402     0.28    0.33
  -5460.135     5.223    -0.62    1.40
  -5172.835     4.033    -4.14    3.85
  -4885.527     2.400    -5.68    5.29
  -4598.208     0.790    -5.60    6.00
  -4310.880    -1.017    -6.29    6.28
  -4023.543    -2.897    -6.54    5.87
  -3736.196    -4.285    -4.83    5.12
  -3448.839    -4.513    -0.79    4.96
  -3161.473    -5.319    -2.80    4.24
  -2874.097    -5.536    -0.76    4.00
  -2586.711    -5.925    -1.35    3.70
  -2299.316    -6.603    -2.36    2.62
  -2011.911    -6.614    -0.04    2.54
  -1724.497    -5.753     2.99    3.93
  -1437.073    -4.382     4.77    5.05
  -1149.639    -2.613     6.16    5.82
   -862.196    -1.471     3.97    6.03
   -574.743     0.026     5.21    5.92
   -287.281     1.082     3.67    5.72
      0.191     1.602     1.81    5.50
    287.086     2.026     1.48    5.41
    572.597     2.677     2.28    5.06
    858.117     3.515     2.93    4.39
   1143.645     4.148     2.22    3.72
   1429.182     4.788     2.24    2.68
   1714.728     5.375     2.05    0.71
   2000.282     5.177    -0.69    0.88
   2285.845     4.856    -1.13    1.23
   2571.417     4.252    -2.11    1.80
   2856.997     3.278    -3.41    2.45
   3142.586     2.019    -4.41    3.05
   3428.184     0.403    -5.66    3.56
   3713.790    -0.585    -3.46    3.44
   3999.406    -1.007    -1.48    3.38
   4285.030    -1.275    -0.94    3.61
   4570.662    -0.932     1.20    4.31
   4856.303    -0.606     1.14    4.72
   5141.953    -0.434     0.60    4.85
   5427.612    -0.144     1.01    4.75
   5713.279    -0.195    -0.18    4.72
   5998.956    -0.846    -2.28    4.29
   6284.640    -1.456    -2.14    4.10
   6570.334    -1.768    -1.09    3.83
   6856.036    -1.693     0.26    3.49
   7141.747    -2.170    -1.67    3.34
   7427.467    -2.746    -2.02    3.30
   7713.195    -3.662    -3.21    2.63
   7998.932    -3.003     2.31    6.24
   8284.678    -1.963     3.64    8.11
   8570.432    -0.507     5.10    9.90
   8856.195     2.987    12.23   14.06
   9141.967     6.404    11.96   15.33
   9427.748     9.999    12.58   16.61
   9713.537    17.125    24.93   20.42
   9999.335    24.243    24.90   22.07
  10285.142    29.821    19.52   23.11
  10570.958    38.642    30.86   24.77
  10856.782    47.493    30.97   22.78
  11142.615    52.500    17.52   21.15
  11428.456    58.234    20.06   22.30
  11714.307    63.906    19.84   22.62
  12000.166    67.741    13.42   25.36
  12286.034    75.729    27.94   29.93
  12571.910    85.882    35.52   33.04
  12857.795    96.704    37.86   37.51
  13143.689   113.113    57.39   43.58
  13429.592   128.268    53.01   45.10
  13715.504   141.954    47.87   49.02
  14001.424   156.738    51.71   52.20
  14287.353   168.322    40.51   51.49
  14573.290   174.131    20.32   52.48
  14859.237   182.022    27.60   53.85
  15145.192   186.096    14.25   51.52
  15431.156   187.394     4.54   53.23
  15717.129   186.058    -4.67   52.52
  16003.110   185.970    -0.31   49.16
  16289.100   183.270    -9.44   50.34
  16575.099   178.551   -16.50   50.37
  16861.106   172.085   -22.61   50.23
  17147.123   166.936   -18.00   50.89
  17433.148   164.824    -7.38   48.33
  17719.182   164.384    -1.54   42.35
  18005.224   166.716     8.15   40.46
  18291.275   172.729    21.02   42.41
  18577.336   181.338    30.09   46.77
  18863.404   194.728    46.81   50.85
  19149.482   206.522    41.23   51.89
  19435.568   217.508    38.40   52.65
  19721.663   229.346    41.38   54.15
  20007.767   242.108    44.61   55.75
  20293.880   255.752    47.69   53.69
  20580.001   270.858    52.80   52.11
  20866.131   283.799    45.23   53.19
  21152.270   296.464    44.26   50.72
  21438.418   303.709    25.32   46.01
  21724.574   303.508    -0.70   47.12
  22010.739   290.574   -45.20   60.40
  22296.913   273.445   -59.85   69.23
  22583.096   252.364   -73.67   64.05
  22869.287   234.492   -62.45   49.89
  23155.487   228.758   -20.04   42.97
  23441.696   241.986    46.22   51.26
  23727.914   266.033    84.02   59.40
  24014.140   297.264   109.11   57.61
  24300.376   315.360    63.22   46.63
  24586.620   321.640    21.94   38.17
  24872.872   322.286     2.26   37.48
  25159.134   316.115   -21.56   42.77
  25445.404   306.515   -33.53   45.83
  25731.683   292.955   -47.37   46.38
  26017.971   281.720   -39.24   43.94
  26304.268   278.154   -12.46   45.81
  26590.573   283.394    18.30   52.83
  26876.888   291.559    28.52   56.14
  27163.211   292.689     3.95   60.78
  27449.542   299.774    24.75   68.99
  27735.883   298.559    -4.24   69.18
  28022.232   293.189   -18.75   67.41
  28308.590   283.666   -33.25   60.88
  28594.957   278.004   -19.77   54.20
  28881.333   274.047   -13.82   50.05
  29167.717   281.452    25.86   51.71
  29454.111   292.926    40.06   53.00
  29740.513   304.429    40.16   52.09
  30026.924   312.865    29.45   50.31
  30313.343   324.160    39.43   53.83
  30599.772   345.925    75.99   63.16
  30886.209   367.701    76.02   75.81
  31172.655   391.213    82.08   79.56
  31459.110   410.715    68.08   75.44
  31745.573   426.409    54.78   73.49
  32032.046   436.544    35.38   74.34
  32318.527   439.936    11.84   78.84
  32605.017   433.919   -21.00   81.02
  32891.516   416.323   -61.42   74.22
  33178.023   405.246   -38.67   69.96
  33464.540   392.958   -42.89   68.00
  33751.065   381.913   -38.55   64.01
  34037.599   381.811    -0.36   66.51
  34324.142   383.901     7.29   64.90
  34610.694   396.029    42.33   66.03
  34897.254   415.065    66.43   71.10
  35183.823   435.734    72.13   68.29
  35470.401   453.826    63.13   61.10
  35756.988   466.856    45.46   51.59
  36043.584   472.364    19.22   49.86
  36330.188   470.676    -5.89   48.89
  36616.802   462.416   -28.82   49.58
  36903.424   462.479     0.22   47.10
  37190.055   468.841    22.20   49.35
  37476.695   472.029    11.12   56.42
  37763.343   478.375    22.14   56.81
  38050.001   483.522    17.96   54.11
  38336.667   485.480     6.83   50.10
  38623.342   489.167    12.86   46.72
  38910.026   481.404   -27.08   51.46
  39196.718   463.976   -60.79   55.52
  39483.420   449.671   -49.90   52.21
  39770.130   429.670   -69.76   50.74
  40056.849   406.705   -80.10   59.19
  40343.577   386.674   -69.86   64.22
  40630.314   377.812   -30.91   61.41
  40917.060   376.465    -4.70   62.80
  41203.814   378.669     7.69   60.48
  41490.578   382.688    14.01   54.62
  41777.350   383.981     4.51   50.03
  42064.131   384.732     2.62   44.93
  42350.921   379.253   -19.11   47.38
  42637.719   366.465   -44.59   48.71
  42924.527   350.375   -56.10   45.62
  43211.343   339.776   -36.95   45.24
  43498.168   322.824   -59.10   53.27
  43785.002   296.310   -92.44   63.47
  44071.845   272.755   -82.12   63.15
  44358.697   256.001   -58.41   56.71
  44645.557   249.722   -21.89   53.13
  44932.427   241.614   -28.26   48.48
  45219.305   237.342   -14.89   47.56
  45506.192   237.812     1.64   45.51
  45793.088   239.572     6.14   43.94
  46079.993   240.086     1.79   39.86
  46366.906   237.316    -9.66   33.64
  46653.829   235.283    -7.09   26.34
  46940.760   232.855    -8.46   19.83
  47227.700   235.334     8.64   17.37
  47514.649   240.458    17.86   20.02
  47801.607   250.894    36.37   27.50
  48088.574   263.147    42.70   32.60
  48375.549   280.431    60.23   37.54
  48662.534   293.932    47.05   40.05
  48949.527   306.551    43.97   42.89
  49236.529   320.415    48.31   47.95
  49523.540   331.616    39.03   51.08
  49810.560   341.323    33.82   52.84
  50097.589   356.804    53.93   58.86
  50384.627   365.971    31.94   61.25
  50671.673   373.022    24.56   59.90
  50958.728   388.255    53.07   62.60
  51245.793   393.343    17.72   64.39
  51532.866   403.066    33.87   68.11
  51819.948   413.860    37.60   70.11
  52107.039   413.457    -1.41   66.92
  52394.138   418.660    18.12   66.28
  52681.247   423.044    15.27   64.24
  52968.364   422.884    -0.55   59.74
  53255.491   427.622    16.50   59.84
  53542.626   429.347     6.01   59.28
  53829.770   425.768   -12.46   49.37
  54116.923   430.000    14.74   46.37
  54404.085   432.436     8.48   40.11
  54691.255   435.257     9.82   35.23
  54978.435   443.658    29.25   34.72
  55265.623   451.065    25.79   32.68
  55552.821   455.334    14.87   28.89
  55840.027   463.258    27.59   29.79
  56127.242   468.908    19.67   30.63
  56414.466   474.581    19.75   30.02
  56701.699   485.111    36.66   32.54
  56988.941   495.806    37.23   32.30
  57276.192   507.450    40.54   32.94
  57563.451   521.515    48.97   32.02
  57850.720   534.707    45.92   29.36
  58137.997   546.712    41.79   26.28
  58425.283   555.529    30.69   25.94
  58712.578   565.012    33.01   28.42
  58999.882   576.551    40.17   32.30
  59287.195   587.647    38.62   34.54
  59574.517   601.623    48.64   32.33
  59861.848   612.809    38.93   26.09
  60149.188   622.401    33.38   24.23
  60436.536   626.850    15.49   24.16
  60723.894   623.124   -12.97   30.75
  61011.260   617.487   -19.61   38.43
  61298.635   610.106   -25.68   44.13
  61586.019   603.756   -22.10   51.12
  61873.412   597.158   -22.96   57.18
  62160.148   589.897   -25.32   63.73
  62445.732   593.128    11.31   71.29
  62731.324   597.168    14.15   77.54
  63016.925   600.015     9.97   77.60
  63302.533   599.537    -1.67   76.38
  63588.149   593.465   -21.26   79.48
  63873.774   595.941     8.67   76.49
  64159.406   595.957     0.06   74.77
  64445.046   592.580   -11.82   73.02
  64730.695   592.302    -0.97   71.56
  65016.351   597.833    19.36   70.23
  65302.015   613.508    54.87   70.19
  65587.688   629.112    54.62   66.79
  65873.368   639.948    37.93   65.05
  66159.056   665.608    89.82   73.27
  66444.753   695.732   105.44   78.95
  66730.457   725.125   102.88   81.44
  67016.170   757.301   112.62   74.89
  67301.890   779.898    79.09   57.40
  67587.619   788.124    28.79   45.80
  67873.355   787.805    -1.12   47.50
  68159.100   772.147   -54.80   60.71
  68444.852   747.522   -86.18   69.82
  68730.613   713.022  -120.73   71.04
  69016.382   684.980   -98.13   66.29
  69302.158   673.565   -39.94   63.58
  69587.943   673.710     0.51   74.55
  69873.736   680.170    22.60   87.02
  70159.536   676.931   -11.33   91.40
  70445.345   671.375   -19.44   95.58
  70731.162   677.653    21.96   97.99
  71016.987   679.094     5.04   96.40
  71302.819   666.765   -43.13   99.58
  71588.660   651.254   -54.26   97.35
  71874.509   630.065   -74.13   94.95
  72160.366   611.989   -63.23   96.72
  72446.231   592.816   -67.07  103.76
  72732.104   567.580   -88.28  108.60
  73017.985   538.118  -103.06  111.03
  73303.874   509.276  -100.89  113.67
  73589.772   470.700  -134.93  116.10
  73875.677   438.664  -112.05  102.91
  74161.590   423.382   -53.45   91.50
  74447.511   422.379    -3.51   92.61
  74733.440   432.844    36.60  110.97
  75019.378   443.181    36.15  123.77
  75305.323   452.623    33.02  124.67
  75591.277   447.453   -18.08  123.79
  75877.238   433.618   -48.38  122.54
  76163.208   406.706   -94.11  123.60
  76449.185   368.108  -134.97  111.50
  76735.171   341.691   -92.37   95.26
  77021.164   327.312   -50.28   75.34
  77307.166   327.207    -0.37   76.45
  77593.176   348.846    75.66   89.69
  77879.194   385.647   128.67  102.16
  78165.220   432.286   163.06   96.31
  78451.254   478.072   160.07   74.22
  78737.296   503.841    90.09   64.49
  79023.346   521.493    61.71   61.80
  79309.404   528.217    23.51   60.39
  79595.470   527.787    -1.51   65.22
  79881.544   524.372   -11.94   74.40
  80167.626   533.401    31.56   88.36
  80453.717   549.081    54.81   95.36
  80739.815   557.450    29.25   97.43
  81025.921   553.689   -13.14  105.28
  81312.036   541.595   -42.27  109.96
  81598.159   538.272   -11.61  103.28
  81884.289   522.651   -54.60   99.02
  82170.428   511.501   -38.97   87.52
  82456.575   507.044   -15.57   88.52
  82742.730   521.453    50.35   97.44
  83028.892   543.390    76.66  106.59
  83315.063   558.629    53.25  104.92
  83601.242   567.291    30.27  103.83
  83887.430   571.954    16.29   99.34
