# NaN NaN NaN ;Mean Elev.(m), Avg Gradient(m/km), RMS Gradient(m/km) - SRTM1     
#   13.398 -21.431  44.367 ;Mean Elev.(m), Avg Gradient(m/km), RMS Gradient(m/km) - ASTER GDEM
#   32.014 -21.158  46.165 ;Mean Elev.(m), Avg Gradient(m/km), RMS Gradient(m/km) - GMTED2010 
   2 201.670616  64.572720    82.306    81.510  7 54670.88214224 23.908
   3 201.673492  64.574337    20.984    20.927  7 54680.79778649 12.618
   4 201.672702  64.574919    80.658    80.683  7 54690.71342916 28.909
   5 201.673300  64.574556    22.331    22.341  6 54700.62906959 11.530
   6 201.670912  64.572730    33.610    33.610  7 54710.54471522 23.236
   7 201.669226  64.571313    -4.941    -9.740  8 54720.46036618 26.098
   8 201.665499  64.570024    85.654    85.428  7 54730.37601438  8.140
   9 201.668704  64.570964    78.707    78.700  7 54740.29166181 28.827
  10 201.669127  64.571706    85.562    85.845  7 54750.20730900 14.746
  11 201.672726  64.572694    82.413    82.489  7 54760.12295633 26.433
  12 201.670365  64.571820    96.042    96.446  8 54770.03860062 19.881
  13 201.666345  64.570150    83.705    83.831  7 54779.95424137 12.837
  14 201.667873  64.569378    83.015    84.989  8 54789.86988012 13.527
  15 201.669852  64.569742    82.000    86.602  6 54799.78551786  6.421
  17 201.669688  64.571234    31.152    31.173  8 54819.61679384 28.820
  18 201.670194  64.572103    31.169    31.153  7 54829.53244617 23.733
  19 201.670520  64.572898    30.976    30.958  7 54839.44808502 20.210
  20 201.674916  64.574817    30.686    30.681  7 54849.36373463 15.954
  21 201.674195  64.576085    30.592    30.583  7 54859.27938329 12.058
  22 201.677719  64.577472    30.877    30.522  7 54869.19503249 11.111
  23 201.676345  64.576392    33.045    32.972  7 54879.11068009 12.286
  24 201.672343  64.573579    31.615    31.559  7 54889.02632417 13.032
  25 201.670893  64.571421    33.375    33.476  7 54898.94196531  8.503
  26 201.669514  64.571040    33.598    33.305  8 54908.85760413  7.748
  27 201.672756  64.572484    33.244    33.072  7 54918.77324221  7.227
  28 201.670673  64.572547    33.294    33.363  7 54928.68887946  7.288
  29 201.670289  64.571296    34.063    34.060  7 54938.60451598  9.642
  30 201.666173  64.568703    29.687    29.672  7 54948.52015037 29.623
  31 201.667056  64.567476    34.068    34.105  8 54958.43578677 35.742
  32 201.667469  64.568295    87.023    86.950  8 54968.35143536 29.930
  33 201.668274  64.569991    57.730    54.911  7 54978.26708302 11.960
  34 201.670234  64.571615    79.375    78.971  8 54988.18273078  4.099
  35 201.669673  64.571927    36.159    36.013  7 54998.09837837 26.139
  36 201.670907  64.572298    36.177    35.854  7 55008.01402435 21.404
  37 201.672211  64.572940    85.152    85.424  7 55017.92966837 19.384
  38 201.675065  64.574571    34.424    34.168  7 55027.84531117 30.286
  39 201.674505  64.575812    34.093    34.267  6 55037.76095311 20.134
  40 201.676550  64.576237    32.671    32.285  7 55047.67659412 25.672
  41 201.670594  64.573368    83.363    83.278  7 55057.59223219 26.828
  42 201.665158  64.569604    82.952    81.902  7 55067.50786887  2.719
  43 201.666771  64.568559    47.858    47.998  7 55077.42351914 18.469
  44 201.668832  64.569645    34.735    34.651  8 55087.33916719 19.797
  45 201.670235  64.571750    31.902    31.914  7 55097.25481368 49.935
  46 201.673559  64.573458    44.972    44.569  7 55107.17045991 15.804
  47 201.670608  64.572258    88.762    85.490  8 55117.08610478 25.804
  48 201.669226  64.570057    80.569    81.112  7 55127.00174739 24.172
  49 201.666990  64.568311    95.465    95.387  7 55136.91738762 18.434
  50 201.666333  64.568524    82.367    84.395  8 55146.83302619  7.019
  51 201.665304  64.570115    88.003    88.003  2 55156.74866407  1.163
  52 201.668499  64.571938    82.573    84.015  7 55166.66430235  0.897
  54 201.670777  64.571649    31.365    31.345  7 55186.49558259 18.380
  55 201.669930  64.571894    31.454    31.510  8 55196.41123350 19.590
  56 201.675222  64.574357    31.687    31.633  7 55206.32688396 15.529
  57 201.674497  64.576189    32.032    32.058  7 55216.24253324 14.171
  58 201.676065  64.576997    32.108    32.122  6 55226.15818210 12.790
  59 201.673960  64.574892    31.283    31.318  7 55236.07382803 12.916
  60 201.670151  64.571207    30.990    30.969  7 55245.98947030 12.405
  61 201.666538  64.568629    31.254    31.186  8 55255.90510994 12.637
  62 201.666658  64.569316    31.260    31.218  8 55265.82074881 12.496
  63 201.669151  64.571857    31.246    31.192  7 55275.73638723 12.548
  64 201.671287  64.573040    31.206    31.138  7 55285.65202462 10.711
  65 201.669236  64.571049    31.177    31.205  8 55295.56765942 10.850
  66 201.671071  64.568674    33.273    33.184  5 55305.48329868  5.811
  67 201.665383  64.566717    29.363    29.361  8 55315.39894505 30.604
  68 201.664437  64.567820    32.755    32.778  8 55325.31459054 41.765
  69 201.670123  64.571184    51.892    45.421  8 55335.23023563 26.772
  70 201.669702  64.572946    80.393    80.380  7 55345.14587969 27.749
  71 201.671643  64.573365    40.369    42.312  7 55355.06152295 21.342
  72 201.672816  64.572929    33.711    34.017  7 55364.97716401 24.627
  73 201.670664  64.572191    34.259    34.039  8 55374.89280315 22.859
  74 201.667453  64.572254    54.516    54.481  5 55384.80844110  5.075
  75 201.670733  64.573526    41.459    41.816  7 55394.72407886 14.303
  76 201.669830  64.573366    82.854    82.592  7 55404.63971751 26.559
  77 201.672082  64.572629    83.900    84.043  7 55414.55536917 27.219
  78 201.667620  64.569716    35.289    35.433  7 55424.47101700 19.583
  79 201.665034  64.567666    84.560    82.729  7 55434.38666248 20.847
  80 201.667094  64.568661    55.520    55.798  7 55444.30230716  7.876
  81 201.668472  64.570871    81.204    81.248  7 55454.21795072 22.587
  82 201.673785  64.573308    36.267    32.986  7 55464.13359389 19.392
  83 201.668344  64.571600    46.577    46.618  7 55474.04923328 16.633
  84 201.667319  64.568982    78.991    78.585  7 55483.96487007 28.109
  85 201.665330  64.566617    94.371    94.363  8 55493.88050466 19.298
  86 201.665417  64.567039    81.041    80.721  7 55503.79613842 22.114
  87 201.669458  64.570461    93.530    93.390  7 55513.71178723 22.741
  88 201.670216  64.573062    80.070    79.540  7 55523.62743704 22.203
  89 201.670402  64.573897    30.375    30.374  7 55533.54308497 28.455
  90 201.674572  64.573954    29.956    29.966  7 55543.45873144 24.105
  91 201.669895  64.572805    29.949    29.953  7 55553.37437508 22.347
  92 201.672615  64.573897    30.635    30.475  7 55563.29001844 17.033
  93 201.671673  64.574489    29.947    29.898  7 55573.20566082 18.380
  94 201.670620  64.573882    30.344    30.165  7 55583.12130178 17.115
  95 201.668525  64.571562    30.281    30.384  7 55593.03693912 15.682
  96 201.666851  64.568744    30.312    30.134  8 55602.95257312 15.807
  97 201.666899  64.567230    30.715    30.717  8 55612.86820523 16.189
  98 201.666580  64.567510    30.086    30.136  8 55622.78384084 16.243
  99 201.667045  64.569700    30.331    30.126  8 55632.69949383 16.307
 100 201.667663  64.570875    30.171    29.996  7 55642.61514450 15.360
 101 201.668857  64.570670    29.202    29.100  7 55652.53079227 19.169
 102 201.666562  64.568720    31.291    31.099  8 55662.44643543 12.679
 103 201.666734  64.568075    29.907    29.786  7 55672.36207589 16.990
 104 201.668331  64.569043    33.927    31.748  7 55682.27771515 14.483
 105 201.669869  64.570923    31.910    31.922  7 55692.19335294 39.800
 106 201.672537  64.572530    37.707    37.574  7 55702.10898922 23.787
 107 201.671688  64.572843    84.754    84.818  7 55712.02463170 25.191
 108 201.669542  64.572623    36.078    35.882  7 55721.94028110 24.340
 109 201.670127  64.572919    82.102    82.246  7 55731.85592872 27.529
 110 201.671601  64.573429    35.312    35.372  7 55741.77157514 43.195
 111 201.671342  64.573483    35.427    35.371  7 55751.68722008 18.944
 112 201.671767  64.572746    84.399    84.497  7 55761.60286269 22.599
 113 201.669158  64.570914    34.621    34.651  8 55771.51850211 29.321
 114 201.666283  64.568688    50.101    50.541  7 55781.43413800 16.351
 115 201.666542  64.567875    81.002    81.391  7 55791.34977171 26.429
 116 201.656993  64.566401    80.058    80.590  4 55801.26540331  4.687
 117 201.667650  64.569529    50.318    50.338  8 55811.18105451 13.582
 118 201.669776  64.570561    82.636    82.737  7 55821.09670356 28.537
 119 201.667634  64.569675    80.397    80.846  8 55831.01234732 13.866
 120 201.664679  64.567964    75.887    80.694  8 55840.92798637  4.889
 121 201.664716  64.567453    80.974    81.405  7 55850.84362268 29.171
 122 201.667615  64.568835    79.968    80.637  8 55860.75925731 23.747
 123 201.669528  64.571387    30.860    30.900  7 55870.67490976 39.375
 124 201.669556  64.572766    30.742    30.724  7 55880.59056037 24.490
 125 201.674145  64.573659    30.728    30.735  7 55890.50620471 18.443
 126 201.672683  64.573005    41.969    44.090  7 55900.42184253 11.483
 127 201.671305  64.572476    38.382    40.545  7 55910.33747567 12.131
 128 201.674534  64.574024    32.149    32.285  7 55920.25312901 14.555
 129 201.669864  64.573292    31.785    31.865  7 55930.16878096 13.279
 130 201.670518  64.572056    31.440    31.167  8 55940.08442955 14.341
 131 201.668478  64.569891    31.788    31.738  7 55950.00007314  8.618
 132 201.666422  64.568786    31.309    31.372  7 55959.91571262  8.852
 133 201.667087  64.569389    31.671    31.605  7 55969.83135006  9.477
 134 201.667983  64.570392    31.583    31.495  7 55979.74698649 10.552
 135 201.668625  64.570255    31.431    31.459  8 55989.66262196  9.306
 136 201.667089  64.569284    31.694    31.636  7 55999.57826477  9.528
 137 201.667770  64.568805    31.841    31.744  7 56009.49391553  9.192
 138 201.667528  64.568815    31.753    31.824  7 56019.40956213  8.431
 139 201.668585  64.570083    33.769    34.153  7 56029.32520604  8.934
 140 201.672248  64.572261    33.207    33.472  7 56039.24084846  6.787
 141 201.673334  64.573294    31.165    31.182  7 56049.15648857 34.874
 142 201.670243  64.572901    36.704    36.600  7 56059.07212552 46.056
 143 201.669075  64.571768    96.527    94.306  7 56068.98775956 24.208
 144 201.670742  64.572480   101.419   100.939  8 56078.90341096 19.220
 145 201.670309  64.573265    86.366    87.136  7 56088.81905940 24.154
 146 201.674093  64.574618    36.194    36.049  7 56098.73470575 27.061
 147 201.672697  64.573740    82.792    83.271  7 56108.65034912 27.687
 148 201.668748  64.571005    80.545    80.844  8 56118.56597768 12.354
 150 201.665219  64.566968    35.450    35.354  8 56138.39724767 20.829
 151 201.666911  64.568862    82.010    81.655  8 56148.31289541 26.721
 152 201.668403  64.571121    52.970    50.289  7 56158.22854490 12.981
 153 201.669101  64.571887    38.283    40.688  7 56168.14419313 21.874
 154 201.668377  64.570577    82.237    82.051  7 56178.05983823 19.438
 155 201.667900  64.568913    46.540    47.662  8 56187.97547878 21.118
 156 201.662649  64.567603    66.111    63.222  7 56197.89111541  7.594
 157 201.667268  64.569622    82.161    82.386  7 56207.80675025 28.033
 158 201.670842  64.572010    81.695    81.742  8 56217.72238336 24.996
 159 201.671388  64.573405    82.245    81.491  7 56227.63802747 22.524
 160 201.673790  64.573748    95.553    96.428  7 56237.55368211 16.356
 162 201.676223  64.573265    37.630    34.651  5 56257.38497840 14.152
 163 201.672502  64.573577    31.547    31.658  7 56267.30062028 19.745
 164 201.673943  64.574505    36.330    32.408  7 56277.21626102 13.848
 165 201.672541  64.574017    31.985    32.165  7 56287.13190878 15.433
 166 201.670407  64.571603    31.391    31.499  8 56297.04755797 16.132
 167 201.666884  64.568806    72.089    75.529  8 56306.96320302  2.900
 168 201.665810  64.568096    31.291    31.595  7 56316.87884548 15.512
 169 201.668860  64.570365    32.003    32.056  7 56326.79448691 13.958
 170 201.672121  64.572692    57.933    53.301  7 56336.71012734  4.386
 171 201.669271  64.572264    32.449    32.522  7 56346.62576549 12.047
 172 201.668653  64.570177    32.024    31.749  7 56356.54140123 12.534
 173 201.665259  64.568190    32.141    31.947  8 56366.45704831 12.233
 176 201.676266  64.575154    66.187    63.761  4 56396.20398773  0.380
 179 201.670934  64.572162    31.386    31.253  8 56425.95089976 20.533
 180 201.671293  64.571872    31.997    32.432  7 56435.86654925 41.401
 181 201.670405  64.572832    85.108    85.042  7 56445.78220103 26.323
 182 201.672784  64.574677    86.633    86.559  7 56455.69785077 26.298
 183 201.673175  64.574614    82.402    82.787  7 56465.61349713 25.005
 184 201.671254  64.572261    42.651    41.570  7 56475.52913932 18.736
 185 201.667161  64.568881    81.510    81.683  7 56485.44477776 26.615
 186 201.665548  64.567560    50.916    49.995  8 56495.36041370 15.124
 187 201.667164  64.568933    81.348    81.086  7 56505.27604844 26.834
 188 201.671013  64.571188    80.739    80.595  7 56515.19168197 28.774
 189 201.670326  64.572229    79.471    79.434  8 56525.10733553 13.913
 190 201.669549  64.571209    81.902    79.543  8 56535.02298643  7.767
 192 201.668163  64.569651    80.476    80.539  8 56554.85427782 25.657
 193 201.672297  64.572260    43.265    45.342  7 56564.76992116 20.009
 194 201.674941  64.575058    33.247    33.494  7 56574.68556302 26.995
 195 201.672430  64.575505    79.040    75.393  7 56584.60120140 19.985
 196 201.673844  64.574364    35.976    33.861  7 56594.51683682 23.187
 197 201.671577  64.572971    80.150    80.201  7 56604.43248957 24.338
 198 201.672780  64.572533    29.763    29.695  7 56614.34813795 47.161
 199 201.669929  64.572520    30.639    30.598  7 56624.26378213 43.721
 200 201.670881  64.573177    79.603    78.941  7 56634.17942392 17.428
 201 201.668930  64.572374    30.852    30.870  7 56644.09506052 24.489
 202 201.671459  64.571703    30.822    30.758  7 56654.01071348 22.205
 203 201.668924  64.569750    31.141    31.185  8 56663.92636196 19.071
 204 201.668142  64.569052    30.752    30.713  8 56673.84200794 20.052
 205 201.669400  64.570587    31.364    31.263  8 56683.75765299 17.893
 206 201.672682  64.572661    31.517    31.392  7 56693.67329615 18.386
 207 201.673566  64.573199    31.796    31.575  7 56703.58893465 17.786
 208 201.668607  64.570936    31.458    31.416  8 56713.50456715 16.716
 210 201.670903  64.571173    32.051    32.214  7 56733.33586685 14.560
 211 201.671893  64.573372    32.205    32.321  7 56743.25151436 14.692
 212 201.674172  64.575599    32.459    32.464  7 56753.16715768 14.270
 214 201.672225  64.574082    30.279    30.032  7 56772.99842761 33.473
 215 201.674041  64.573894    60.654    63.700  7 56782.91408541 14.176
 216 201.673139  64.573651    85.580    84.390  7 56792.82973926 26.248
 217 201.670021  64.573720    35.285    35.295  7 56802.74539009 26.000
 218 201.670540  64.573924    85.297    84.460  7 56812.66103340 25.586
 219 201.667185  64.572638    85.593    85.662  5 56822.57667257 19.994
 220 201.670645  64.571523    81.003    80.637  7 56832.49230820 26.949
 221 201.666616  64.569105    84.424    84.619  7 56842.40793967 28.202
 222 201.666988  64.568881    48.243    48.232  8 56852.32357924 15.746
 223 201.670657  64.570889    41.632    38.598  7 56862.23923398 20.335
 224 201.671164  64.572496    81.306    81.034  7 56872.15488784 26.470
 225 201.669197  64.572754    34.949    34.959  7 56882.07053833 23.612
 226 201.666165  64.572101    84.721    82.695  6 56891.98618500  6.302
 227 201.673032  64.572915    38.478    35.782  7 56901.90182963 16.250
 228 201.671281  64.573542    85.990    85.873  7 56911.81747148 21.404
 229 201.672309  64.574775    86.360    86.210  7 56921.73311199 23.521
 230 201.676409  64.576127    43.694    43.298  7 56931.64875056 16.961
 231 201.669899  64.574400    83.382    81.143  6 56941.56438277 19.759
 232 201.670502  64.573494    81.780    81.718  7 56951.48002430 23.968
 233 201.671873  64.573279    79.608    79.830  7 56961.39567567 24.393
 234 201.669633  64.572922    81.278    81.315  7 56971.31132179 10.924
 235 201.671228  64.573125    31.172    31.211  7 56981.22696427 45.575
 236 201.673049  64.572760    32.033    32.003  7 56991.14260232 32.575
 237 201.668414  64.570295    31.501    31.321  8 57001.05823327 18.808
 238 201.668007  64.569963    31.517    31.384  8 57010.97389046 19.079
 239 201.668908  64.569983    31.680    31.544  8 57020.88954241 17.046
 240 201.668576  64.570785    31.935    32.041  8 57030.80519134 13.245
 241 201.671909  64.572283    31.191    31.210  7 57040.72083879 15.132
 242 201.672958  64.573041    31.663    31.441  7 57050.63648383 13.741
 243 201.670761  64.572156    31.137    31.129  7 57060.55212435 16.975
 244 201.671284  64.571453    30.615    30.646  7 57070.46775953 14.660
 245 201.669220  64.570914    31.410    31.092  7 57080.38339020 13.770
 246 201.672079  64.572628    31.756    31.543  7 57090.29903089 14.148
 247 201.673997  64.575179    31.779    31.852  7 57100.21468911 12.766
 248 201.675109  64.576271    32.034    31.842  7 57110.13034408 10.916
 249 201.673448  64.575090    32.213    32.248  7 57120.04599307 12.040
 250 201.673645  64.573699    31.414    31.649  7 57129.96163634 16.688
 251 201.673129  64.573010    30.089    30.122  7 57139.87727421 25.280
 252 201.673386  64.573274    73.785    83.994  7 57149.79290863  9.641
 253 201.669433  64.572395    83.266    83.306  7 57159.70853964 25.222
 254 201.668433  64.571690    87.720    87.315  7 57169.62419113 25.311
 255 201.668856  64.570603    35.067    35.062  7 57179.53984665 28.314
 256 201.667878  64.569567    78.021    87.006  7 57189.45549801  7.102
 257 201.667568  64.570076    93.403    93.792  8 57199.37114588 25.585
 258 201.669268  64.571801    82.774    82.759  7 57209.28678037 12.034
 259 201.672335  64.573347    54.171    50.731  7 57219.20242502  8.170
 260 201.671684  64.572987    33.391    33.350  7 57229.11806817 29.363
 261 201.669787  64.571830    94.382    94.433  7 57239.03370893 26.191
 262 201.668469  64.570934    33.154    33.114  7 57248.94934669 49.208
 264 201.670630  64.573184    35.420    35.437  7 57268.78061675 37.141
 265 201.674164  64.575469    43.355    42.376  6 57278.69626731 14.229
 266 201.675330  64.575931    82.058    81.614  7 57288.61192338 27.933
 267 201.675720  64.574890    80.644    80.587  7 57298.52757640 26.406
 268 201.671203  64.572629    79.424    79.126  7 57308.44322529 26.249
 269 201.672749  64.572741    81.820    81.737  7 57318.35887132 20.215
 270 201.671805  64.573531    80.966    80.928  7 57328.27451407 22.767
 271 201.675811  64.575076    80.526    80.570  7 57338.19015518 22.520
 272 201.666200  64.573052    82.477    80.648  5 57348.10580267  6.367
 273 201.669283  64.571563    31.054    31.162  7 57358.02144926 32.895
 274 201.667561  64.569352    31.562    31.501  8 57367.93709202 31.442
 275 201.667070  64.569246    32.088    31.971  8 57377.85273205 31.673
 276 201.669652  64.571309    31.953    31.983  8 57387.76837078 24.410
 277 201.670397  64.572721    31.671    31.594  7 57397.68400847 22.615
 278 201.670942  64.572460    31.658    31.618  7 57407.59964457 21.239
 279 201.669870  64.571426    31.372    31.343  8 57417.51529672 24.574
 280 201.670934  64.571245    31.476    31.464  7 57427.43094755 19.978
 281 201.671065  64.572641    31.084    31.057  7 57437.34659571 27.059
 282 201.672285  64.575264    31.239    31.043  7 57447.26224263 19.672
 283 201.677979  64.577772    30.609    30.576  7 57457.17788894 22.249
 284 201.675675  64.576710    31.212    31.545  7 57467.09353175 18.091
 285 201.674509  64.573810    30.316    30.282  7 57477.00917057 21.668
 287 201.672868  64.570378    30.228    30.225  5 57496.84043963 26.972
 288 201.670308  64.571238    31.959    31.794  8 57506.75607643 38.608
 289 201.670808  64.573082    86.101    86.455  7 57516.67173283 27.624
 290 201.671066  64.572930    82.142    81.738  7 57526.58738628 23.706
 291 201.667624  64.570386    84.017    84.629  7 57536.50303669 25.552
 292 201.666438  64.568695    82.662    82.935  7 57546.41868466 28.465
 293 201.666151  64.569048    82.542    82.383  7 57556.33433119 17.823
 294 201.670522  64.571870    59.690    54.312  8 57566.24997706  5.554
 295 201.674744  64.574284    34.399    34.436  7 57576.16562217 26.762
 296 201.675338  64.574602    35.584    35.481  7 57586.08126584 17.561
 297 201.673840  64.573334    36.792    35.044  7 57595.99690699 19.842
