-120488.154    90.264     0.00   14.95
-120202.443    91.719     5.09   16.44
-119916.719    90.482    -4.33   17.66
-119630.980    90.862     1.33   17.06
-119345.228    91.301     1.54   16.29
-119059.462    91.577     0.97   14.34
-118773.682    89.504    -7.25   12.10
-118487.888    89.338    -0.58    9.99
-118202.080    89.777     1.53    8.47
-117916.258    92.733    10.34    9.49
-117630.423    96.898    14.57   12.03
-117344.573   101.843    17.30   13.42
-117058.710   108.039    21.67   15.22
-116772.832   114.896    23.98   15.64
-116486.941   121.921    24.57   17.87
-116201.036   131.963    35.12   23.91
-115915.117   143.889    41.71   31.88
-115629.184   159.910    56.03   40.28
-115343.237   173.711    48.26   42.80
-115057.277   181.910    28.67   39.41
-114771.302   188.620    23.46   36.04
-114485.313   191.970    11.71   35.17
-114199.311   191.992     0.08   34.14
-113913.295   190.832    -4.06   33.47
-113627.264   185.822   -17.52   35.75
-113341.220   185.652    -0.59   37.91
-113055.162   186.756     3.86   42.26
-112769.090   188.713     6.84   44.56
-112483.004   194.361    19.74   49.98
-112196.904   210.380    55.99   62.49
-111910.790   231.797    74.85   64.86
-111624.662   250.256    64.51   59.69
-111338.520   262.744    43.64   54.78
-111052.364   277.485    51.51   55.51
-110766.195   294.752    60.34   59.15
-110480.011   308.200    46.99   57.65
-110193.813   316.924    30.48   52.13
-109907.602   324.108    25.10   47.62
-109621.376   339.902    55.18   50.73
-109335.137   356.659    58.54   58.23
-109048.884   354.466    -7.66   68.60
-108762.616   366.883    43.37   75.35
-108476.335   387.136    70.74   75.70
-108190.039   410.108    80.23   66.55
-107903.730   419.412    32.50   58.59
-107617.407   421.167     6.13   60.00
-107331.070   425.508    15.16   63.10
-107044.718   430.553    17.62   61.45
-106758.353   430.667     0.40   62.80
-106471.974   419.874   -37.68   64.38
-106185.581   407.953   -41.62   65.92
-105899.173   384.142   -83.13   66.96
-105612.752   354.008  -105.20   70.60
-105326.317   326.433   -96.27   72.20
-105039.868   303.087   -81.50   70.23
-104753.405   277.248   -90.19   60.37
-104466.927   264.023   -46.16   53.25
-104180.436   259.188   -16.88   49.21
-103893.931   256.748    -8.52   45.66
-103607.412   266.321    33.41   50.76
-103320.879   282.762    57.38   58.12
-103034.331   311.785   101.28   65.83
-102747.770   336.197    85.19   66.65
-102461.195   358.594    78.15   65.71
-102174.605   370.022    39.88   62.12
-101888.002   385.969    55.64   54.13
-101601.385   392.311    22.13   51.03
-101314.753   392.461     0.52   52.23
-101028.108   383.346   -31.80   49.69
-100741.448   383.117    -0.80   46.21
-100454.775   374.421   -30.33   45.22
-100168.087   363.320   -38.72   40.69
 -99881.386   352.368   -38.20   46.33
 -99594.670   332.734   -68.48   55.55
 -99307.940   310.533   -77.43   57.31
 -99021.197   289.814   -72.25   58.70
 -98734.439   282.233   -26.44   63.36
 -98447.667   275.731   -22.67   64.10
 -98160.881   271.105   -16.13   62.66
 -97874.081   264.603   -22.67   59.73
 -97587.267   254.954   -33.64   51.29
 -97300.439   243.195   -40.99   47.30
 -97013.597   238.705   -15.65   42.68
 -96726.740   243.346    16.18   40.63
 -96439.870   249.762    22.36   39.45
 -96152.985   260.774    38.39   39.42
 -95866.087   274.595    48.17   43.32
 -95579.174   291.145    57.68   37.88
 -95292.248   301.682    36.72   32.21
 -95005.307   304.992    11.54   32.55
 -94718.352   296.054   -31.15   41.36
 -94431.383   284.872   -38.96   44.60
 -94144.400   272.185   -44.21   42.10
 -93857.403   263.188   -31.35   39.56
 -93570.392   258.023   -17.99   43.58
 -93283.366   259.977     6.81   49.34
 -92996.327   261.727     6.10   51.41
 -92709.273   262.290     1.96   49.97
 -92422.206   251.305   -38.26   54.38
 -92135.124   240.305   -38.32   54.18
 -91848.028   222.170   -63.16   49.92
 -91560.918   203.328   -65.63   44.79
 -91273.794   184.022   -67.24   38.42
 -90986.655   167.398   -57.89   33.86
 -90699.503   154.143   -46.16   29.17
 -90412.337   144.836   -32.41   23.11
 -90125.156   140.083   -16.55   18.26
 -89837.961   140.558     1.66   18.80
 -89550.752   146.735    21.51   28.19
 -89263.529   156.748    34.86   37.28
 -88976.292   166.075    32.47   38.88
 -88689.040   170.592    15.72   37.02
 -88401.775   173.977    11.78   34.09
 -88114.495   178.504    15.76   32.36
 -87827.202   182.237    12.99   31.69
 -87539.894   188.924    23.28   32.51
 -87252.571   201.538    43.90   39.21
 -86965.235   219.530    62.61   45.89
 -86677.885   241.031    74.82   53.55
 -86390.520   260.799    68.79   56.37
 -86103.141   284.492    82.45   59.93
 -85815.748   308.507    83.56   69.74
 -85528.341   337.496   100.86   85.38
 -85240.920   361.806    84.58   95.50
 -84953.484   384.192    77.88   99.99
 -84666.035   392.321    28.28   98.37
 -84378.571   392.008    -1.09   92.26
 -84091.093   378.902   -45.59   89.35
 -83803.601   358.008   -72.67   94.12
 -83516.094   339.085   -65.82   89.55
 -83228.574   329.932   -31.83   77.80
 -82941.039   319.283   -37.03   57.54
 -82653.490   309.647   -33.51   44.85
 -82365.927   297.555   -42.05   41.38
 -82078.349   294.466   -10.74   45.41
 -81790.758   291.188   -11.40   50.47
 -81503.152   270.873   -70.63   61.97
 -81215.532   247.547   -81.10   69.25
 -80927.897   222.326   -87.68   66.78
 -80640.249   207.326   -52.15   62.55
 -80352.586   198.687   -30.03   50.64
 -80064.909   195.817    -9.98   43.74
 -79777.218   205.591    33.97   48.02
 -79489.513   227.543    76.30   58.07
 -79201.793   254.250    92.82   62.30
 -78914.059   275.221    72.88   59.29
 -78626.311   303.946    99.82   59.37
 -78338.549   327.872    83.14   64.26
 -78050.772   356.385    99.08   66.42
 -77762.982   371.241    51.62   65.06
 -77475.176   387.808    57.56   65.58
 -77187.357   398.669    37.74   64.93
 -76899.524   419.656    72.91   65.87
 -76611.676   433.647    48.60   64.32
 -76323.814   440.767    24.74   64.48
 -76035.937   445.038    14.83   64.86
 -75748.047   452.938    27.44   57.05
 -75460.142   453.373     1.51   53.13
 -75172.223   453.115    -0.90   49.66
 -74884.289   451.030    -7.24   51.61
 -74596.342   448.695    -8.11   57.61
 -74308.380   437.359   -39.36   62.29
 -74020.404   422.173   -52.73   61.99
 -73732.413   415.400   -23.52   63.03
 -73444.408   401.226   -49.21   68.95
 -73157.150   384.662   -57.66   71.58
 -72872.075   370.173   -50.82   67.12
 -72586.986   355.664   -50.89   58.53
 -72301.884   345.667   -35.07   53.60
 -72016.769   339.008   -23.35   51.61
 -71731.641   333.286   -20.07   53.80
 -71446.500   323.481   -34.39   53.03
 -71161.345   321.654    -6.41   56.26
 -70876.178   311.031   -37.25   60.74
 -70590.997   295.207   -55.48   64.62
 -70305.803   277.602   -61.73   65.14
 -70020.595   270.230   -25.85   71.90
 -69735.375   259.562   -37.40   67.91
 -69450.141   255.791   -13.22   69.12
 -69164.895   246.845   -31.36   65.82
 -68879.635   241.030   -20.38   70.63
 -68594.362   229.419   -40.70   64.27
 -68309.075   224.353   -17.76   65.40
 -68023.776   215.016   -32.73   59.42
 -67738.463   209.588   -19.02   57.31
 -67453.137   206.844    -9.62   60.17
 -67167.798   211.185    15.21   68.40
 -66882.446   207.906   -11.49   67.61
 -66597.080   206.135    -6.21   69.75
 -66311.701   200.672   -19.14   63.72
 -66026.309   196.068   -16.13   61.52
 -65740.904   186.809   -32.44   50.47
 -65455.486   181.218   -19.59   39.08
 -65170.054   177.106   -14.41   25.20
 -64884.609   181.466    15.27   22.20
 -64599.151   185.326    13.52   22.01
 -64313.680   194.008    30.41   29.83
 -64028.195   201.182    25.13   31.47
 -63742.698   214.759    47.56   36.06
 -63457.187   227.885    45.97   39.71
 -63171.662   243.917    56.15   49.99
 -62886.125   257.248    46.69   52.94
 -62600.574   272.470    53.31   64.19
 -62315.010   277.333    17.03   62.21
 -62029.433   275.659    -5.86   63.50
 -61743.843   265.814   -34.47   62.32
 -61458.239   253.430   -43.36   57.81
 -61172.622   235.500   -62.77   48.22
 -60886.992   220.815   -51.41   39.08
 -60601.348   207.615   -46.21   31.99
 -60315.692   200.467   -25.03   26.97
 -60030.022   194.465   -21.01   25.90
 -59744.339   193.052    -4.95   32.93
 -59458.642   189.031   -14.07   36.75
 -59172.932   186.585    -8.56   39.31
 -58887.209   184.109    -8.66   38.52
 -58601.473   189.008    17.14   40.93
 -58315.723   191.938    10.26   39.68
 -58029.961   196.579    16.24   39.54
 -57744.184   189.454   -24.93   42.42
 -57458.395   182.496   -24.34   47.55
 -57172.592   178.146   -15.22   48.79
 -56886.776   176.549    -5.59   50.82
 -56600.947   185.292    30.59   61.46
 -56315.105   196.842    40.41   79.68
 -56029.249   221.192    85.18   91.32
 -55743.380   249.030    97.38   84.23
 -55457.497   273.336    85.02   67.95
 -55171.601   274.194     3.00   65.68
 -54885.692   274.602     1.43   67.36
 -54599.770   269.748   -16.97   68.20
 -54313.834   259.562   -35.62   64.17
 -54027.885   260.992     5.00   68.81
 -53741.923   259.408    -5.54   65.41
 -53455.947   270.917    40.25   70.59
 -53169.959   277.638    23.50   66.14
 -52883.956   284.667    24.57   60.72
 -52597.941   287.412     9.60   57.18
 -52311.912   293.962    22.90   52.63
 -52025.870   302.382    29.43   52.50
 -51739.814   314.396    42.00   52.77
 -51453.745   322.061    26.79   53.12
 -51167.663   326.023    13.85   51.86
 -50881.568   320.662   -18.74   48.43
 -50595.459   306.435   -49.72   43.28
 -50309.337   289.779   -58.21   44.39
 -50023.201   271.725   -63.09   43.79
 -49737.052   259.977   -41.05   40.03
 -49450.890   253.985   -20.94   35.03
 -49164.714   251.737    -7.85   30.79
 -48878.525   255.677    13.77   32.08
 -48592.323   268.851    46.03   40.72
 -48306.108   286.242    60.76   50.99
 -48019.879   306.496    70.76   59.49
 -47733.636   322.271    55.11   58.97
 -47447.380   341.120    65.85   59.91
 -47161.111   354.900    48.13   58.58
 -46874.829   364.850    34.75   54.08
 -46588.533   362.277    -8.99   53.61
 -46302.224   355.917   -22.21   54.23
 -46015.901   349.854   -21.18   57.24
 -45729.565   337.910   -41.71   59.06
 -45443.216   325.992   -41.62   53.53
 -45156.853   316.763   -32.23   48.51
 -44870.477   310.504   -21.86   46.30
 -44584.088   300.904   -33.52   49.43
 -44297.685   283.031   -62.40   53.31
 -44011.269   266.156   -58.92   58.45
 -43724.839   254.932   -39.18   60.92
 -43438.396   238.851   -56.14   57.79
 -43151.940   225.738   -45.77   45.88
 -42865.470   217.985   -27.06   35.59
 -42578.987   218.736     2.62   35.55
 -42292.490   226.030    25.46   39.91
 -42005.980   239.531    47.12   52.00
 -41719.456   261.075    75.19   62.91
 -41432.920   287.267    91.41   71.37
 -41146.369   306.820    68.23   65.13
 -40859.806   311.932    17.84   60.97
 -40573.228   310.917    -3.54   59.87
 -40286.638   303.099   -27.28   66.01
 -40000.034   290.015   -45.65   69.89
 -39713.417   271.938   -63.07   71.47
 -39426.786   246.604   -88.38   55.65
 -39140.142   221.102   -88.97   45.59
 -38853.484   203.125   -62.71   36.28
 -38566.813   192.085   -38.51   31.92
 -38280.128   184.000   -28.20   30.21
 -37993.430   172.617   -39.70   27.77
 -37706.719   165.154   -26.03   24.29
 -37419.994   160.646   -15.72   21.64
 -37133.256   160.662     0.05   23.40
 -36846.504   157.008   -12.74   23.77
 -36559.739   153.813   -11.14   24.90
 -36272.960   148.878   -17.21   22.12
 -35986.168   143.590   -18.44   19.33
 -35699.362   137.023   -22.89   15.97
 -35412.543   130.259   -23.58   12.87
 -35125.711   126.500   -13.11   10.84
 -34838.865   127.313     2.84   12.00
 -34552.005   129.262     6.79   14.05
 -34265.132   129.393     0.46   15.07
 -33978.246   129.845     1.58   15.43
 -33691.346   132.000     7.51   17.39
 -33404.433   131.523    -1.66   19.41
 -33117.506   126.373   -17.95   22.65
 -32830.566   115.523   -37.81   24.31
 -32543.612   105.833   -33.77   22.65
 -32256.645   100.146   -19.82   21.59
 -31969.664    95.075   -17.67   19.75
 -31682.670    90.077   -17.41   16.65
 -31395.662    85.759   -15.04   15.14
 -31108.641    82.854   -10.12   15.23
 -30821.606    80.617    -7.79   14.26
 -30534.558    79.152    -5.10   14.06
 -30247.496    77.863    -4.49   13.45
 -29960.421    76.687    -4.09   14.41
 -29673.332    75.227    -5.08   14.80
 -29386.229    73.230    -6.96   15.25
 -29099.114    72.591    -2.22   16.19
 -28811.984    73.887     4.51   21.35
 -28524.842    74.777     3.10   25.50
 -28237.685    75.833     3.68   28.20
 -27950.515    74.200    -5.69   27.91
 -27663.332    74.053    -0.51   27.97
 -27376.135    72.369    -5.86   25.88
 -27088.925    74.575     7.68   26.05
 -26801.701    76.171     5.56   25.68
 -26514.463    78.630     8.56   25.82
 -26227.212    80.800     7.56   26.79
 -25939.948    83.059     7.86   27.63
 -25652.669    85.091     7.07   27.39
 -25365.378    84.750    -1.19   28.21
 -25078.072    82.679    -7.21   27.42
 -24790.754    87.052    15.22   29.80
 -24503.421    95.708    30.12   33.24
 -24216.076   107.478    40.96   36.72
 -23928.716   119.649    42.36   38.97
 -23641.343   130.784    38.75   38.50
 -23353.957   137.847    24.58   39.06
 -23066.556   143.248    18.79   37.90
 -22779.143   146.235    10.39   37.08
 -22491.716   146.992     2.64   37.50
 -22204.275   141.840   -17.93   41.48
 -21916.820   132.097   -33.89   43.94
 -21629.352   120.628   -39.90   42.76
 -21341.871   106.416   -49.44   42.06
 -21054.376    88.527   -62.22   43.13
 -20766.867    72.693   -55.07   40.89
 -20479.345    64.380   -28.91   38.38
 -20191.809    59.630   -16.52   37.16
 -19904.259    58.846    -2.72   37.07
 -19616.696    56.552    -7.98   38.34
 -19329.120    54.084    -8.58   39.21
 -19041.530    54.896     2.82   40.67
 -18753.926    54.585    -1.08   43.09
 -18466.308    54.970     1.34   45.40
 -18178.677    53.492    -5.14   47.10
 -17891.033    53.008    -1.69   46.98
 -17603.374    50.915    -7.28   46.72
 -17315.702    51.889     3.39   45.98
 -17028.017    50.878    -3.51   46.30
 -16740.318    53.172     7.97   49.55
 -16452.605    52.356    -2.83   51.66
 -16164.879    54.328     6.85   53.89
 -15877.139    51.267   -10.64   55.41
 -15589.385    49.231    -7.07   57.01
 -15301.618    46.338   -10.05   56.93
 -15013.837    44.659    -5.84   55.90
 -14726.043    45.265     2.11   57.00
 -14438.235    50.710    18.92   62.25
 -14150.413    57.791    24.60   67.93
 -13862.577    66.985    31.94   73.57
 -13574.728    75.590    29.89   75.67
 -13286.866    83.740    28.32   76.67
 -12998.989    83.754     0.05   75.27
 -12711.099    84.985     4.28   69.15
 -12423.196    81.782   -11.12   60.43
 -12135.279    89.746    27.66   53.24
 -11847.348    95.120    18.66   52.67
 -11559.403   109.669    50.53   48.07
 -11272.414   117.400    26.94   46.13
 -10987.279   121.046    12.79   40.94
 -10702.132   117.581   -12.15   42.67
 -10416.971   109.092   -29.77   40.88
 -10131.799    92.507   -58.15   40.08
  -9846.614    74.880   -61.81   41.72
  -9561.416    53.888   -73.60   40.73
  -9276.205    38.866   -52.67   37.59
  -8990.982    24.447   -50.55   31.28
  -8705.747    14.044   -36.47   23.70
  -8420.499     5.833   -28.79   14.30
  -8135.238     1.209   -16.21    4.38
  -7849.965     0.382    -2.90    0.49
  -7564.679     0.437     0.19    0.50
  -7279.380     0.450     0.05    0.50
  -6994.069     0.414    -0.13    0.49
  -6708.746     0.366    -0.17    0.48
  -6423.410     0.316    -0.18    0.47
  -6138.061     0.341     0.09    0.48
  -5852.699     0.346     0.02    0.48
  -5567.325     0.359     0.05    0.48
  -5281.939     0.412     0.19    0.49
  -4996.540     0.469     0.20    0.50
  -4711.128     0.577     0.38    0.50
  -4425.704     0.638     0.22    0.48
  -4140.267     0.706     0.24    0.46
  -3854.817     0.777     0.25    0.42
  -3569.355     0.822     0.16    0.38
  -3283.880     0.901     0.28    0.30
  -2998.392     0.895    -0.02    0.31
  -2712.892     0.908     0.05    0.29
  -2427.380     0.856    -0.18    0.35
  -2141.854     0.782    -0.26    0.41
  -1856.317     0.716    -0.23    0.45
  -1570.766     0.647    -0.24    0.48
  -1285.203     0.515    -0.46    0.50
   -999.627     0.376    -0.49    0.49
   -714.039     0.269    -0.37    0.45
   -428.438     0.165    -0.36    0.37
   -142.824     0.115    -0.18    0.32
    142.803     0.154     0.14    0.45
    428.442     0.256     0.36    0.56
    714.093     0.301     0.16    0.58
    999.757     0.346     0.16    0.59
   1285.434     0.394     0.17    0.60
   1571.124     0.431     0.13    0.61
   1856.826     0.440     0.03    0.61
   2142.541     0.379    -0.22    0.50
   2428.269     0.414     0.12    0.49
   2714.009     0.500     0.30    0.50
   2999.762     0.602     0.36    0.49
   3285.527     0.695     0.33    0.46
   3571.305     0.838     0.50    0.44
   3857.096     1.031     0.67    0.46
   4142.900     1.252     0.77    0.57
   4428.716     1.432     0.63    0.79
   4714.545     1.674     0.85    1.02
   5000.386     1.938     0.92    1.21
   5286.240     2.231     1.02    1.38
   5572.107     2.538     1.07    1.47
   5857.987     2.833     1.03    1.56
   6143.879     3.227     1.38    1.55
   6429.784     3.538     1.09    1.57
   6715.701     3.838     1.05    1.46
   7001.632     3.947     0.38    1.31
   7287.575     3.837    -0.38    1.36
   7573.530     3.777    -0.21    1.44
   7859.499     3.511    -0.93    1.65
   8145.480     3.515     0.01    1.75
   8431.473     3.278    -0.83    1.84
   8717.480     3.260    -0.07    1.94
   9003.499     3.363     0.36    1.98
   9289.531     3.466     0.36    1.92
   9575.576     3.642     0.62    2.04
   9861.633     3.838     0.69    2.30
  10147.703     4.336     1.74    2.86
  10433.786     4.868     1.86    3.41
  10719.881     5.993     3.93    4.48
  11005.989     7.788     6.28    6.08
  11292.110    10.090     8.05    7.60
  11578.244    13.351    11.40    9.18
  11864.390    17.237    13.58    9.99
  12150.549    22.258    17.54   12.09
  12436.721    29.185    24.21   14.41
  12722.905    36.424    25.30   16.10
  13009.102    44.103    26.83   19.04
  13295.312    52.832    30.50   20.12
  13581.535    61.393    29.91   19.05
  13867.771    68.893    26.20   16.87
  14154.019    77.481    30.00   17.15
  14440.280    87.000    33.25   20.01
  14726.553    96.748    34.05   22.31
  15012.840   104.739    27.91   23.37
  15299.139   108.433    12.90   22.22
  15585.451   108.366    -0.23   22.39
  15871.776   102.800   -19.44   25.76
  16158.113    94.143   -30.23   28.08
  16444.463    83.846   -35.96   30.39
  16730.826    72.321   -40.25   30.06
  17017.202    60.290   -42.01   25.90
  17303.590    50.630   -33.73   17.72
  17589.992    46.985   -12.73   11.58
  17876.406    50.391    11.89   16.88
  18162.833    58.237    27.39   24.77
  18449.272    71.859    47.56   31.65
  18735.724    86.664    51.68   33.36
  19022.190   102.962    56.89   35.02
  19308.667   120.061    59.68   41.03
  19595.158   137.545    61.03   45.44
  19881.662   150.250    44.35   44.38
  20168.178   159.689    32.94   43.73
  20454.707   164.137    15.53   40.13
  20741.249   157.898   -21.78   41.92
  21027.803   147.462   -36.42   44.88
  21314.371   128.647   -65.66   45.59
  21600.951   111.733   -59.02   44.33
  21887.544    95.741   -55.80   39.25
  22174.150    80.638   -52.69   26.50
  22460.769    72.226   -29.35   16.31
  22747.400    70.200    -7.07   15.44
  23034.044    70.437     0.83   19.52
  23320.701    69.848    -2.05   20.58
  23607.371    67.728    -7.40   20.25
  23894.054    65.121    -9.09   18.37
  24180.749    62.237   -10.06   15.13
  24467.458    59.470    -9.65   12.26
  24754.179    55.519   -13.78    9.15
  25040.913    53.326    -7.65    8.12
  25327.659    51.262    -7.20    8.18
  25614.419    49.015    -7.83    8.11
  25901.191    46.725    -7.98    7.22
  26187.977    44.319    -8.39    5.43
  26474.775    42.405    -6.67    4.57
  26761.586    41.195    -4.22    4.73
  27048.410    40.246    -3.31    4.88
  27335.246    40.060    -0.65    5.08
  27622.096    39.214    -2.95    5.38
  27908.958    37.407    -6.30    5.50
  28195.833    35.362    -7.13    4.45
  28482.721    34.232    -3.94    3.44
  28769.622    33.423    -2.82    2.86
  29056.536    32.868    -1.94    2.04
  29343.462    32.618    -0.87    1.66
  29630.402    32.373    -0.85    1.12
  29917.354    32.197    -0.61    0.73
  30204.319    32.067    -0.45    0.28
  30491.297    32.115     0.16    0.39
  30778.288    32.281     0.58    0.70
  31065.292    32.588     1.07    1.10
  31352.308    32.884     1.03    1.43
  31639.338    33.212     1.14    1.67
  31926.380    33.869     2.29    2.02
  32213.435    35.420     5.40    3.44
  32500.503    37.448     7.06    5.23
  32787.584    40.754    11.52    7.87
  33074.678    44.463    12.92   10.30
  33361.785    49.940    19.08   14.25
  33648.905    55.388    18.98   17.14
  33936.037    61.827    22.43   20.41
  34223.183    66.843    17.47   22.17
  34510.341    69.295     8.54   22.51
  34797.512    70.828     5.34   22.23
  35084.696    72.172     4.68   22.11
  35371.893    73.603     4.98   21.66
  35659.103    71.254    -8.18   19.69
  35946.326    70.260    -3.46   17.26
  36233.562    69.430    -2.89   15.46
  36520.810    71.267     6.40   15.17
  36808.072    73.511     7.81   15.37
  37095.347    76.677    11.02   17.85
  37382.634    81.127    15.49   19.45
  37669.934    88.508    25.69   22.96
  37957.247    96.770    28.76   25.60
  38244.574   105.092    28.96   29.06
  38531.913   113.609    29.64   35.87
  38819.265   121.130    26.17   41.71
  39106.630   131.772    37.03   47.54
  39394.007   144.371    43.84   53.71
  39681.398   155.007    37.01   55.83
  39968.802   158.621    12.57   56.80
  40256.219   162.000    11.76   55.64
  40543.648   159.376    -9.13   48.41
  40831.091   163.715    15.10   46.96
  41118.546   163.892     0.62   41.41
  41406.015   171.949    28.03   43.53
  41693.496   177.008    17.60   44.63
  41980.990   189.390    43.07   52.67
  42268.498   204.808    53.63   66.22
  42556.018   225.617    72.37   80.40
  42843.551   257.692   111.56   91.19
  43131.097   289.126   109.32   94.05
  43418.657   330.786   144.88   93.87
  43706.229   363.644   114.26   95.39
  43993.814   404.159   140.88   93.15
  44281.412   431.659    95.62   96.21
  44569.023   460.459   100.13   89.02
  44856.647   479.414    65.90   91.57
  45144.284   496.902    60.80   90.34
  45431.934   500.803    13.56   94.26
  45719.596   509.493    30.21   96.62
  46007.272   518.336    30.74   93.04
  46294.961   535.295    58.95   88.56
  46582.663   550.818    53.96   82.52
  46870.378   575.163    84.62   80.20
  47158.106   592.618    60.67   73.38
  47445.847   610.956    63.73   80.60
  47733.600   614.697    13.00   80.08
  48021.367   610.217   -15.57   81.72
  48309.147   597.856   -42.95   84.39
  48596.940   578.933   -65.75   80.81
  48884.746   558.485   -71.05   70.90
  49172.565   539.784   -64.98   61.79
  49460.396   529.462   -35.86   57.15
  49748.241   515.356   -49.01   57.75
  50036.099   509.750   -19.47   54.38
  50323.970   497.638   -42.08   58.57
  50610.726   489.815   -27.28   60.60
  50895.930   471.333   -64.80   66.76
  51181.146   454.382   -59.44   68.92
  51466.374   436.422   -62.97   67.31
  51751.614   422.708   -48.08   63.47
  52036.866   405.415   -60.62   57.99
  52322.129   400.293   -17.95   52.67
  52607.405   401.348     3.70   50.83
  52892.693   407.149    20.33   50.40
  53177.992   407.351     0.71   47.45
  53463.304   401.912   -19.07   55.30
  53748.628   393.242   -30.38   59.97
  54033.963   380.449   -44.84   59.94
  54319.311   366.569   -48.64   58.71
  54604.670   361.853   -16.53   62.33
  54890.042   362.313     1.61   74.69
  55175.425   378.910    58.16   90.53
  55460.820   406.969    98.32   92.55
  55746.228   425.873    66.24   97.46
  56031.647   446.634    72.74   96.25
  56317.078   456.820    35.68   93.36
  56602.522   469.699    45.12   95.81
  56887.977   468.382    -4.62   88.01
  57173.444   464.200   -14.65   86.58
  57458.923   450.534   -47.87   82.18
  57744.415   431.221   -67.65   82.36
  58029.918   406.785   -85.59   80.34
  58315.433   373.250  -117.46   81.54
  58600.960   338.198  -122.76   85.08
  58886.500   303.023  -123.19   77.78
  59172.051   281.258   -76.22   65.65
  59457.614   267.515   -48.13   53.87
  59743.189   270.552    10.64   56.21
  60028.777   285.862    53.61   67.70
  60314.376   317.150   109.56   78.41
  60599.987   348.439   109.55   73.09
  60885.610   379.309   108.08   62.04
  61171.246   396.954    61.78   45.75
  61456.893   398.712     6.15   39.17
  61742.552   392.629   -21.30   42.41
  62028.223   370.365   -77.94   55.83
  62313.907   337.638  -114.56   73.42
  62599.602   299.022  -135.17   84.43
  62885.310   255.313  -152.99   86.85
  63171.029   221.659  -117.79   74.95
  63456.760   199.478   -77.63   57.04
  63742.504   191.338   -28.48   48.14
  64028.259   200.007    30.34   57.24
  64314.027   216.773    58.67   70.51
  64599.806   243.058    91.98   77.76
  64885.598   273.182   105.41   77.99
  65171.402   298.832    89.75   78.05
  65457.217   327.818   101.42   75.93
  65743.045   345.711    62.60   79.65
  66028.885   369.231    82.28   77.53
  66314.737   383.112    48.56   79.95
  66600.601   403.284    70.57   75.91
  66886.476   422.341    66.66   71.31
  67172.364   444.917    78.97   66.08
  67458.264   472.000    94.73   61.78
  67744.176   494.956    80.29   54.79
  68030.101   509.545    51.03   45.32
  68316.037   510.250     2.46   41.74
  68601.985   508.800    -5.07   46.02
  68887.945   493.375   -53.94   56.47
  69173.918   474.130   -67.30   64.46
  69459.902   449.023   -87.79   61.18
  69745.899   425.969   -80.61   60.24
  70031.907   409.612   -57.19   55.92
  70317.928   401.632   -27.90   55.59
  70603.961   399.438    -7.67   55.44
  70890.006   410.437    38.45   59.83
  71176.062   420.962    36.80   59.07
  71462.131   426.131    18.07   55.72
  71748.212   426.238     0.37   57.10
  72034.306   410.391   -55.39   67.56
  72320.411   386.152   -84.73   80.51
  72606.528   352.750  -116.74   85.62
  72892.658   313.908  -135.75   80.96
  73178.799   279.822  -119.12   64.92
  73464.953   263.386   -57.44   50.63
  73751.118   255.147   -28.79   38.52
  74037.296   257.098     6.82   35.91
  74323.486   268.129    38.55   41.90
  74609.688   289.971    76.32   47.07
  74895.902   313.409    81.89   49.65
  75182.128   334.457    73.54   52.97
  75468.367   355.120    72.19   54.79
  75754.617   372.575    60.98   52.51
  76040.880   385.015    43.46   49.49
  76327.154   395.422    36.35   47.86
  76613.441   391.106   -15.08   56.27
  76899.740   383.445   -26.76   65.43
  77186.051   375.932   -26.24   66.52
  77472.374   364.920   -38.46   59.85
  77758.709   360.000   -17.18   49.32
  78045.057   357.664    -8.16   38.75
  78331.416   362.290    16.15   33.03
  78617.788   366.841    15.89   29.28
  78904.172   369.949    10.85   26.72
  79190.568   373.985    14.09   26.73
  79476.976   375.081     3.83   31.30
  79763.396   377.496     8.43   34.26
  80049.828   378.699     4.20   35.75
  80336.272   378.326    -1.30   36.14
  80622.729   371.942   -22.29   39.99
  80909.198   364.115   -27.32   41.25
  81195.679   354.440   -33.77   45.77
  81482.172   342.818   -40.57   48.19
  81768.677   332.886   -34.66   48.41
  82055.194   316.920   -55.73   49.84
  82341.724   302.735   -49.51   46.62
  82628.265   286.607   -56.28   47.68
  82914.819   273.371   -46.19   41.36
  83201.385   261.449   -41.61   37.73
  83487.963   250.780   -37.23   31.94
  83774.554   243.775   -24.44   27.93
  84061.156   238.759   -17.50   22.90
  84347.771   240.844     7.27   25.47
  84634.397   241.252     1.42   27.34
  84921.036   246.121    16.99   33.05
  85207.688   247.882     6.14   38.06
  85494.351   246.306    -5.50   39.92
  85781.026   245.649    -2.29   42.71
  86067.714   236.415   -32.21   39.28
  86354.414   232.294   -14.38   40.05
  86641.126   224.795   -26.15   37.47
  86927.850   221.200   -12.54   34.18
  87214.587   214.473   -23.46   31.14
  87501.335   211.708    -9.64   31.46
  87788.096   205.580   -21.37   30.34
  88074.869   203.075    -8.74   32.15
  88361.654   194.455   -30.06   26.74
  88648.451   192.162    -7.99   27.18
  88935.261   187.331   -16.84   25.47
  89222.083   186.748    -2.03   28.29
  89508.917   189.896    10.98   33.67
  89795.763   195.376    19.10   42.28
  90082.621   199.065    12.86   44.72
  90369.492   194.373   -16.36   42.38
  90656.375   193.125    -4.35   41.78
  90943.270   186.076   -24.57   33.92
  91230.177   188.807     9.52   35.16
  91517.097   190.864     7.17   37.11
  91804.028   198.036    25.00   41.87
  92090.972   210.795    44.47   44.66
  92377.928   226.610    55.11   44.96
  92664.897   240.742    49.25   41.32
  92951.877   251.883    38.82   36.31
  93238.870   258.237    22.14   34.09
