# NaN NaN NaN ;Mean Elev.(m), Avg Gradient(m/km), RMS Gradient(m/km) - SRTM1     
#    3.338  -4.473   4.992 ;Mean Elev.(m), Avg Gradient(m/km), RMS Gradient(m/km) - ASTER GDEM
#    9.710  -6.588  29.643 ;Mean Elev.(m), Avg Gradient(m/km), RMS Gradient(m/km) - GMTED2010 
   1 200.034459  62.331410    18.127    18.155  6 54664.09466191 20.992
   2 200.036926  62.331370    18.616    18.020  6 54674.01030692 21.027
   3 200.037532  62.332516    18.137    18.134  6 54683.92595027 44.826
   4 200.036015  62.334198    65.198    65.049  6 54693.84159204 26.989
   5 200.033456  62.334965    17.741    17.813  6 54703.75723133 31.751
   6 200.034541  62.332074    64.085    63.771  6 54713.67288195 25.227
   7 200.035503  62.328942    17.311    17.332  6 54723.58853309 53.489
   8 200.034590  62.327368    16.377    16.422  7 54733.50418152 38.916
   9 200.035572  62.327442    16.173    16.164  7 54743.41982843 50.356
  10 200.033850  62.328841    14.928    14.921  6 54753.33547460 45.989
  11 200.033822  62.328796    15.364    15.253  6 54763.25112053 49.996
  12 200.034506  62.327061    15.695    15.670  7 54773.16676415 30.560
  13 200.034331  62.325809    15.370    15.414  6 54783.08240489 26.301
  14 200.033621  62.326490    15.357    15.345  6 54792.99804315 24.964
  15 200.033819  62.328982    15.461    15.450  7 54802.91368035 19.263
  16 200.035400  62.331012    15.339    15.358  7 54812.82931753 18.309
  17 200.033832  62.332081    15.110    15.091  6 54822.74496031 19.561
  18 200.033670  62.330629    15.549    15.576  6 54832.66060088 15.931
  19 200.036230  62.328960    15.860    15.846  6 54842.57625150 13.872
  20 200.033999  62.330065    17.147    17.204  6 54852.49190014 11.889
  21 200.035493  62.331116    17.634    17.570  7 54862.40754876 11.421
  22 200.035355  62.331807    18.101    18.146  6 54872.32319718 11.673
  23 200.033290  62.331136    18.170    18.160  6 54882.23884362 11.598
  24 200.035447  62.327787    18.514    18.550  7 54892.15448744 12.401
  25 200.035258  62.325303    18.468    18.369  7 54902.07012816 13.591
  26 200.033858  62.325618    18.302    18.258  7 54911.98576701 14.007
  27 200.033321  62.327680    18.519    18.381  6 54921.90140478 13.746
  28 200.035538  62.329191    18.235    18.263  7 54931.81704221 14.015
  29 200.035541  62.329680    18.334    18.334  6 54941.73267796 13.387
  30 200.034832  62.328914    14.465    13.963  7 54951.64831205 33.830
  31 200.035033  62.327117    18.100    18.076  6 54961.56395403 36.497
  32 200.034985  62.327039    22.273    22.230  6 54971.47960270 53.687
  33 200.035838  62.328518    20.027    19.969  6 54981.39525007 39.524
  34 200.036001  62.330357    20.355    20.352  6 54991.31089700 26.701
  35 200.036068  62.330475    19.703    19.723  6 55001.22654368 32.650
  36 200.035872  62.329868    19.360    19.310  6 55011.14218865 34.516
  37 200.034388  62.329634    18.356    18.151  6 55021.05783199 33.974
  38 200.035616  62.330182    18.489    18.538  7 55030.97347448 22.880
  39 200.035475  62.331866    19.165    18.931  7 55040.88911608 23.777
  40 200.036464  62.333160    15.871    15.858  6 55050.80475642 45.922
  41 200.033523  62.333456    16.440    15.635  6 55060.72039437 39.748
  42 200.035325  62.330198    16.549    16.307  7 55070.63603651 23.623
  43 200.035499  62.326777    15.677    15.700  6 55080.55168605 38.320
  44 200.033521  62.326193    16.397    16.286  6 55090.46733320 40.921
  45 200.034712  62.327101    15.375    15.416  7 55100.38297952 36.846
  46 200.033432  62.329308    16.017    15.955  6 55110.29862497 42.911
  47 200.033720  62.329380    15.286    15.243  6 55120.21426908 23.816
  48 200.035089  62.327134    13.619    13.627  7 55130.12991091 49.980
  49 200.034647  62.325180    14.067    14.086  7 55140.04555060 31.071
  50 200.034742  62.325517    14.214    14.079  6 55149.96118916 19.898
  51 200.034658  62.328488    15.255    15.390  7 55159.87682730 13.653
  52 200.036097  62.331254    15.528    15.461  6 55169.79246526 12.178
  53 200.034880  62.333092    15.075    14.972  6 55179.70810188 11.628
  54 200.035313  62.331572    13.788    13.766  6 55189.62374911 24.909
  55 200.033930  62.330479    13.945    13.957  6 55199.53939964 15.143
  56 200.035447  62.329989    14.905    14.880  7 55209.45504953 11.593
  57 200.035589  62.330990    14.252    13.908  7 55219.37069859 12.122
  58 200.034908  62.331086    15.089    15.069  6 55229.28634678 11.312
  59 200.034123  62.329939    15.132    15.105  7 55239.20199194 11.325
  60 200.033278  62.327602    16.779    16.840  6 55249.11763364 16.829
  61 200.034297  62.325351    17.216    17.197  6 55259.03327322 13.506
  62 200.032946  62.325821    17.095    17.106  7 55268.94891162 13.073
  63 200.035580  62.327004    16.722    16.864  7 55278.86455012 12.749
  64 200.034506  62.329285    15.505    16.351  6 55288.78018691 14.413
  65 200.034648  62.330253    15.538    15.661  6 55298.69582154 13.914
  66 200.035422  62.328370    12.393    12.365  6 55308.61146528 33.530
  67 200.033485  62.326831    12.660    12.676  6 55318.52711144 28.731
  68 200.033597  62.326483    16.504    16.431  6 55328.44275652 43.235
  69 200.033737  62.328294    18.393    18.370  6 55338.35840076 51.058
  70 200.043438  62.327967    20.166    20.166  2 55348.27404567 19.547
  71 200.033866  62.331791    16.329    16.309  6 55358.18968657 29.042
  73 200.034406  62.331158    16.560    16.572  7 55378.02096552 41.391
  74 200.035095  62.331573    18.833    19.162  6 55387.93660352 22.079
  75 200.044124  62.330333    17.593    17.593  2 55397.85224156 36.698
  76 200.036052  62.332742    17.630    17.609  6 55407.76788475 36.301
  77 200.046435  62.327873    18.396    18.396  2 55417.68353730 37.492
  78 200.034049  62.328372    18.409    18.273  7 55427.59918371 36.942
  79 200.034938  62.326300    17.234    17.294  7 55437.51482886 28.660
  80 200.034538  62.326410    17.841    17.521  7 55447.43047224 23.582
  81 200.042765  62.325324    71.727    71.987  3 55457.34611616 27.873
  82 200.046495  62.325491    16.168    16.168  2 55467.26175882 20.494
  83 200.033937  62.329099    15.147    15.127  7 55477.17739639 52.799
  84 200.035608  62.328079    13.802    13.808  7 55487.09303262 34.553
  85 200.033417  62.328214    12.329    12.332  7 55497.00866622 43.947
  86 200.033914  62.329053    14.175    14.129  7 55506.92430268 37.400
  87 200.033347  62.330092    13.725    13.757  6 55516.83995307 26.420
  88 200.034554  62.331105    14.010    14.035  6 55526.75560271 32.879
  89 200.034575  62.331490    14.784    14.854  7 55536.67125030 20.506
  90 200.035585  62.330800    14.781    14.733  7 55546.58689587 19.202
  91 200.036640  62.330117    14.489    14.508  6 55556.50253958 17.774
  92 200.036619  62.330379    15.647    15.650  6 55566.41818215 14.650
  93 200.036615  62.330697    17.261    17.224  6 55576.33382401 11.974
  94 200.033557  62.330887    17.004    17.054  6 55586.24946375 11.354
  95 200.034074  62.329584    16.761    16.823  6 55596.16510078 12.181
  96 200.034282  62.328731    17.073    16.981  7 55606.08073468 15.715
  97 200.036044  62.328609    17.384    17.406  6 55615.99636665 13.096
  98 200.034893  62.329802    17.369    17.396  7 55625.91200839 12.749
  99 200.035190  62.329647    17.482    17.558  6 55635.82766060 12.159
 100 200.034439  62.329322    15.346    15.983  7 55645.74331064 15.719
 101 200.034998  62.327983    16.905    16.748  6 55655.65895813 12.047
 102 200.035267  62.327060    16.212    16.109  6 55665.57460100 14.608
 103 200.034540  62.327352    11.670    11.681  6 55675.49024062 19.869
 104 200.034716  62.328677    13.350    12.450  7 55685.40587841 35.989
 105 200.034445  62.330748    15.276    15.279  7 55695.32151490 42.006
 106 200.044070  62.329992    21.436    21.436  2 55705.23715131 22.444
 107 200.033305  62.332848    84.158    79.939  5 55715.15279778  1.851
 109 200.035780  62.331247    18.316    18.496  6 55734.98409407 28.073
 110 200.044108  62.329184    91.697   102.639  3 55744.89974085 24.214
 111 200.037454  62.330686    19.112    19.105  6 55754.81538427 26.622
 114 200.033597  62.327629    18.074    18.034  7 55784.56230094 35.987
 115 200.046298  62.325468    18.508    18.508  2 55794.47793577 24.817
 116 200.044469  62.328088    17.972    17.972  2 55804.39357269 21.571
 117 200.036894  62.330598    18.058    18.090  5 55814.30922110 22.072
 118 200.036833  62.329513    18.065    18.000  6 55824.22486839 20.137
 119 200.047101  62.325166    17.727    17.727  2 55834.14051234 19.809
 121 200.041868  62.327472    15.068    15.033  3 55853.97178600 46.999
 122 200.034940  62.331718    13.793    13.820  6 55863.88742263 49.195
 123 200.036200  62.331880    14.438    14.383  6 55873.80307648 19.616
 124 200.036047  62.331802    16.801    17.009  6 55883.71872495 12.104
 125 200.036851  62.331236    16.401    16.326  6 55893.63436731 12.598
 126 200.034752  62.332079    16.270    16.325  6 55903.55000373  6.944
 127 200.035625  62.332753    16.909    16.989  6 55913.46564186 10.915
 128 200.037137  62.331956    17.515    17.700  6 55923.38129614 11.248
 129 200.036409  62.331330    16.693    16.632  6 55933.29694717 11.967
 130 200.034041  62.329726    17.204    17.156  7 55943.21259374  9.954
 131 200.033841  62.327118    17.504    17.503  6 55953.12823633  8.791
 132 200.033970  62.325974    17.617    17.575  7 55963.04387568  9.268
 133 200.035092  62.327046    18.020    18.044  7 55972.95951307 10.193
 134 200.034375  62.330255    17.800    17.891  7 55982.87514887 10.395
 135 200.034749  62.332232    17.686    17.724  6 55992.79078310 10.069
 136 200.035063  62.330649    17.691    17.621  7 56002.70643207 10.636
 137 200.034109  62.327855    17.846    17.783  6 56012.62208193 10.016
 138 200.035190  62.326071    18.125    18.156  7 56022.53772835 16.124
 139 200.035657  62.327134    16.480    16.068  7 56032.45337160 11.329
 140 200.033472  62.330669    13.806    13.432  6 56042.36901220 29.924
 141 200.037138  62.331957    14.575    13.936  6 56052.28465107 31.825
 142 200.043486  62.330994    85.758    85.758  2 56062.20028747 10.084
 144 200.036338  62.330465    67.616    67.632  6 56082.03157699 19.464
 146 200.034941  62.331849    66.784    66.673  7 56101.86287014 27.973
 147 200.047227  62.328363    19.194    19.194  2 56111.77850292 26.687
 149 200.033706  62.328574    18.620    18.752  6 56131.60977658 25.270
 150 200.035559  62.327313    18.605    18.460  7 56141.52541237 26.513
 151 200.042786  62.325693    87.178    86.460  3 56151.44106406 11.354
 152 200.034799  62.329804    17.794    17.805  6 56161.35671191 23.631
 153 200.041061  62.329248    68.005    67.013  3 56171.27235978 17.524
 154 200.046271  62.326924    18.033    18.033  2 56181.18800341 34.449
 155 200.045584  62.325204    18.057    18.057  2 56191.10364260 56.695
 156 200.042546  62.325209    18.370    18.336  3 56201.01927867 21.708
 157 200.047246  62.326107    19.887    19.887  2 56210.93491319 22.996
 158 200.036908  62.332709    16.225    16.224  6 56220.85054387 53.304
 159 200.030201  62.336047    75.261    75.168  4 56230.76619445 18.815
 160 200.034406  62.333950    14.793    14.764  6 56240.68184813 28.383
 161 200.036597  62.331403    16.006    16.206  6 56250.59749761 21.242
 162 200.034444  62.330546    16.268    16.572  7 56260.51314171 22.616
 163 200.033445  62.331098    16.474    16.389  6 56270.42878327 20.061
 164 200.033388  62.332053    16.735    17.105  6 56280.34442310 14.230
 165 200.035817  62.330972    16.463    16.139  6 56290.26007521 13.346
 166 200.035832  62.328963    16.527    16.557  6 56300.17572342 13.350
 167 200.035338  62.326559    17.232    16.944  7 56310.09136759 11.186
 168 200.033399  62.325848    17.112    17.085  7 56320.00700921  8.890
 169 200.034985  62.326699    17.085    17.115  6 56329.92265025  9.746
 170 200.035465  62.329203    16.833    16.823  6 56339.83829033  9.773
 171 200.036050  62.331172    17.343    17.161  6 56349.75392832 10.159
 172 200.035327  62.331181    15.416    15.624  6 56359.66956501 16.510
 173 200.035349  62.328277    18.025    18.002  7 56369.58521565  7.266
 175 200.034991  62.328005    17.851    17.831  6 56389.41650832 10.787
 176 200.036291  62.330496    17.975    18.006  6 56399.33215141 10.961
 177 200.034880  62.333091    12.121    12.056  6 56409.24779168 15.732
 178 200.034894  62.333616    13.750    12.195  6 56419.16342781 21.854
 179 200.033348  62.333482    19.710    19.496  6 56429.07906192 28.407
 180 200.036776  62.330365    14.843    14.846  6 56438.99471614 41.795
 181 200.035415  62.329832    20.931    20.946  7 56448.91036719 32.538
 182 200.025112  62.332760    66.405    66.405  2 56458.82601488  3.221
 184 200.046086  62.325462    19.078    19.078  2 56478.65730491 28.662
 185 200.034340  62.327630    18.752    18.546  7 56488.57294132 27.975
 187 200.036424  62.328954    18.002    18.200  6 56508.40421034 22.667
 188 200.034876  62.331438    18.113    18.275  6 56518.31984886 23.398
 189 200.044035  62.328902    17.128    17.128  2 56528.23550394 29.395
 190 200.045599  62.327709    18.783    18.783  2 56538.15115395 21.445
 191 200.034253  62.329261    77.390    74.408  6 56548.06679849  8.071
 193 200.044130  62.327006    18.145    18.818  3 56567.89808531 21.124
 194 200.046829  62.328670    19.959    19.959  2 56577.81372652 27.386
 195 200.036826  62.333540    64.046    64.055  6 56587.72936262 17.241
 196 200.034904  62.334230    63.318    63.531  6 56597.64500404 24.761
 197 200.035009  62.332032    14.369    14.402  7 56607.56065586 50.052
 198 200.036491  62.330270    13.567    13.596  6 56617.47630276 34.176
 199 200.034255  62.330647    14.134    14.119  6 56627.39194567 30.924
 200 200.034771  62.330836    14.180    14.157  7 56637.30758603 26.319
 201 200.036666  62.330055    14.902    15.042  6 56647.22322804 21.039
 202 200.035713  62.328375    15.329    15.334  6 56657.13888007 18.028
 203 200.034178  62.327239    15.813    15.939  7 56667.05452770 15.201
 204 200.034143  62.327340    16.286    16.186  7 56676.97017283 13.540
 205 200.033753  62.328621    14.878    15.041  7 56686.88581669 18.057
 206 200.035704  62.329388    16.431    16.390  6 56696.80145882 12.039
 207 200.034651  62.330494    16.305    16.372  7 56706.71709604 11.333
 208 200.033743  62.330885    16.016    15.972  6 56716.63273041 14.353
 209 200.034487  62.329172    17.327    17.353  6 56726.54838388 10.479
 210 200.033487  62.329366    17.059    17.081  6 56736.46403295 12.128
 211 200.035477  62.330236    16.659    16.589  6 56746.37967873 12.199
 212 200.036792  62.331535    17.351    17.100  6 56756.29532006 11.581
 213 200.033722  62.333534    12.306    12.296  6 56766.21095516 32.790
 214 200.033219  62.333111    14.593    13.538  6 56776.12659609 37.900
 215 200.034857  62.330788    63.026    63.099  7 56786.04225300 21.380
 217 200.036232  62.328803    18.894    18.894  6 56805.87355483 22.275
 218 200.043683  62.326479    18.258    18.233  3 56815.78919774 45.009
 219 200.046668  62.324921    18.974    18.974  2 56825.70483669 29.961
 220 200.034785  62.327747    19.181    19.177  6 56835.62047018 42.556
 221 200.035610  62.328587    19.578    19.527  7 56845.53610173 29.712
 222 200.033840  62.329807    19.009    19.030  6 56855.45174839 22.671
 223 200.034353  62.330154    19.698    19.722  6 56865.36740183 55.594
 224 200.034916  62.329611    19.053    19.025  6 56875.28305444 53.800
 225 200.034048  62.328953    18.159    18.274  7 56885.19870381 24.853
 226 200.034221  62.327951    17.926    17.914  6 56895.11435035 51.709
 227 200.033474  62.328252    17.549    17.606  6 56905.02999359 23.956
 228 200.034713  62.329260    18.105    18.015  7 56914.94563487 22.730
 229 200.044142  62.328804    17.176    17.176  2 56924.86127530 32.695
 231 200.035067  62.333814    15.800    15.800  6 56944.69254199 51.180
 232 200.033553  62.332368    14.803    14.772  6 56954.60819142 51.665
 233 200.033469  62.330667    14.162    14.227  6 56964.52384140 45.607
 234 200.033204  62.330772    13.943    13.932  6 56974.43948648 43.750
 235 200.036651  62.330892    14.629    14.443  6 56984.35512743 26.947
 236 200.034754  62.331951    15.076    15.092  7 56994.27076273 33.999
 237 200.035145  62.330585    14.762    14.767  6 57004.18640177 28.397
 238 200.034321  62.327718    15.084    15.095  6 57014.10205790 20.012
 239 200.034144  62.326793    14.614    14.573  7 57024.01770898 36.590
 240 200.034232  62.328438    14.747    14.728  7 57033.93335744 22.914
 241 200.034623  62.330379    14.447    14.433  6 57043.84900354 23.019
 242 200.033844  62.331184    14.130    14.091  6 57053.76464707 22.589
 243 200.035563  62.329716    15.220    15.067  6 57063.68028646 18.221
 244 200.035243  62.329307    14.195    14.199  7 57073.59592050 26.145
 245 200.034769  62.331035    13.959    13.896  6 57083.51155059 30.669
 246 200.033439  62.333103    13.206    13.224  6 57093.42719994 26.762
 247 200.034026  62.333968    13.000    12.998  6 57103.34285673 26.966
 248 200.036452  62.333090    13.015    12.959  6 57113.25850999 25.739
 249 200.035918  62.331541    13.095    13.102  6 57123.17415701 22.505
 250 200.035497  62.329761    13.867    13.113  6 57133.08979868 30.377
 251 200.034652  62.329812    13.438    13.416  7 57143.00543548 37.754
 252 200.036467  62.331021    16.218    16.233  6 57152.92106959 40.377
 254 200.035946  62.331748    67.025    67.245  6 57172.75236002 24.997
 255 200.031920  62.330168    72.900    72.689  5 57182.66801399  5.217
 257 200.033018  62.326711    16.380    16.250  7 57202.49931231 34.089
 258 200.034405  62.328114    16.804    16.735  7 57212.41494627 50.308
 260 200.034641  62.331663    16.771    16.842  6 57232.24623175 29.050
 261 200.034667  62.331070    16.249    16.182  7 57242.16187133 35.162
 262 200.034788  62.330038    17.070    17.107  7 57252.07750843 42.905
 263 200.035692  62.330658    17.341    17.269  6 57261.99314372 22.531
 264 200.033720  62.334054    19.027    19.023  6 57271.90877735 56.593
 265 200.034253  62.335194    65.429    65.284  6 57281.82443479 26.485
 266 200.036238  62.334335    65.066    65.329  6 57291.74009017 26.012
 268 200.034608  62.329402    18.059    18.106  6 57311.57139057 22.030
 269 200.034780  62.327787    15.854    15.862  7 57321.48703551 43.276
 270 200.033805  62.328812    14.898    14.877  6 57331.40267762 42.018
 271 200.033251  62.330998    15.066    14.983  6 57341.31831753 28.639
 272 200.034347  62.330292    13.636    13.635  7 57351.23396866 19.171
 273 200.035993  62.328166    15.903    16.328  6 57361.14961370 13.104
 274 200.035096  62.326343    14.292    14.286  7 57371.06525532 27.192
 275 200.035427  62.326282    15.679    15.706  7 57380.98089484 16.801
 276 200.034713  62.329045    14.875    14.895  6 57390.89653320 25.221
 277 200.034911  62.332280    15.575    15.566  7 57400.81217065 11.040
 278 200.035285  62.333535    15.724    15.729  6 57410.72781103 10.852
 279 200.036654  62.331226    16.086    16.075  6 57420.64346372 12.687
 280 200.035610  62.329558    16.410    16.401  6 57430.55911349 11.366
 281 200.034521  62.329650    16.450    16.478  7 57440.47476096 11.500
 282 200.033294  62.331748    16.536    16.377  6 57450.39040719 13.221
 283 200.034091  62.333231    15.926    15.935  6 57460.30605218 12.771
 284 200.034158  62.333794    15.088    15.371  6 57470.22169392 13.799
 285 200.035205  62.332482    16.547    16.500  7 57480.13733192 15.252
 286 200.036803  62.330579    12.825    12.835  6 57490.05296704 27.752
 287 200.034296  62.331121    13.191    13.144  6 57499.96859958 40.139
 288 200.035210  62.331317    14.024    14.054  7 57509.88424465 43.341
 292 200.035243  62.327297    18.700    18.726  6 57549.54685137 25.258
 293 200.035419  62.326597    18.054    17.992  7 57559.46249724 25.208
 294 200.035177  62.327984    17.922    17.905  7 57569.37814212 47.664
 296 200.033193  62.331996    18.272    18.305  6 57589.20942918 21.795
 297 200.034611  62.331514    19.214    19.122  7 57599.12506974 22.932
