-110167.409    68.587     0.00    8.04
-109881.657    67.887    -2.45   10.48
-109595.895    66.350    -5.38   11.48
-109310.123    65.140    -4.24   11.25
-109024.341    64.309    -2.91   11.38
-108738.549    63.810    -1.74   11.04
-108452.746    65.074     4.42   10.50
-108166.934    65.899     2.88    9.98
-107881.112    67.822     6.73    9.92
-107595.279    70.449     9.19   10.22
-107309.437    71.216     2.68   10.86
-107023.584    71.000    -0.76   12.59
-106737.721    69.529    -5.15   15.02
-106451.848    67.228    -8.05   15.39
-106165.965    65.789    -5.03   14.47
-105880.072    64.597    -4.17   13.57
-105594.169    64.563    -0.12   12.07
-105308.256    67.730    11.08   12.11
-105022.333    69.271     5.39   12.08
-104736.399    69.231    -0.14   13.03
-104450.456    67.079    -7.53   15.66
-104164.502    63.259   -13.36   14.99
-103878.538    60.671    -9.05   15.52
-103592.565    57.554   -10.90   14.70
-103306.581    55.437    -7.40   14.44
-103020.587    55.302    -0.47   15.43
-102734.583    56.361     3.70   13.46
-102448.568    60.037    12.85   13.27
-102162.544    63.324    11.49   13.54
-101876.510    68.699    18.79   17.14
-101590.465    78.029    32.62   23.47
-101304.411    89.125    38.79   28.33
-101018.346    99.600    36.62   31.58
-100732.271   104.814    18.23   32.14
-100446.186   107.463     9.26   32.03
-100160.091   106.832    -2.20   34.12
 -99873.986   101.452   -18.80   34.85
 -99587.870    96.567   -17.07   33.66
 -99301.745    92.414   -14.51   31.45
 -99015.609    92.739     1.13   29.99
 -98729.463    97.810    17.72   31.60
 -98443.308   105.201    25.83   33.17
 -98157.142   115.649    36.51   33.95
 -97870.966   129.136    47.13   32.85
 -97584.779   138.456    32.57   30.72
 -97298.583   146.412    27.80   28.02
 -97012.377   152.065    19.75   27.78
 -96726.160   161.750    33.84   29.64
 -96439.933   167.636    20.56   29.89
 -96153.696   174.485    23.93   28.77
 -95867.449   175.276     2.76   33.58
 -95581.192   170.568   -16.45   44.28
 -95294.925   168.467    -7.34   51.21
 -95008.647   165.343   -10.91   57.68
 -94722.360   167.664     8.11   61.22
 -94436.062   172.489    16.85   62.01
 -94149.754   180.406    27.65   61.48
 -93863.436   193.440    45.52   57.25
 -93577.108   205.629    42.57   47.77
 -93290.770   213.277    26.71   38.05
 -93004.421   214.839     5.45   34.96
 -92718.063   210.029   -16.80   39.75
 -92431.694   202.246   -27.18   45.60
 -92145.315   186.860   -53.72   47.24
 -91858.926   168.226   -65.06   48.22
 -91572.527   155.985   -42.74   46.99
 -91286.117   144.333   -40.68   47.88
 -90999.698   138.022   -22.03   48.55
 -90713.268   135.478    -8.88   45.88
 -90426.828   134.201    -4.46   46.09
 -90140.378   140.157    20.79   48.26
 -89853.918   146.748    23.01   46.33
 -89567.447   148.855     7.35   44.17
 -89280.967   152.179    11.60   39.67
 -88994.476   149.703    -8.64   38.83
 -88707.975   156.082    22.27   38.32
 -88421.464   158.891     9.80   38.06
 -88134.943   162.333    12.02   36.34
 -87848.411   166.414    14.24   33.22
 -87561.870   167.707     4.51   34.13
 -87275.318   170.066     8.23   37.92
 -86988.756   170.453     1.35   44.38
 -86702.184   169.786    -2.33   50.85
 -86415.602   167.963    -6.36   53.14
 -86129.009   176.514    29.84   59.49
 -85842.406   193.859    60.52   62.83
 -85555.793   215.336    74.93   67.09
 -85269.170   235.935    71.87   66.82
 -84982.537   253.664    61.85   62.20
 -84695.894   269.187    54.15   55.01
 -84409.240   283.187    48.84   49.24
 -84122.576   287.407    14.72   47.98
 -83835.902   284.355   -10.65   56.76
 -83549.218   277.089   -25.34   66.18
 -83262.524   264.814   -42.81   75.26
 -82975.819   252.839   -41.77   79.08
 -82689.104   240.119   -44.37   77.90
 -82402.379   240.471     1.23   80.43
 -82115.644   240.299    -0.60   79.94
 -81828.898   237.885    -8.42   80.85
 -81542.143   235.735    -7.50   79.60
 -81255.377   232.007   -13.00   76.29
 -80968.601   228.321   -12.85   76.50
 -80681.815   223.060   -18.35   70.03
 -80395.018   215.645   -25.85   61.35
 -80108.211   212.094   -12.38   53.81
 -79821.394   211.784    -1.08   46.51
 -79534.567   212.621     2.92   42.01
 -79247.730   214.537     6.68   38.60
 -78960.882   214.831     1.03   36.25
 -78674.025   214.743    -0.31   37.44
 -78387.157   218.604    13.46   37.97
 -78100.278   223.716    17.82   41.60
 -77813.390   234.735    38.41   45.68
 -77526.491   241.889    24.93   46.26
 -77239.582   250.396    29.65   45.81
 -76952.663   261.213    37.70   41.43
 -76665.734   265.842    16.13   38.78
 -76378.794   276.838    38.32   38.87
 -76091.844   288.481    40.57   48.68
 -75804.884   297.564    31.65   55.21
 -75517.914   308.514    38.16   53.51
 -75230.933   318.108    33.43   52.80
 -74943.943   329.836    40.86   48.68
 -74656.942   340.748    38.02   46.52
 -74369.930   342.833     7.27   49.62
 -74082.909   342.194    -2.23   51.09
 -73795.877   340.521    -5.83   54.42
 -73508.835   344.714    14.61   53.84
 -73221.783   351.362    23.16   49.80
 -72934.720   352.844     5.16   51.53
 -72647.648   353.627     2.73   52.36
 -72360.565   346.007   -26.54   53.30
 -72073.472   338.029   -27.79   54.33
 -71786.368   332.015   -20.95   56.69
 -71499.254   324.273   -26.96   57.67
 -71212.130   316.112   -28.42   58.62
 -70924.996   294.353   -75.78   55.87
 -70637.851   276.814   -61.08   55.89
 -70350.697   258.985   -62.09   55.56
 -70063.532   242.446   -57.59   53.01
 -69776.356   224.199   -63.54   44.98
 -69489.171   210.867   -46.42   32.02
 -69201.975   206.417   -15.49   28.74
 -68914.769   203.209   -11.17   28.72
 -68627.552   204.439     4.28   33.17
 -68340.326   202.426    -7.01   32.81
 -68053.089   197.956   -15.56   30.81
 -67765.842   192.065   -20.51   27.63
 -67478.584   181.828   -35.63   22.99
 -67191.316   174.109   -26.87   19.86
 -66904.038   169.265   -16.86   20.61
 -66616.750   166.851    -8.40   22.20
 -66329.452   164.457    -8.33   23.07
 -66042.143   165.941     5.16   25.00
 -65754.824   166.839     3.13   25.80
 -65467.494   164.309    -8.81   26.79
 -65180.154   159.733   -15.93   26.83
 -64892.804   155.129   -16.02   21.77
 -64605.444   155.708     2.02   20.63
 -64318.074   157.766     7.16   19.72
 -64030.693   158.557     2.75   16.28
 -63743.301   159.467     3.16   13.67
 -63455.900   161.404     6.74   10.79
 -63168.488   159.244    -7.51   11.71
 -62881.066   156.540    -9.41   13.76
 -62593.634   152.777   -13.09   12.94
 -62306.191   149.897   -10.02   10.59
 -62018.738   148.237    -5.77   10.10
 -61731.275   148.309     0.25    9.71
 -61443.801   149.336     3.57    9.14
 -61156.318   152.593    11.33    4.86
 -60868.823   153.599     3.50    5.57
 -60581.319   152.350    -4.34    9.44
 -60293.804   150.007    -8.15   11.88
 -60006.279   148.970    -3.61   11.85
 -59718.744   149.712     2.58   11.37
 -59431.198   150.910     4.17   11.35
 -59144.114   151.871     3.35   10.79
 -58858.671   153.050     4.13   10.33
 -58573.220   154.815     6.18    9.98
 -58287.759   156.626     6.34    8.73
 -58002.289   156.662     0.13    8.17
 -57716.809   155.888    -2.71    7.73
 -57431.320   155.864    -0.08    6.78
 -57145.821   155.635    -0.80    5.97
 -56860.314   156.449     2.85    6.15
 -56574.796   158.087     5.74    6.96
 -56289.270   160.385     8.05    7.49
 -56003.734   162.442     7.20    6.92
 -55718.189   163.630     4.16    6.24
 -55432.634   163.440    -0.67    5.38
 -55147.070   163.324    -0.41    4.83
 -54861.497   163.095    -0.80    5.38
 -54575.914   162.618    -1.67    6.37
 -54290.322   162.957     1.19    7.57
 -54004.720   163.835     3.07    8.77
 -53719.109   164.801     3.39    9.24
 -53433.489   165.518     2.51    9.37
 -53147.860   167.299     6.23    8.41
 -52862.221   169.329     7.11    5.83
 -52576.572   171.101     6.20    5.14
 -52290.914   171.493     1.37    4.50
 -52005.247   170.355    -3.98    5.27
 -51719.571   167.846    -8.78    8.39
 -51433.885   164.381   -12.13   11.81
 -51148.189   161.943    -8.53   11.84
 -50862.485   159.912    -7.11   11.37
 -50576.770   158.419    -5.23   10.92
 -50291.047   158.741     1.13   11.61
 -50005.314   160.822     7.28   12.05
 -49719.572   164.406    12.54    9.68
 -49433.820   165.862     5.10    9.29
 -49148.059   166.657     2.78    9.61
 -48862.288   167.540     3.09    9.45
 -48576.508   168.654     3.90    7.83
 -48290.719   169.235     2.03    6.80
 -48004.921   170.257     3.58    7.71
 -47719.112   169.386    -3.05   11.73
 -47433.295   165.204   -14.63   17.96
 -47147.468   161.411   -13.27   19.68
 -46861.632   160.296    -3.90   19.48
 -46575.786   160.355     0.20   20.26
 -46289.931   161.586     4.31   19.38
 -46004.066   162.793     4.22   17.36
 -45718.192   166.169    11.81   15.24
 -45432.309   168.219     7.17    9.57
 -45146.416   165.545    -9.35   11.37
 -44860.514   159.729   -20.34   13.88
 -44574.602   154.341   -18.84   15.00
 -44288.681   150.204   -14.47   14.87
 -44002.751   148.432    -6.20   15.93
 -43716.811   149.104     2.35   17.24
 -43430.862   151.763     9.30   18.35
 -43144.903   155.891    14.44   17.59
 -42858.935   160.545    16.27   13.24
 -42572.957   161.587     3.64   10.84
 -42286.970   158.037   -12.41   13.32
 -42000.974   154.073   -13.86   15.88
 -41714.968   147.873   -21.68   19.61
 -41428.953   141.822   -21.16   19.66
 -41142.928   139.407    -8.44   19.00
 -40856.894   140.314     3.17   19.03
 -40570.850   143.080     9.67   18.92
 -40284.797   146.108    10.58   17.18
 -39998.735   149.421    11.58   14.58
 -39712.663   152.381    10.34   11.61
 -39426.582   153.338     3.35    8.85
 -39140.491   153.176    -0.56    9.11
 -38854.391   148.822   -15.22   13.19
 -38568.281   143.554   -18.41   14.82
 -38282.162   139.356   -14.67   15.04
 -37996.033   136.787    -8.98   15.49
 -37709.895   134.907    -6.57   16.98
 -37423.748   134.739    -0.59   17.18
 -37137.591   135.971     4.31   17.69
 -36851.425   139.219    11.35   15.30
 -36565.249   141.526     8.06   13.50
 -36279.064   141.614     0.31   13.30
 -35992.869   137.955   -12.79   15.79
 -35706.665   132.090   -20.49   19.11
 -35420.452   123.092   -31.44   21.37
 -35134.229   117.485   -19.59   18.86
 -34847.996   116.179    -4.56   18.18
 -34561.754   116.816     2.23   18.41
 -34275.503   119.074     7.89   17.52
 -33989.242   121.157     7.28   16.30
 -33702.972   121.181     0.08   18.02
 -33416.692   120.060    -3.92   22.18
 -33130.403   113.257   -23.76   27.62
 -32844.104   107.588   -19.80   26.60
 -32557.796   105.241    -8.20   24.84
 -32271.478   104.324    -3.20   22.97
 -31985.151   106.156     6.40   22.87
 -31698.814   111.547    18.83   21.70
 -31412.468   115.275    13.02   19.76
 -31126.113   118.691    11.93   18.22
 -30839.748   118.878     0.65   19.12
 -30553.373   115.591   -11.48   23.17
 -30266.989   108.681   -24.13   27.59
 -29980.596    97.281   -39.81   32.56
 -29694.193    84.474   -44.71   32.67
 -29407.780    73.558   -38.11   31.73
 -29121.359    62.468   -38.72   28.40
 -28834.927    53.292   -32.03   23.74
 -28548.486    46.266   -24.53   20.24
 -28262.036    40.721   -19.36   17.15
 -27975.576    36.096   -16.15   13.30
 -27689.107    32.479   -12.63   11.44
 -27402.628    29.263   -11.23    9.28
 -27116.140    27.548    -5.98    8.36
 -26829.642    25.329    -7.75    7.49
 -26543.135    23.119    -7.71    5.33
 -26256.618    22.453    -2.32    5.04
 -25970.092    21.770    -2.38    4.88
 -25683.556    22.088     1.11    5.05
 -25397.011    22.461     1.30    5.83
 -25110.456    24.357     6.62    8.19
 -24823.892    26.920     8.94   10.11
 -24537.318    29.803    10.06   10.62
 -24250.735    32.515     9.46   10.81
 -23964.142    34.746     7.79   10.02
 -23677.540    36.700     6.82    8.73
 -23390.928    37.029     1.15    9.17
 -23104.307    35.818    -4.23   10.84
 -22817.676    33.143    -9.33   12.04
 -22531.036    30.459    -9.36   11.00
 -22244.386    29.521    -3.27    9.97
 -21957.727    28.913    -2.12    8.99
 -21671.058    28.807    -0.37    7.66
 -21384.380    29.100     1.02    6.95
 -21097.692    29.296     0.68    6.39
 -20810.994    29.316     0.07    6.17
 -20524.288    28.397    -3.21    5.85
 -20237.571    27.455    -3.29    4.92
 -19950.845    27.864     1.43    5.67
 -19664.110    27.816    -0.17    5.45
 -19377.365    27.185    -2.20    4.62
 -19090.610    27.303     0.41    4.44
 -18803.846    26.993    -1.08    3.69
 -18517.073    26.857    -0.47    3.68
 -18230.290    27.021     0.57    3.84
 -17943.497    26.515    -1.77    3.27
 -17656.695    26.613     0.34    3.71
 -17369.884    26.450    -0.57    3.50
 -17083.062    26.316    -0.47    2.93
 -16796.232    26.683     1.28    3.16
 -16509.391    27.855     4.08    4.52
 -16222.542    29.146     4.50    5.98
 -15935.682    30.279     3.95    7.97
 -15648.813    31.185     3.16    9.00
 -15361.935    33.163     6.89   10.63
 -15075.047    35.317     7.51   12.39
 -14788.150    38.431    10.85   14.12
 -14501.243    42.400    13.83   15.42
 -14214.326    46.106    12.92   16.22
 -13927.400    48.206     7.32   15.10
 -13640.464    52.827    16.11   15.51
 -13353.519    56.650    13.32   13.97
 -13066.564    60.733    14.23   13.18
 -12779.600    63.757    10.54   12.30
 -12492.626    64.926     4.07   11.46
 -12205.643    65.650     2.52   11.44
 -11918.650    64.472    -4.10   12.67
 -11631.647    60.430   -14.08   16.26
 -11344.635    54.121   -21.98   19.02
 -11057.614    46.421   -26.83   20.98
 -10770.582    38.870   -26.31   21.41
 -10483.542    31.430   -25.92   19.40
 -10196.491    24.423   -24.41   16.26
  -9909.432    18.881   -19.31   12.00
  -9622.362    14.866   -13.99    7.76
  -9335.283    12.783    -7.26    4.54
  -9048.195    11.642    -3.97    2.26
  -8761.096    11.576    -0.23    1.73
  -8473.989    11.791     0.75    1.55
  -8186.871    12.113     1.12    1.40
  -7899.745    12.173     0.21    1.39
  -7612.608    12.163    -0.03    1.37
  -7325.462    12.136    -0.09    2.10
  -7038.307    12.296     0.56    2.00
  -6751.142    12.222    -0.26    2.26
  -6463.967    12.099    -0.43    2.66
  -6176.783    12.858     2.64    3.16
  -5889.589    13.364     1.76    3.33
  -5602.385    14.000     2.21    3.52
  -5315.172    14.456     1.59    3.56
  -5027.950    14.603     0.51    3.69
  -4740.717    14.577    -0.09    3.76
  -4453.476    14.089    -1.70    3.47
  -4166.224    13.243    -2.95    2.09
  -3878.963    12.756    -1.70    0.60
  -3591.693    12.791     0.12    0.41
  -3304.413    12.872     0.28    0.33
  -3017.123    12.694    -0.62    1.40
  -2729.823    11.504    -4.14    3.85
  -2442.515     9.871    -5.68    5.29
  -2155.196     8.261    -5.60    6.00
  -1867.868     6.454    -6.29    6.28
  -1580.530     4.574    -6.54    5.87
  -1293.183     3.185    -4.83    5.12
  -1005.826     2.957    -0.79    4.96
   -718.459     2.152    -2.80    4.24
   -431.083     1.935    -0.76    4.00
   -143.698     1.546    -1.35    3.70
    143.698     0.868    -2.36    2.62
    431.103     0.857    -0.04    2.54
    718.517     1.717     2.99    3.93
   1005.941     3.088     4.77    5.05
   1293.375     4.858     6.16    5.82
   1580.818     6.000     3.97    6.03
   1868.271     7.496     5.21    5.92
   2155.734     8.552     3.67    5.72
   2443.206     9.073     1.81    5.50
   2730.101     9.496     1.48    5.41
   3015.612    10.148     2.28    5.06
   3301.132    10.985     2.93    4.39
   3586.661    11.619     2.22    3.72
   3872.198    12.259     2.24    2.68
   4157.743    12.846     2.05    0.71
   4443.298    12.648    -0.69    0.88
   4728.861    12.326    -1.13    1.23
   5014.433    11.723    -2.11    1.80
   5300.014    10.748    -3.41    2.45
   5585.603     9.489    -4.41    3.05
   5871.201     7.874    -5.66    3.56
   6156.807     6.886    -3.46    3.44
   6442.423     6.464    -1.48    3.38
   6728.047     6.196    -0.94    3.61
   7013.680     6.539     1.20    4.31
   7299.321     6.864     1.14    4.72
   7584.971     7.037     0.60    4.85
   7870.630     7.326     1.01    4.75
   8156.297     7.275    -0.18    4.72
   8441.974     6.625    -2.28    4.29
   8727.659     6.014    -2.14    4.10
   9013.352     5.703    -1.09    3.83
   9299.055     5.778     0.26    3.49
   9584.766     5.301    -1.67    3.34
   9870.486     4.725    -2.02    3.30
  10156.214     3.809    -3.21    2.63
  10441.951     4.468     2.31    6.24
  10727.697     5.507     3.64    8.11
  11013.452     6.964     5.10    9.90
  11299.215    10.458    12.23   14.06
  11584.987    13.875    11.96   15.33
  11870.768    17.470    12.58   16.61
  12156.557    24.596    24.93   20.42
  12442.356    31.713    24.90   22.07
  12728.163    37.292    19.52   23.11
  13013.978    46.113    30.86   24.77
  13299.803    54.963    30.97   22.78
  13585.636    59.971    17.52   21.15
  13871.477    65.704    20.06   22.30
  14157.328    71.377    19.84   22.62
  14443.187    75.212    13.42   25.36
  14729.055    83.200    27.94   29.93
  15014.932    93.353    35.52   33.04
  15300.817   104.175    37.86   37.51
  15586.711   120.583    57.39   43.58
  15872.614   135.739    53.01   45.10
  16158.526   149.424    47.87   49.02
  16444.446   164.209    51.71   52.20
  16730.375   175.793    40.51   51.49
  17016.313   181.601    20.32   52.48
  17302.260   189.493    27.60   53.85
  17588.215   193.567    14.25   51.52
  17874.179   194.864     4.54   53.23
  18160.152   193.529    -4.67   52.52
  18446.133   193.441    -0.31   49.16
  18732.124   190.741    -9.44   50.34
  19018.123   186.021   -16.50   50.37
  19304.130   179.556   -22.61   50.23
  19590.147   174.407   -18.00   50.89
  19876.172   172.295    -7.38   48.33
  20162.206   171.855    -1.54   42.35
  20448.249   174.187     8.15   40.46
  20734.300   180.200    21.02   42.41
  21020.361   188.809    30.09   46.77
  21306.429   202.199    46.81   50.85
  21592.507   213.993    41.23   51.89
  21878.594   224.978    38.40   52.65
  22164.689   236.817    41.38   54.15
  22450.793   249.579    44.61   55.75
  22736.906   263.222    47.69   53.69
  23023.027   278.329    52.80   52.11
  23309.157   291.270    45.23   53.19
  23595.296   303.935    44.26   50.72
  23881.444   311.180    25.32   46.01
  24167.601   310.979    -0.70   47.12
  24453.766   298.044   -45.20   60.40
  24739.940   280.916   -59.85   69.23
  25026.123   259.835   -73.67   64.05
  25312.314   241.963   -62.45   49.89
  25598.515   236.229   -20.04   42.97
  25884.724   249.457    46.22   51.26
  26170.942   273.504    84.02   59.40
  26457.168   304.734   109.11   57.61
  26743.404   322.831    63.22   46.63
  27029.648   329.110    21.94   38.17
  27315.901   329.757     2.26   37.48
  27602.162   323.585   -21.56   42.77
  27888.433   313.985   -33.53   45.83
  28174.712   300.426   -47.37   46.38
  28461.000   289.191   -39.24   43.94
  28747.297   285.625   -12.46   45.81
  29033.603   290.864    18.30   52.83
  29319.917   299.030    28.52   56.14
  29606.240   300.159     3.95   60.78
  29892.572   307.245    24.75   68.99
  30178.913   306.030    -4.24   69.18
  30465.262   300.659   -18.75   67.41
  30751.621   291.137   -33.25   60.88
  31037.988   285.474   -19.77   54.20
  31324.364   281.518   -13.82   50.05
  31610.748   288.923    25.86   51.71
  31897.142   300.397    40.06   53.00
  32183.544   311.900    40.16   52.09
  32469.955   320.336    29.45   50.31
  32756.375   331.630    39.43   53.83
  33042.803   353.396    75.99   63.16
  33329.241   375.171    76.02   75.81
  33615.687   398.684    82.08   79.56
  33902.142   418.186    68.08   75.44
  34188.606   433.879    54.78   73.49
  34475.078   444.015    35.38   74.34
  34761.559   447.407    11.84   78.84
  35048.050   441.390   -21.00   81.02
  35334.549   423.794   -61.42   74.22
  35621.056   412.716   -38.67   69.96
  35907.573   400.429   -42.89   68.00
  36194.098   389.384   -38.55   64.01
  36480.632   389.282    -0.36   66.51
  36767.175   391.371     7.29   64.90
  37053.727   403.500    42.33   66.03
  37340.288   422.536    66.43   71.10
  37626.857   443.204    72.13   68.29
  37913.435   461.297    63.13   61.10
  38200.023   474.326    45.46   51.59
  38486.618   479.835    19.22   49.86
  38773.223   478.147    -5.89   48.89
  39059.836   469.887   -28.82   49.58
  39346.459   469.950     0.22   47.10
  39633.090   476.312    22.20   49.35
  39919.730   479.500    11.12   56.42
  40206.379   485.846    22.14   56.81
  40493.036   490.993    17.96   54.11
  40779.702   492.951     6.83   50.10
  41066.378   496.638    12.86   46.72
  41353.062   488.875   -27.08   51.46
  41639.754   471.447   -60.79   55.52
  41926.456   457.142   -49.90   52.21
  42213.167   437.141   -69.76   50.74
  42499.886   414.176   -80.10   59.19
  42786.614   394.145   -69.86   64.22
  43073.351   385.283   -30.91   61.41
  43360.097   383.936    -4.70   62.80
  43646.852   386.140     7.69   60.48
  43933.615   390.158    14.01   54.62
  44220.387   391.451     4.51   50.03
  44507.168   392.203     2.62   44.93
  44793.958   386.723   -19.11   47.38
  45080.757   373.936   -44.59   48.71
  45367.565   357.846   -56.10   45.62
  45654.381   347.246   -36.95   45.24
  45941.207   330.295   -59.10   53.27
  46228.041   303.781   -92.44   63.47
  46514.884   280.225   -82.12   63.15
  46801.736   263.472   -58.41   56.71
  47088.596   257.193   -21.89   53.13
  47375.466   249.085   -28.26   48.48
  47662.344   244.813   -14.89   47.56
  47949.231   245.283     1.64   45.51
  48236.128   247.043     6.14   43.94
  48523.032   247.557     1.79   39.86
  48809.946   244.787    -9.66   33.64
  49096.869   242.754    -7.09   26.34
  49383.800   240.326    -8.46   19.83
  49670.741   242.804     8.64   17.37
  49957.690   247.929    17.86   20.02
  50244.648   258.364    36.37   27.50
  50531.615   270.618    42.70   32.60
  50818.591   287.901    60.23   37.54
  51105.575   301.403    47.05   40.05
  51392.569   314.022    43.97   42.89
  51679.571   327.886    48.31   47.95
  51966.582   339.087    39.03   51.08
  52253.602   348.794    33.82   52.84
  52540.631   364.275    53.93   58.86
  52827.669   373.442    31.94   61.25
  53114.715   380.493    24.56   59.90
  53401.771   395.725    53.07   62.60
  53688.835   400.813    17.72   64.39
  53975.909   410.537    33.87   68.11
  54262.991   421.331    37.60   70.11
  54550.082   420.928    -1.41   66.92
  54837.182   426.130    18.12   66.28
  55124.290   430.514    15.27   64.24
  55411.408   430.355    -0.55   59.74
  55698.534   435.093    16.50   59.84
  55985.670   436.818     6.01   59.28
  56272.814   433.239   -12.46   49.37
  56559.967   437.471    14.74   46.37
  56847.129   439.907     8.48   40.11
  57134.300   442.728     9.82   35.23
  57421.480   451.129    29.25   34.72
  57708.668   458.535    25.79   32.68
  57995.866   462.804    14.87   28.89
  58283.072   470.729    27.59   29.79
  58570.288   476.379    19.67   30.63
  58857.512   482.051    19.75   30.02
  59144.745   492.582    36.66   32.54
  59431.987   503.277    37.23   32.30
  59719.238   514.920    40.54   32.94
  60006.497   528.986    48.97   32.02
  60293.766   542.177    45.92   29.36
  60581.043   554.182    41.79   26.28
  60868.330   563.000    30.69   25.94
  61155.625   572.482    33.01   28.42
  61442.929   584.022    40.17   32.30
  61730.242   595.118    38.62   34.54
  62017.564   609.094    48.64   32.33
  62304.895   620.279    38.93   26.09
  62592.235   629.871    33.38   24.23
  62879.584   634.321    15.49   24.16
  63166.941   630.594   -12.97   30.75
  63454.308   624.958   -19.61   38.43
  63741.683   617.577   -25.68   44.13
  64029.068   611.226   -22.10   51.12
  64316.461   604.629   -22.96   57.18
  64603.196   597.368   -25.32   63.73
  64888.781   600.599    11.31   71.29
  65174.373   604.639    14.15   77.54
  65459.974   607.486     9.97   77.60
  65745.582   607.007    -1.67   76.38
  66031.199   600.936   -21.26   79.48
  66316.823   603.411     8.67   76.49
  66602.455   603.428     0.06   74.77
  66888.096   600.050   -11.82   73.02
  67173.744   599.773    -0.97   71.56
  67459.401   605.304    19.36   70.23
  67745.065   620.979    54.87   70.19
  68030.738   636.583    54.62   66.79
  68316.418   647.419    37.93   65.05
  68602.107   673.079    89.82   73.27
  68887.804   703.203   105.44   78.95
  69173.508   732.596   102.88   81.44
  69459.221   764.772   112.62   74.89
  69744.941   787.369    79.09   57.40
  70030.670   795.594    28.79   45.80
  70316.407   795.275    -1.12   47.50
  70602.151   779.618   -54.80   60.71
  70887.904   754.993   -86.18   69.82
  71173.665   720.493  -120.73   71.04
  71459.434   692.451   -98.13   66.29
  71745.210   681.036   -39.94   63.58
  72030.995   681.181     0.51   74.55
  72316.788   687.640    22.60   87.02
  72602.589   684.401   -11.33   91.40
  72888.398   678.846   -19.44   95.58
  73174.215   685.123    21.96   97.99
  73460.040   686.564     5.04   96.40
  73745.873   674.235   -43.13   99.58
  74031.714   658.725   -54.26   97.35
  74317.563   637.535   -74.13   94.95
  74603.420   619.460   -63.23   96.72
  74889.285   600.287   -67.07  103.76
  75175.158   575.050   -88.28  108.60
  75461.039   545.589  -103.06  111.03
  75746.929   516.746  -100.89  113.67
  76032.826   478.170  -134.93  116.10
  76318.731   446.135  -112.05  102.91
  76604.644   430.853   -53.45   91.50
  76890.566   429.850    -3.51   92.61
  77176.495   440.314    36.60  110.97
  77462.433   450.652    36.15  123.77
  77748.378   460.094    33.02  124.67
  78034.332   454.924   -18.08  123.79
  78320.294   441.088   -48.38  122.54
  78606.263   414.176   -94.11  123.60
  78892.241   375.579  -134.97  111.50
  79178.227   349.162   -92.37   95.26
  79464.220   334.783   -50.28   75.34
  79750.222   334.678    -0.37   76.45
  80036.232   356.317    75.66   89.69
  80322.250   393.118   128.67  102.16
  80608.276   439.757   163.06   96.31
  80894.310   485.543   160.07   74.22
  81180.352   511.312    90.09   64.49
  81466.403   528.964    61.71   61.80
  81752.461   535.688    23.51   60.39
  82038.527   535.257    -1.51   65.22
  82324.601   531.843   -11.94   74.40
  82610.684   540.871    31.56   88.36
  82896.774   556.551    54.81   95.36
  83182.873   564.920    29.25   97.43
  83468.979   561.160   -13.14  105.28
  83755.094   549.066   -42.27  109.96
  84041.217   545.743   -11.61  103.28
  84327.348   530.121   -54.60   99.02
  84613.487   518.971   -38.97   87.52
  84899.633   514.515   -15.57   88.52
  85185.788   528.924    50.35   97.44
  85471.951   550.860    76.66  106.59
  85758.123   566.100    53.25  104.92
  86044.302   574.762    30.27  103.83
  86330.489   579.425    16.29   99.34
