# NaN NaN NaN ;Mean Elev.(m), Avg Gradient(m/km), RMS Gradient(m/km) - SRTM1     
#   57.716  -0.716   2.482 ;Mean Elev.(m), Avg Gradient(m/km), RMS Gradient(m/km) - ASTER GDEM
#   62.275  -2.074  12.914 ;Mean Elev.(m), Avg Gradient(m/km), RMS Gradient(m/km) - GMTED2010 
   1 208.116999  65.146040    63.172    63.204  3 54667.99687909 53.939
   2 208.114237  65.147122    63.292    63.326  3 54677.91252313 32.154
   6 208.114598  65.147049    62.745    62.746  3 54717.57510132 48.185
   8 208.118508  65.142684   108.653   108.509  3 54737.40639892 17.096
   9 208.116842  65.143848    61.801    61.801  4 54747.32204598 44.619
  10 208.115167  65.145429    61.228    61.245  3 54757.23769260 41.765
  11 208.116352  65.145516    61.767    61.850  3 54767.15333761 37.158
  12 208.118450  65.143795    62.543    62.571  3 54777.06897959 37.332
  13 208.116641  65.142382    62.603    62.626  3 54786.98461880 38.596
  14 208.115812  65.142371    62.632    62.685  3 54796.90025695 36.095
  15 208.118612  65.144109    62.558    62.550  3 54806.81589506 32.093
  16 208.115946  65.146763    62.300    62.252  3 54816.73153203 26.590
  17 208.114267  65.147790    62.521    62.542  3 54826.64718042 21.482
  18 208.116702  65.146609    62.651    62.665  4 54836.56281996 17.500
  19 208.117860  65.145914    63.116    63.094  3 54846.47846965 17.307
  20 208.117616  65.146197    63.205    63.189  3 54856.39411848 16.980
  21 208.117296  65.147341    63.306    63.320  3 54866.30976722 16.683
  22 208.115798  65.147812    63.108    63.084  3 54876.22541536 16.143
  23 208.117825  65.146718    63.605    63.618  3 54886.14106101 14.729
  24 208.117341  65.144635    63.303    63.271  3 54896.05670307 15.073
  26 208.118415  65.142417    63.800    63.743  3 54915.88798087 10.726
  27 208.116170  65.143803    63.687    63.682  4 54925.80361859 11.163
  28 208.119636  65.144668    59.188    59.188  2 54935.71925620 18.000
  29 208.118077  65.145349    62.876    62.738  3 54945.63489144 24.725
  30 208.115797  65.144907   112.363   112.229  3 54955.55052412 23.174
  31 208.118197  65.143108   112.191   112.007  4 54965.46617204 23.035
  32 208.118449  65.142810    62.681    62.683  3 54975.38182000 50.769
  33 208.117079  65.144257   110.253   110.277  4 54985.29746747 24.604
  35 208.118808  65.146479   110.429   110.252  3 55005.12876134 32.900
  36 208.116975  65.146664    63.274    63.266  4 55015.04440519 52.947
  37 208.116340  65.146554    62.849    62.842  3 55024.96004779 51.059
  38 208.118148  65.146973    62.951    62.894  3 55034.87569008 40.525
  39 208.115608  65.148094    62.721    62.721  2 55044.79133121 49.272
  40 208.116611  65.148114    62.772    62.806  3 55054.70697104 52.096
  41 208.115283  65.147011   108.962   108.953  3 55064.62260845 20.311
  42 208.116110  65.144984    62.369    62.352  3 55074.53825570 49.283
  43 208.116594  65.143557   109.489   109.555  3 55084.45390377 27.174
  44 208.117655  65.143434   109.039   109.117  3 55094.36955019 21.977
  45 208.117021  65.144015    62.045    62.023  4 55104.28519625 36.507
  46 208.116538  65.144400    61.637    61.576  3 55114.20084212 40.527
  47 208.115179  65.144163    61.247    61.221  3 55124.11648549 47.056
  48 208.116807  65.143321    61.060    61.076  3 55134.03212638 39.524
  49 208.116350  65.142936    61.530    61.506  3 55143.94776495 38.294
  50 208.117161  65.143473    61.858    61.861  4 55153.86340301 28.402
  51 208.117986  65.144642    62.067    62.073  3 55163.77904140 23.254
  52 208.114742  65.146589    62.367    62.550  3 55173.69467914 22.016
  53 208.117925  65.147071    62.394    62.496  3 55183.61031757 20.228
  54 208.115990  65.147157    62.528    62.360  4 55193.52596863 18.340
  55 208.116384  65.147109    62.540    62.515  4 55203.44161863 17.093
  56 208.115706  65.147634    62.632    62.639  3 55213.35726779 16.301
  57 208.118079  65.147384    62.485    62.264  3 55223.27291681 15.868
  58 208.115660  65.146528    62.655    62.462  3 55233.18856392 16.142
  60 208.117457  65.142784    62.531    62.434  4 55253.01984927 15.709
  61 208.116726  65.142584    62.380    62.268  3 55262.93548800 14.900
  62 208.117540  65.143736    62.459    62.423  4 55272.85112586 14.601
  63 208.114798  65.145140    61.791    61.783  3 55282.76676313 18.854
  64 208.115453  65.145012    61.771    61.897  3 55292.68239956 33.835
  65 208.116166  65.144026    61.657    61.664  4 55302.59803540 34.342
  66 208.116448  65.142814   108.952   109.015  3 55312.51368324 18.952
  67 208.117084  65.142994   109.389   109.397  3 55322.42932870 20.619
  68 208.116143  65.144374   109.294   109.316  3 55332.34497267 18.709
  69 208.115249  65.145756    61.930    61.924  3 55342.26061660 49.051
  70 208.115038  65.146186    62.403    62.490  3 55352.17626039 46.497
  71 208.118349  65.145831   110.119   110.588  3 55362.09190238 22.504
  72 208.115991  65.146420    62.553    62.589  3 55372.00754180 46.617
  73 208.118331  65.147146    63.117    63.102  3 55381.92318026 50.649
  74 208.114552  65.148776    63.039    62.978  3 55391.83881740 36.951
  75 208.114127  65.149197    63.391    63.391  2 55401.75445355 47.990
  76 208.113074  65.147527   137.740   132.445  3 55411.67010381 19.769
  77 208.116311  65.144396    63.607    63.593  3 55421.58575399 52.043
  78 208.117972  65.142355   109.957   109.929  4 55431.50140110 24.426
  79 208.116983  65.142818   109.682   109.621  3 55441.41704559 11.289
  80 208.117091  65.144278   109.089   109.001  4 55451.33268856 22.794
  81 208.116438  65.145481    62.409    62.494  4 55461.24833078 37.867
  82 208.116088  65.144882    61.760    61.775  3 55471.16397180 34.686
  83 208.118355  65.143170    61.495    61.496  3 55481.07961018 46.288
  84 208.118387  65.142279    61.121    61.112  3 55490.99524593 45.923
  85 208.116419  65.143600    61.625    61.625  3 55500.91087939 41.995
  86 208.115993  65.145583    61.862    61.745  3 55510.82652221 40.099
  87 208.117033  65.146782    62.413    62.428  3 55520.74217199 34.927
  88 208.115708  65.147145    62.705    62.713  3 55530.65782054 33.165
  89 208.116635  65.146312    62.692    62.703  3 55540.57346769 27.685
  90 208.118784  65.145627    62.764    62.725  3 55550.48911277 24.040
  91 208.116201  65.146544    62.835    62.829  4 55560.40475569 20.735
  93 208.115345  65.148244    62.971    62.948  3 55580.23603921 15.491
  94 208.115949  65.146540    62.969    63.010  4 55590.15167788 15.239
  95 208.117469  65.143843    62.929    62.883  3 55600.06731358 15.561
  96 208.118060  65.142367    63.033    63.111  3 55609.98294686 14.970
  97 208.118106  65.143445    63.253    63.286  3 55619.89857859 14.677
  98 208.116328  65.145641    63.211    63.239  4 55629.81422886 13.674
  99 208.114259  65.146929    63.317    63.377  3 55639.72987963 12.755
 102 208.117909  65.141458    63.140    62.982  3 55669.47681586 12.941
 103 208.117482  65.142747   129.214   126.309  3 55679.39245520  8.369
 104 208.117543  65.145568    63.900    63.845  3 55689.30809252 50.062
 105 208.115330  65.148053   112.596   111.956  3 55699.22372819 24.357
 106 208.115982  65.148309    64.453    64.477  3 55709.13936596 43.576
 107 208.114014  65.147228    63.571    63.473  3 55719.05501640 46.420
 108 208.117268  65.146101   109.801   110.349  3 55728.97066492 19.983
 109 208.115282  65.146750    63.207    63.207  3 55738.88631146 54.431
 110 208.113857  65.147774    63.960    64.019  3 55748.80195682 54.875
 111 208.115840  65.147546   124.678   124.764  4 55758.71760026 22.282
 112 208.117612  65.145977    63.610    63.648  3 55768.63324096 53.199
 113 208.118809  65.143609   110.100   109.991  3 55778.54887849 19.773
 114 208.117622  65.142432    63.087    63.091  4 55788.46451314 49.686
 115 208.117962  65.143337   110.170   110.088  4 55798.38014645 22.312
 116 208.117536  65.145162   109.910   110.156  4 55808.29579100 21.182
 117 208.114702  65.146906    62.348    62.382  3 55818.21143953 41.838
 118 208.116999  65.146067    62.245    62.236  4 55828.12708470 41.452
 119 208.117523  65.144185    61.881    61.874  3 55838.04272542 42.376
 120 208.117561  65.142696    61.517    61.499  4 55847.95836302 46.292
 121 208.115233  65.144085    61.439    61.514  3 55857.87399807 42.454
 122 208.118837  65.145975    60.932    60.928  3 55867.78964436 35.836
 123 208.113047  65.148620    61.724    61.711  3 55877.70529562 29.470
 124 208.114717  65.148738    62.410    62.405  3 55887.62094128 20.313
 125 208.113747  65.148010    62.535    62.596  3 55897.53658101 17.494
 126 208.116146  65.147047    62.547    62.479  3 55907.45221597 16.640
 127 208.114472  65.147189    62.465    62.525  3 55917.36786245 15.498
 128 208.115620  65.147318    62.206    62.236  3 55927.28351580 14.929
 129 208.118131  65.146832    62.719    62.441  3 55937.19916590 14.015
 130 208.116898  65.145323    63.181    63.181  4 55947.11481078 13.008
 131 208.116829  65.143281    63.348    63.329  4 55957.03045127 12.652
 132 208.117738  65.142217    63.311    63.393  3 55966.94608931 12.915
 133 208.118061  65.143187    63.080    63.000  4 55976.86172630 13.006
 134 208.116380  65.145356    63.541    63.521  4 55986.77736234 12.468
 135 208.117232  65.146499    63.309    63.384  3 55996.69300005 12.230
 136 208.114776  65.145839    63.460    63.453  3 56006.60865148 10.762
 137 208.117289  65.143686    62.116    61.817  4 56016.52429934 16.809
 138 208.116852  65.142899    61.597    61.549  4 56026.43994388 19.470
 139 208.118553  65.143641    62.009    62.035  3 56036.35558680 34.209
 140 208.116650  65.146062    62.810    62.753  4 56046.27122727 47.013
 141 208.116263  65.147939    62.395    62.324  3 56056.18686510 41.529
 142 208.113952  65.148999    61.998    62.122  3 56066.10249864 43.812
 143 208.117680  65.147671    63.620    63.619  3 56076.01814587 54.970
 144 208.114205  65.147276    64.053    64.065  3 56085.93379477 52.387
 145 208.117831  65.146517    64.020    64.016  3 56095.84944198 42.850
 146 208.116386  65.146663    63.738    63.707  3 56105.76508656 52.065
 147 208.116623  65.146003   111.536   111.623  4 56115.68071689 24.285
 148 208.116727  65.145207    63.563    63.486  3 56125.59635503 52.476
 149 208.115230  65.144470    63.818    63.860  3 56135.51198904 47.790
 150 208.116530  65.143908    63.230    63.231  4 56145.42763125 47.859
 151 208.117187  65.144049    62.838    62.835  3 56155.34328109 50.209
 152 208.117316  65.144851    62.700    62.735  4 56165.25892981 46.877
 153 208.116932  65.145343    62.501    62.491  4 56175.17457630 39.478
 154 208.118294  65.144989    62.477    62.493  3 56185.09021790 46.352
 155 208.117589  65.144290    63.206    63.171  4 56195.00585556 48.954
 156 208.116173  65.144448    62.316    62.337  4 56204.92149022 43.880
 157 208.116008  65.145831    61.904    61.898  4 56214.83712348 46.326
 158 208.115974  65.147951    60.936    60.914  3 56224.75276037 37.240
 159 208.113340  65.148956    61.571    61.451  3 56234.66841583 36.596
 160 208.113700  65.148557    62.413    62.431  3 56244.58406771 34.788
 161 208.116103  65.147394    62.819    62.882  3 56254.49971484 31.680
 162 208.117251  65.146991    63.087    63.076  3 56264.41535760 28.571
 164 208.116354  65.146882    63.444    63.457  3 56284.24664277 18.356
 165 208.117168  65.145352    63.401    63.411  3 56294.16229402 17.868
 166 208.115395  65.143733    63.173    63.148  3 56304.07794075 17.727
 168 208.115382  65.143712    63.171    63.110  3 56323.90922452 15.154
 169 208.118836  65.144737    63.463    63.424  3 56333.82486502 15.357
 170 208.118719  65.145387    63.788    63.742  3 56343.74050461 14.910
 171 208.115321  65.145562    63.555    63.629  3 56353.65614162 14.638
 173 208.117010  65.143974    63.638    63.726  3 56373.48743409 14.004
 175 208.115709  65.146431    63.827    63.736  3 56393.31872410 12.957
 176 208.121982  65.146716    63.226    63.226  2 56403.23436698 23.678
 177 208.114616  65.148055    63.310    63.289  3 56413.15000568 36.942
 178 208.113125  65.148120   125.337   125.143  3 56423.06564003  9.434
 179 208.114976  65.147643    63.439    63.469  3 56432.98128326 44.290
 180 208.116165  65.147108    64.842    64.827  3 56442.89693585 55.796
 181 208.116971  65.147081    65.810    65.840  3 56452.81258584 33.926
 182 208.117425  65.146258   118.444   112.352  3 56462.72823329  9.780
 183 208.115577  65.144914   110.863   110.840  3 56472.64387724 24.776
 184 208.117681  65.143084    63.340    63.280  3 56482.55951813 52.600
 185 208.117837  65.142914    63.496    63.503  4 56492.47515514 52.134
 186 208.117242  65.144445   110.303   110.357  3 56502.39078946 19.522
 187 208.116332  65.146676    63.401    63.390  4 56512.30642211 50.691
 188 208.116110  65.147082    63.149    63.148  4 56522.22206925 50.157
 189 208.115406  65.145920    62.989    62.985  3 56532.13772177 51.129
 191 208.115255  65.144140   108.764   108.637  3 56551.96901550 13.891
 192 208.115087  65.145688    62.232    62.233  3 56561.88465812 48.648
 193 208.114711  65.147872    62.106    62.109  3 56571.80029954 44.976
 194 208.110427  65.149811    61.641    61.641  2 56581.71593889 45.162
 195 208.113560  65.149259    61.480    61.443  3 56591.63157480 41.178
 196 208.116538  65.147284    61.357    61.357  4 56601.54722446 41.074
 197 208.116033  65.146239    61.754    61.759  4 56611.46287426 35.338
 198 208.114984  65.146958    62.103    62.098  3 56621.37851933 24.134
 199 208.115376  65.147753    62.178    62.174  3 56631.29416150 21.392
 200 208.116748  65.147433    62.338    62.283  3 56641.20979986 22.509
 201 208.114935  65.145483    62.325    62.301  3 56651.12544764 18.323
 202 208.116344  65.142865    62.867    62.863  4 56661.04109815 15.832
 203 208.117313  65.142126    62.742    62.660  3 56670.95674530 15.143
 204 208.117598  65.143972    63.023    63.138  3 56680.87239028 14.363
 205 208.116643  65.146186    63.538    63.483  3 56690.78803328 16.931
 206 208.117223  65.146859    63.887    63.741  3 56700.70367305 15.638
 207 208.116231  65.145845    63.495    63.486  4 56710.61930801 16.608
 208 208.116809  65.144278    63.350    63.443  3 56720.53495105 15.623
 210 208.117724  65.145644    63.723    63.723  2 56740.36625115 14.044
 211 208.115618  65.148249    63.696    63.633  3 56750.28189475 15.268
 212 208.113063  65.149745    63.621    63.621  2 56760.19753346 15.035
 213 208.115557  65.149004   122.548   122.548  2 56770.11316630 12.576
 214 208.117694  65.146677    63.167    63.169  3 56780.02881830 43.967
 215 208.114545  65.145676   111.221   111.041  3 56789.94447335 19.544
 216 208.118429  65.145195   136.241   136.241  2 56799.86012578  6.860
 217 208.114779  65.146618    62.580    62.569  3 56809.77577091 39.582
 218 208.114499  65.146793    62.996    62.957  3 56819.69141126 45.774
 219 208.117299  65.145142    63.152    63.160  4 56829.60704813 42.940
 221 208.116646  65.143279    63.813    63.835  4 56849.43831462 52.282
 222 208.116465  65.144386    63.916    63.933  4 56859.35396902 50.907
 223 208.118152  65.146174   109.765   109.780  3 56869.26962261 27.993
 224 208.115725  65.147137    63.599    63.602  3 56879.18527352 40.207
 225 208.118280  65.145606    63.306    63.318  3 56889.10092160 45.998
 226 208.115273  65.144119    63.179    63.173  3 56899.01656645 34.297
 227 208.117640  65.143687   110.402   110.346  4 56908.93220941 20.552
 228 208.117217  65.145733    63.095    63.085  4 56918.84785016 44.781
 229 208.115403  65.148656    62.607    62.607  2 56928.76348869 48.628
 231 208.114770  65.149477    61.572    61.572  2 56948.59475749 40.724
 232 208.114832  65.147045    61.526    61.527  3 56958.51041068 42.194
 233 208.117337  65.145327    61.683    61.707  4 56968.42605878 37.079
 234 208.115041  65.145967    62.468    62.475  3 56978.34170233 33.840
 235 208.116690  65.146910    62.583    62.583  3 56988.25734173 27.214
 236 208.118402  65.147175    63.121    62.940  3 56998.17297503 22.805
 237 208.117246  65.145810    62.829    62.827  3 57008.08862397 21.099
 238 208.116532  65.143736    62.502    62.524  4 57018.00427720 20.815
 239 208.116278  65.142958    62.799    62.513  4 57027.91992714 19.268
 240 208.116478  65.144112    63.063    63.079  3 57037.83557532 19.223
 241 208.118541  65.145634    62.780    62.821  3 57047.75122116 17.355
 242 208.117290  65.146882    63.222    63.202  3 57057.66686295 16.658
 244 208.117341  65.145941    63.190    63.339  3 57077.49813151 15.561
 245 208.116080  65.146505    63.268    63.506  3 57087.41376349 15.875
 246 208.115845  65.147469    63.614    63.593  4 57097.32942209 14.587
 247 208.114911  65.148871    63.835    63.835  2 57107.24507769 15.100
 248 208.112783  65.149535    63.237    63.237  2 57117.16072831 24.892
 249 208.117009  65.147957    62.766    62.631  3 57127.07637345 42.110
 250 208.117457  65.146420   123.344   123.535  3 57136.99201283 16.176
 251 208.117311  65.145838   109.062   109.035  3 57146.90764810 17.701
 252 208.116369  65.146521    63.202    63.229  4 57156.82328081 49.761
 254 208.118678  65.146178    63.734    63.775  3 57176.65458171 46.238
 255 208.117953  65.144937   109.951   109.875  3 57186.57023428 18.703
 256 208.116019  65.143923   109.776   109.418  4 57196.48588256 21.490
 257 208.117308  65.143484    62.943    62.938  3 57206.40151742 52.574
 258 208.115144  65.144781   111.200   111.014  3 57216.31716212 21.713
 259 208.116611  65.145963    63.440    63.439  4 57226.23280595 40.106
 260 208.117481  65.146651    63.195    63.189  3 57236.14844772 49.777
 261 208.118108  65.146541    63.024    63.031  3 57246.06408605 43.370
 262 208.117647  65.146463    63.150    63.169  3 57255.97972173 43.644
 263 208.113862  65.147805    63.715    63.719  3 57265.89535582 36.810
 264 208.113747  65.149052    63.478    63.346  3 57275.81099931 49.055
 265 208.113973  65.149536    63.136    63.136  2 57285.72665631 50.942
 266 208.114649  65.148764    62.937    62.937  2 57295.64231053 50.743
 267 208.117972  65.147036    62.674    62.643  3 57305.55796139 35.653
 268 208.114564  65.146217    62.010    62.110  3 57315.47360771 42.205
 269 208.116959  65.145460    61.835    61.834  4 57325.38925127 44.188
 270 208.116527  65.145716    61.503    61.502  3 57335.30489251 41.922
 271 208.115893  65.145713    61.919    61.922  3 57345.22053868 36.285
 272 208.116579  65.144801    62.718    62.654  4 57355.13618640 23.210
 273 208.115846  65.144162    63.080    62.997  3 57365.05183006 17.811
 274 208.115146  65.143999    63.236    63.284  3 57374.96747032 16.698
 275 208.116420  65.144669    63.660    63.382  3 57384.88310893 15.801
 276 208.116717  65.145794    63.347    63.342  3 57394.79874700 15.494
 277 208.114347  65.147192    63.843    63.802  3 57404.71438390 14.650
 278 208.116368  65.146885    63.750    63.840  3 57414.63003167 14.364
 279 208.117104  65.146350    63.983    64.047  3 57424.54568325 13.978
 280 208.115903  65.146498    63.797    63.821  3 57434.46133163 13.975
 281 208.117758  65.147196    63.830    63.829  3 57444.37697845 13.866
 282 208.115664  65.148467    64.042    64.196  3 57454.29262415 13.481
 283 208.113085  65.149083    63.490    63.421  3 57464.20826801 12.507
 284 208.114407  65.148032    63.165    63.322  3 57474.12390864 38.940
 286 208.115909  65.146292    62.365    62.388  3 57493.95517970 37.657
 287 208.116630  65.147242    62.785    62.716  3 57503.87081178 46.325
 288 208.114286  65.147611    63.397    63.399  3 57513.78646562 47.990
 289 208.116159  65.146507   110.851   110.885  4 57523.70212053 24.635
 290 208.117360  65.144655   110.023   110.159  4 57533.61777312 17.266
 291 208.116723  65.143372   110.303   110.220  4 57543.53342238 26.235
 292 208.117610  65.143422   124.280   124.235  4 57553.44906903 16.187
 293 208.116143  65.145018    63.348    63.339  3 57563.36471380 45.532
 294 208.118266  65.146066   110.874   110.104  3 57573.28035842 22.427
 295 208.118365  65.146242    63.733    63.658  3 57583.19600268 54.966
 296 208.117330  65.145925    64.187    64.182  3 57593.11164498 49.614
 297 208.117602  65.145762    64.178    64.064  3 57603.02728502 33.910
