# NaN NaN NaN ;Mean Elev.(m), Avg Gradient(m/km), RMS Gradient(m/km) - SRTM1     
#   57.716  -0.716   2.482 ;Mean Elev.(m), Avg Gradient(m/km), RMS Gradient(m/km) - ASTER GDEM
#   62.275  -2.074  12.914 ;Mean Elev.(m), Avg Gradient(m/km), RMS Gradient(m/km) - GMTED2010 
   1    63.269 54667.99687850 53.02 208.111009  65.146778 14.088 -100.00 -100.00 -100.00
   1    63.044 54667.99687909 54.31 208.116999  65.146040 21.185 -100.00 -100.00 -100.00
   1    63.204 54667.99687968 54.36 208.122989  65.145301 29.929 -100.00 -100.00 -100.00
   2    63.133 54677.91252254 35.86 208.108247  65.147860 10.287 -100.00 -100.00 -100.00
   2    63.326 54677.91252313 28.54 208.114237  65.147122   -100 -100.00 -100.00 -100.00
   2    63.416 54677.91252372 25.53 208.120226  65.146383 22.710 -100.00 -100.00 -100.00
   6    62.732 54717.57510073 45.42 208.108608  65.147787   -100 -100.00 -100.00 -100.00
   6    62.756 54717.57510132 48.94 208.114598  65.147049   -100 -100.00 -100.00 -100.00
   6    62.746 54717.57510191 49.26 208.120587  65.146310 11.239 -100.00 -100.00 -100.00
   8   108.454 54737.40639833 21.29 208.112519  65.143423 21.366 -100.00 -100.00 -100.00
   8   108.509 54737.40639892  5.27 208.118508  65.142684 17.194 -100.00 -100.00 -100.00
   8   108.996 54737.40639951 11.98 208.124496  65.141945 24.727 -100.00 -100.00 -100.00
   9    61.530 54747.32204509 48.29 208.107859  65.144956 27.867 -100.00 -100.00 -100.00
   9    61.744 54747.32204568 42.58 208.113848  65.144218   -100 -100.00 -100.00 -100.00
   9    61.858 54747.32204627 42.33 208.119836  65.143478   -100 -100.00 -100.00 -100.00
   9    62.074 54747.32204686 41.21 208.125825  65.142739   -100 -100.00 -100.00 -100.00
  10    61.178 54757.23769201 42.99 208.109178  65.146168  6.222 -100.00 -100.00 -100.00
  10    61.245 54757.23769260 42.08 208.115167  65.145429   -100 -100.00 -100.00 -100.00
  10    61.259 54757.23769319 39.54 208.121156  65.144690   -100 -100.00 -100.00 -100.00
  11    61.580 54767.15333702 37.86 208.110363  65.146255   -100 -100.00 -100.00 -100.00
  11    61.850 54767.15333761 36.96 208.116352  65.145516   -100 -100.00 -100.00 -100.00
  11    61.872 54767.15333820 36.55 208.122342  65.144777   -100 -100.00 -100.00 -100.00
  12    62.471 54777.06897900 39.88 208.112460  65.144534   -100 -100.00 -100.00 -100.00
  12    62.586 54777.06897959 35.19 208.118450  65.143795   -100 -100.00 -100.00 -100.00
  12    62.571 54777.06898018 35.05 208.124439  65.143056   -100 -100.00 -100.00 -100.00
  13    62.423 54786.98461821 41.14 208.110651  65.143121 15.412 -100.00 -100.00 -100.00
  13    62.626 54786.98461880 38.16 208.116641  65.142383   -100 -100.00 -100.00 -100.00
  13    62.760 54786.98461939 33.35 208.122630  65.141643 28.996 -100.00 -100.00 -100.00
  14    62.773 54796.90025636 38.05 208.109823  65.143110   -100 -100.00 -100.00 -100.00
  14    62.437 54796.90025695 36.42 208.115812  65.142372   -100 -100.00 -100.00 -100.00
  14    62.685 54796.90025754 31.58 208.121801  65.141632 30.107 -100.00 -100.00 -100.00
  15    62.621 54806.81589447 34.27 208.112622  65.144848   -100 -100.00 -100.00 -100.00
  15    62.550 54806.81589506 31.43 208.118612  65.144109 29.602 -100.00 -100.00 -100.00
  15    62.502 54806.81589565 29.00 208.124601  65.143370 23.890 -100.00 -100.00 -100.00
  16    62.252 54816.73153144 27.74 208.109956  65.147501 23.410 -100.00 -100.00 -100.00
  16    62.442 54816.73153203 25.79 208.115946  65.146763 17.598 -100.00 -100.00 -100.00
  16    62.205 54816.73153262 25.96 208.121936  65.146024 18.230 -100.00 -100.00 -100.00
  17    62.557 54826.64717983 20.13 208.108277  65.148529  6.597 -100.00 -100.00 -100.00
  17    62.465 54826.64718042 21.23 208.114267  65.147790  9.452 -100.00 -100.00 -100.00
  17    62.542 54826.64718101 22.70 208.120257  65.147051 11.699 -100.00 -100.00 -100.00
  18    62.675 54836.56281908 17.88 208.107718  65.147718  5.593 -100.00 -100.00 -100.00
  18    62.670 54836.56281967 17.07 208.113707  65.146979  4.440 -100.00 -100.00 -100.00
  18    62.600 54836.56282026 17.42 208.119697  65.146240  4.930 -100.00 -100.00 -100.00
  18    62.659 54836.56282085 17.59 208.125686  65.145501  4.885 -100.00 -100.00 -100.00
  19    63.088 54846.47846906 17.25 208.111871  65.146653  5.090 -100.00 -100.00 -100.00
  19    63.094 54846.47846965 17.41 208.117860  65.145914  4.899 -100.00 -100.00 -100.00
  19    63.166 54846.47847024 17.26 208.123849  65.145175  4.915 -100.00 -100.00 -100.00
  20    63.189 54856.39411789 17.26 208.111627  65.146936  4.524 -100.00 -100.00 -100.00
  20    63.365 54856.39411848 16.67 208.117616  65.146197  4.236 -100.00 -100.00 -100.00
  20    63.061 54856.39411908 16.99 208.123605  65.145457  4.549 -100.00 -100.00 -100.00
  21    63.320 54866.30976663 16.87 208.111306  65.148080  5.509 -100.00 -100.00 -100.00
  21    63.231 54866.30976722 17.00 208.117296  65.147341  5.291 -100.00 -100.00 -100.00
  21    63.367 54866.30976781 16.13 208.123285  65.146602  4.554 -100.00 -100.00 -100.00
  22    63.231 54876.22541477 16.24 208.109808  65.148551  6.210 -100.00 -100.00 -100.00
  22    63.010 54876.22541536 16.27 208.115798  65.147812  4.730 -100.00 -100.00 -100.00
  22    63.084 54876.22541595 15.91 208.121788  65.147073  4.686 -100.00 -100.00 -100.00
  23    63.534 54886.14106042 14.57 208.111835  65.147457  5.428 -100.00 -100.00 -100.00
  23    63.618 54886.14106101 14.90 208.117825  65.146718  5.526 -100.00 -100.00 -100.00
  23    63.661 54886.14106160 14.71 208.123814  65.145979  5.104 -100.00 -100.00 -100.00
  24    63.250 54896.05670248 14.87 208.111352  65.145374  7.226 -100.00 -100.00 -100.00
  24    63.271 54896.05670307 15.29 208.117341  65.144635  7.295 -100.00 -100.00 -100.00
  24    63.389 54896.05670366 15.05 208.123330  65.143895  7.385 -100.00 -100.00 -100.00
  26    63.706 54915.88798028 10.56 208.112427  65.143156  3.510 -100.00 -100.00 -100.00
  26    63.743 54915.88798087 10.67 208.118415  65.142417  3.835 -100.00 -100.00 -100.00
  26    63.950 54915.88798146 10.94 208.124404  65.141677  3.658 -100.00 -100.00 -100.00
  27    63.553 54925.80361771 11.11 208.107187  65.144911  4.466 -100.00 -100.00 -100.00
  27    63.669 54925.80361830 11.13 208.113176  65.144172  3.917 -100.00 -100.00 -100.00
  27    63.694 54925.80361889 11.14 208.119165  65.143433  4.044 -100.00 -100.00 -100.00
  27    63.830 54925.80361948 11.27 208.125153  65.142694  4.115 -100.00 -100.00 -100.00
  28    58.854 54935.71925590 17.69 208.116642  65.145038  5.931 -100.00 -100.00 -100.00
  28    59.521 54935.71925649 18.29 208.122631  65.144299  7.624 -100.00 -100.00 -100.00
  29    63.221 54945.63489084 24.84 208.112088  65.146088 13.048 -100.00 -100.00 -100.00
  29    62.738 54945.63489144 25.19 208.118077  65.145349 17.394 -100.00 -100.00 -100.00
  29    62.668 54945.63489203 24.07 208.124066  65.144610 14.540 -100.00 -100.00 -100.00
  30   111.858 54955.55052353 17.40 208.109808  65.145645   -100 -100.00 -100.00 -100.00
  30   112.229 54955.55052412 18.54 208.115797  65.144907   -100 -100.00 -100.00 -100.00
  30   113.001 54955.55052471 26.96 208.121786  65.144168 19.695 -100.00 -100.00 -100.00
  31   113.438 54965.46617116 24.76 208.109214  65.144216 22.932 -100.00 -100.00 -100.00
  31   111.314 54965.46617175 17.06 208.115203  65.143478   -100 -100.00 -100.00 -100.00
  31   111.691 54965.46617234 19.05 208.121191  65.142739  8.996 -100.00 -100.00 -100.00
  31   112.322 54965.46617293 25.73 208.127179  65.142000 22.054 -100.00 -100.00 -100.00
  32    62.726 54975.38181941 50.67 208.112461  65.143549 21.165 -100.00 -100.00 -100.00
  32    62.683 54975.38182000 50.17 208.118450  65.142810 26.165 -100.00 -100.00 -100.00
  32    62.635 54975.38182059 51.38 208.124437  65.142072   -100 -100.00 -100.00 -100.00
  33   110.678 54985.29746658 23.78 208.108096  65.145365 12.997 -100.00 -100.00 -100.00
  33   109.649 54985.29746717 19.65 208.114085  65.144627   -100 -100.00 -100.00 -100.00
  33   109.876 54985.29746776 23.01 208.120074  65.143888 30.808 -100.00 -100.00 -100.00
  33   110.811 54985.29746835 27.95 208.126062  65.143149 19.687 -100.00 -100.00 -100.00
  35   110.252 55005.12876075 31.91 208.112819  65.147218   -100 -100.00 -100.00 -100.00
  35   110.243 55005.12876134 22.89 208.118808  65.146480  4.427 -100.00 -100.00 -100.00
  35   110.793 55005.12876193 36.13 208.124797  65.145740   -100 -100.00 -100.00 -100.00
  36    63.219 55015.04440431 52.55 208.107990  65.147773   -100 -100.00 -100.00 -100.00
  36    63.257 55015.04440490 50.93 208.113980  65.147034   -100 -100.00 -100.00 -100.00
  36    63.274 55015.04440549 51.99 208.119970  65.146295   -100 -100.00 -100.00 -100.00
  36    63.346 55015.04440608 55.14 208.125959  65.145556   -100 -100.00 -100.00 -100.00
  37    62.805 55024.96004720 51.34 208.110350  65.147293  8.952 -100.00 -100.00 -100.00
  37    62.842 55024.96004779 50.08 208.116340  65.146555  5.483 -100.00 -100.00 -100.00
  37    62.900 55024.96004838 51.61 208.122329  65.145815 16.025 -100.00 -100.00 -100.00
  38    62.885 55034.87568949 39.83 208.112158  65.147712   -100 -100.00 -100.00 -100.00
  38    62.894 55034.87569008 40.21 208.118148  65.146973   -100 -100.00 -100.00 -100.00
  38    63.073 55034.87569067 41.38 208.124137  65.146234   -100 -100.00 -100.00 -100.00
  39    62.712 55044.79133092 47.94 208.112613  65.148464   -100 -100.00 -100.00 -100.00
  39    62.730 55044.79133151 50.29 208.118603  65.147725  6.601 -100.00 -100.00 -100.00
  40    62.637 55054.70697045 51.40 208.110621  65.148852  9.829 -100.00 -100.00 -100.00
  40    62.874 55054.70697104 51.31 208.116611  65.148114   -100 -100.00 -100.00 -100.00
  40    62.806 55054.70697163 53.28 208.122601  65.147375 12.021 -100.00 -100.00 -100.00
  41   109.442 55064.62260786 17.75 208.109293  65.147749 11.438 -100.00 -100.00 -100.00
  41   108.953 55064.62260845 18.53 208.115283  65.147011  9.439 -100.00 -100.00 -100.00
  41   108.491 55064.62260904 22.82 208.121272  65.146272 16.464 -100.00 -100.00 -100.00
  42    62.347 55074.53825511 46.80 208.110121  65.145722   -100 -100.00 -100.00 -100.00
  42    62.352 55074.53825570 50.46 208.116110  65.144984 20.857 -100.00 -100.00 -100.00
  42    62.408 55074.53825629 49.79 208.122099  65.144245 14.519 -100.00 -100.00 -100.00
  43   109.287 55084.45390318 25.28 208.110606  65.144296 24.969 -100.00 -100.00 -100.00
  43   109.555 55084.45390377 30.78 208.116594  65.143557   -100 -100.00 -100.00 -100.00
  43   109.626 55084.45390436 14.91 208.122583  65.142818   -100 -100.00 -100.00 -100.00
  44   108.432 55094.36954960 23.76 208.111666  65.144173 21.769 -100.00 -100.00 -100.00
  44   109.566 55094.36955019 22.69 208.117655  65.143434 13.152 -100.00 -100.00 -100.00
  44   109.117 55094.36955078 16.95 208.123643  65.142695 24.997 -100.00 -100.00 -100.00
  45    61.878 55104.28519537 34.88 208.108038  65.145124   -100 -100.00 -100.00 -100.00
  45    62.007 55104.28519596 36.24 208.114027  65.144385   -100 -100.00 -100.00 -100.00
  45    62.039 55104.28519655 36.98 208.120015  65.143646   -100 -100.00 -100.00 -100.00
  45    62.254 55104.28519714 37.50 208.126004  65.142907   -100 -100.00 -100.00 -100.00
  46    61.576 55114.20084153 39.60 208.110549  65.145139  4.138 -100.00 -100.00 -100.00
  46    61.476 55114.20084212 40.86 208.116538  65.144400  8.610 -100.00 -100.00 -100.00
  46    61.859 55114.20084271 40.99 208.122527  65.143661   -100 -100.00 -100.00 -100.00
  47    61.169 55124.11648490 48.42 208.109189  65.144902 18.409 -100.00 -100.00 -100.00
  47    61.221 55124.11648549 46.72 208.115179  65.144163 12.779 -100.00 -100.00 -100.00
  47    61.353 55124.11648608 45.54 208.121168  65.143424   -100 -100.00 -100.00 -100.00
  48    61.027 55134.03212579 38.97 208.110817  65.144060   -100 -100.00 -100.00 -100.00
  48    61.077 55134.03212638 38.79 208.116807  65.143321   -100 -100.00 -100.00 -100.00
  48    61.076 55134.03212697 40.58 208.122796  65.142581   -100 -100.00 -100.00 -100.00
  49    61.468 55143.94776436 37.65 208.110360  65.143675   -100 -100.00 -100.00 -100.00
  49    61.506 55143.94776495 38.06 208.116350  65.142936   -100 -100.00 -100.00 -100.00
  49    61.617 55143.94776554 39.05 208.122339  65.142197   -100 -100.00 -100.00 -100.00
  50    61.879 55153.86340212 27.01 208.108177  65.144582 14.932 -100.00 -100.00 -100.00
  50    61.843 55153.86340271 27.92 208.114167  65.143843 16.958 -100.00 -100.00 -100.00
  50    61.763 55153.86340330 29.68 208.120156  65.143104 22.752 -100.00 -100.00 -100.00
  50    61.949 55153.86340389 28.56 208.126145  65.142365 17.421 -100.00 -100.00 -100.00
  51    61.933 55163.77904081 22.90 208.111996  65.145381  7.394 -100.00 -100.00 -100.00
  51    62.073 55163.77904140 23.52 208.117986  65.144643  8.816 -100.00 -100.00 -100.00
  51    62.195 55163.77904199 23.32 208.123975  65.143903  9.231 -100.00 -100.00 -100.00
  52    62.555 55173.69467855 21.87 208.108752  65.147327  6.759 -100.00 -100.00 -100.00
  52    62.550 55173.69467914 21.96 208.114742  65.146589  7.348 -100.00 -100.00 -100.00
  52    61.996 55173.69467973 22.21 208.120732  65.145850  7.406 -100.00 -100.00 -100.00
  53    62.504 55183.61031698 20.89 208.111935  65.147809  6.843 -100.00 -100.00 -100.00
  53    62.496 55183.61031757 20.13 208.117925  65.147071  5.465 -100.00 -100.00 -100.00
  53    62.181 55183.61031816 19.56 208.123915  65.146332  5.094 -100.00 -100.00 -100.00
  54    62.421 55193.52596775 19.06 208.107006  65.148265  5.773 -100.00 -100.00 -100.00
  54    63.261 55193.52596834 17.83 208.112996  65.147526  3.884 -100.00 -100.00 -100.00
  54    62.131 55193.52596893 18.42 208.118985  65.146787  5.014 -100.00 -100.00 -100.00
  54    62.298 55193.52596952 17.94 208.124974  65.146048  4.365 -100.00 -100.00 -100.00
  55    62.853 55203.44161774 17.05 208.107400  65.148217  3.435 -100.00 -100.00 -100.00
  55    62.727 55203.44161833 17.09 208.113390  65.147478  3.486 -100.00 -100.00 -100.00
  55    62.274 55203.44161892 17.22 208.119379  65.146739  3.486 -100.00 -100.00 -100.00
  55    62.304 55203.44161951 17.01 208.125368  65.146000  3.908 -100.00 -100.00 -100.00
  56    63.084 55213.35726720 16.17 208.109716  65.148373  3.948 -100.00 -100.00 -100.00
  56    62.639 55213.35726779 16.44 208.115706  65.147634  3.972 -100.00 -100.00 -100.00
  56    62.173 55213.35726838 16.29 208.121695  65.146895  3.825 -100.00 -100.00 -100.00
  57    62.953 55223.27291622 16.04 208.112090  65.148123  3.698 -100.00 -100.00 -100.00
  57    62.237 55223.27291681 15.59 208.118079  65.147384  3.386 -100.00 -100.00 -100.00
  57    62.264 55223.27291740 15.96 208.124069  65.146645  3.233 -100.00 -100.00 -100.00
  58    63.367 55233.18856333 15.62 208.109670  65.147267  3.780 -100.00 -100.00 -100.00
  58    62.135 55233.18856392 16.83 208.115660  65.146528  5.595 -100.00 -100.00 -100.00
  58    62.462 55233.18856451 15.88 208.121649  65.145789  3.879 -100.00 -100.00 -100.00
  60    62.328 55253.01984838 15.90 208.108473  65.143893  4.677 -100.00 -100.00 -100.00
  60    62.942 55253.01984897 15.68 208.114463  65.143154  3.778 -100.00 -100.00 -100.00
  60    62.540 55253.01984956 15.41 208.120451  65.142415  3.870 -100.00 -100.00 -100.00
  60    62.312 55253.01985015 15.83 208.126440  65.141675  4.087 -100.00 -100.00 -100.00
  61    62.268 55262.93548740 15.15 208.110737  65.143323  4.192 -100.00 -100.00 -100.00
  61    62.243 55262.93548800 15.21 208.116726  65.142584  5.172 -100.00 -100.00 -100.00
  61    62.628 55262.93548859 14.28 208.122714  65.141844  3.536 -100.00 -100.00 -100.00
  62    62.422 55272.85112497 14.72 208.108556  65.144845  3.645 -100.00 -100.00 -100.00
  62    62.639 55272.85112556 14.48 208.114546  65.144106  3.385 -100.00 -100.00 -100.00
  62    62.424 55272.85112615 14.52 208.120534  65.143367  3.258 -100.00 -100.00 -100.00
  62    62.350 55272.85112675 14.68 208.126523  65.142627  3.731 -100.00 -100.00 -100.00
  63    61.783 55282.76676254 18.47 208.108808  65.145879  8.159 -100.00 -100.00 -100.00
  63    61.696 55282.76676313 19.23 208.114798  65.145140  9.122 -100.00 -100.00 -100.00
  63    61.894 55282.76676372 18.83 208.120787  65.144401  7.393 -100.00 -100.00 -100.00
  64    61.483 55292.68239897 34.22 208.109464  65.145751   -100 -100.00 -100.00 -100.00
  64    61.897 55292.68239956 34.20 208.115453  65.145012   -100 -100.00 -100.00 -100.00
  64    61.933 55292.68240015 32.97 208.121442  65.144273   -100 -100.00 -100.00 -100.00
  65    61.624 55302.59803452 34.49 208.107183  65.145134   -100 -100.00 -100.00 -100.00
  65    61.653 55302.59803511 34.51 208.113172  65.144396   -100 -100.00 -100.00 -100.00
  65    61.675 55302.59803570 35.14 208.119160  65.143657   -100 -100.00 -100.00 -100.00
  65    61.674 55302.59803629 32.94 208.125148  65.142918   -100 -100.00 -100.00 -100.00
  66   108.162 55312.51368265 15.46 208.110460  65.143553   -100 -100.00 -100.00 -100.00
  66   109.015 55312.51368324 20.94 208.116448  65.142814 19.584 -100.00 -100.00 -100.00
  66   109.680 55312.51368383 18.83 208.122436  65.142076 16.616 -100.00 -100.00 -100.00
  67   109.297 55322.42932811 24.71 208.111096  65.143733 27.952 -100.00 -100.00 -100.00
  67   109.397 55322.42932870 15.62 208.117084  65.142994 31.591 -100.00 -100.00 -100.00
  67   109.472 55322.42932929 11.37 208.123072  65.142255   -100 -100.00 -100.00 -100.00
  68   108.857 55332.34497208 22.83 208.110155  65.145112 27.164 -100.00 -100.00 -100.00
  68   109.316 55332.34497267 11.43 208.116143  65.144374 17.655 -100.00 -100.00 -100.00
  68   109.710 55332.34497326 12.33 208.122132  65.143635 21.787 -100.00 -100.00 -100.00
  69    61.853 55342.26061601 48.21 208.109260  65.146494 16.448 -100.00 -100.00 -100.00
  69    61.924 55342.26061660 49.28 208.115249  65.145756 11.172 -100.00 -100.00 -100.00
  69    62.012 55342.26061719 49.55 208.121237  65.145017  9.971 -100.00 -100.00 -100.00
  70    62.220 55352.17625980 45.48 208.109048  65.146925   -100 -100.00 -100.00 -100.00
  70    62.490 55352.17626039 48.13 208.115038  65.146186   -100 -100.00 -100.00 -100.00
  70    62.498 55352.17626098 45.26 208.121027  65.145448   -100 -100.00 -100.00 -100.00
  71   110.588 55362.09190179 22.02 208.112359  65.146570 10.486 -100.00 -100.00 -100.00
  71   111.012 55362.09190238 22.88 208.118349  65.145831 11.479 -100.00 -100.00 -100.00
  71   108.758 55362.09190297 22.57 208.124338  65.145092   -100 -100.00 -100.00 -100.00
  72    62.589 55372.00754121 43.61 208.110002  65.147159   -100 -100.00 -100.00 -100.00
  72    62.460 55372.00754180 47.60 208.115991  65.146420 11.498 -100.00 -100.00 -100.00
  72    62.611 55372.00754239 47.57 208.121981  65.145681  9.476 -100.00 -100.00 -100.00
  73    63.102 55381.92317967 50.34 208.112341  65.147885   -100 -100.00 -100.00 -100.00
  73    63.193 55381.92318026 49.57 208.118331  65.147146   -100 -100.00 -100.00 -100.00
  73    63.055 55381.92318085 51.75 208.124320  65.146407  6.673 -100.00 -100.00 -100.00
  74    63.233 55391.83881681 37.96 208.108562  65.149515   -100 -100.00 -100.00 -100.00
  74    62.906 55391.83881740 37.29 208.114552  65.148776  5.018 -100.00 -100.00 -100.00
  74    62.978 55391.83881799 35.13 208.120542  65.148038   -100 -100.00 -100.00 -100.00
  75    63.261 55401.75445326 47.14 208.111132  65.149566   -100 -100.00 -100.00 -100.00
  75    63.521 55401.75445385 48.70 208.117122  65.148828   -100 -100.00 -100.00 -100.00
  76   132.445 55411.67010322 24.00 208.107084  65.148266 16.336 -100.00 -100.00 -100.00
  76   122.413 55411.67010381 15.01 208.113074  65.147527 30.136 -100.00 -100.00 -100.00
  76   158.362 55411.67010440  1.90 208.119063  65.146789  7.619 -100.00 -100.00 -100.00
  77    63.592 55421.58575340 54.27 208.110323  65.145134  1.326 -100.00 -100.00 -100.00
  77    63.635 55421.58575399 51.75 208.116311  65.144396   -100 -100.00 -100.00 -100.00
  77    63.593 55421.58575458 48.01 208.122300  65.143657   -100 -100.00 -100.00 -100.00
  78   110.487 55431.50140021 25.99 208.108990  65.143463 20.531 -100.00 -100.00 -100.00
  78   110.895 55431.50140080 28.15 208.114979  65.142725 23.155 -100.00 -100.00 -100.00
  78   109.073 55431.50140139 10.14 208.120967  65.141986 29.333 -100.00 -100.00 -100.00
  78   109.371 55431.50140198 16.78 208.126954  65.141247   -100 -100.00 -100.00 -100.00
  79   109.183 55441.41704500 14.42 208.110995  65.143557   -100 -100.00 -100.00 -100.00
  79   109.621 55441.41704559  5.64 208.116983  65.142818   -100 -100.00 -100.00 -100.00
  79   110.242 55441.41704618  9.56 208.122971  65.142079 14.177 -100.00 -100.00 -100.00
  80   109.733 55451.33268768 23.93 208.108108  65.145387 32.463 -100.00 -100.00 -100.00
  80   108.619 55451.33268827 19.18 208.114097  65.144648 28.645 -100.00 -100.00 -100.00
  80   108.811 55451.33268886 16.60 208.120085  65.143909 20.931 -100.00 -100.00 -100.00
  80   109.192 55451.33268945 25.86 208.126074  65.143169   -100 -100.00 -100.00 -100.00
  81    62.120 55461.24832990 36.77 208.107455  65.146590   -100 -100.00 -100.00 -100.00
  81    62.488 55461.24833049 35.21 208.113444  65.145851   -100 -100.00 -100.00 -100.00
  81    62.500 55461.24833108 39.17 208.119433  65.145112   -100 -100.00 -100.00 -100.00
  81    62.529 55461.24833167 39.11 208.125422  65.144373   -100 -100.00 -100.00 -100.00
  82    61.775 55471.16397121 35.01 208.110099  65.145620 28.735 -100.00 -100.00 -100.00
  82    61.785 55471.16397180 34.86 208.116088  65.144882   -100 -100.00 -100.00 -100.00
  82    61.721 55471.16397239 34.14 208.122078  65.144143   -100 -100.00 -100.00 -100.00
  83    61.415 55481.07960959 46.17 208.112366  65.143909  1.286 -100.00 -100.00 -100.00
  83    61.496 55481.07961018 46.65 208.118355  65.143170   -100 -100.00 -100.00 -100.00
  83    61.574 55481.07961078 46.02 208.124344  65.142431   -100 -100.00 -100.00 -100.00
  84    61.215 55490.99524534 45.51 208.112397  65.143018   -100 -100.00 -100.00 -100.00
  84    61.112 55490.99524593 44.94 208.118387  65.142279   -100 -100.00 -100.00 -100.00
  84    61.035 55490.99524652 47.04 208.124376  65.141540 20.714 -100.00 -100.00 -100.00
  85    61.558 55500.91087880 43.23 208.110429  65.144339  5.575 -100.00 -100.00 -100.00
  85    61.625 55500.91087939 42.74 208.116419  65.143600   -100 -100.00 -100.00 -100.00
  85    61.692 55500.91087998 38.84 208.122408  65.142861   -100 -100.00 -100.00 -100.00
  86    61.708 55510.82652162 41.25 208.110003  65.146322   -100 -100.00 -100.00 -100.00
  86    61.745 55510.82652221 40.02 208.115993  65.145583   -100 -100.00 -100.00 -100.00
  86    62.133 55510.82652280 38.64 208.121983  65.144844   -100 -100.00 -100.00 -100.00
  87    62.379 55520.74217140 34.14 208.111043  65.147521 32.138 -100.00 -100.00 -100.00
  87    62.431 55520.74217199 36.36 208.117033  65.146782   -100 -100.00 -100.00 -100.00
  87    62.428 55520.74217258 33.82 208.123023  65.146043 32.000 -100.00 -100.00 -100.00
  88    62.636 55530.65781995 34.22 208.109718  65.147884   -100 -100.00 -100.00 -100.00
  88    62.713 55530.65782054 33.15 208.115708  65.147145 32.561 -100.00 -100.00 -100.00
  88    62.767 55530.65782113 31.79 208.121698  65.146406 22.868 -100.00 -100.00 -100.00
  89    62.703 55540.57346710 27.23 208.110646  65.147051 18.041 -100.00 -100.00 -100.00
  89    62.716 55540.57346769 28.48 208.116635  65.146312 21.886 -100.00 -100.00 -100.00
  89    62.656 55540.57346828 27.22 208.122624  65.145573 18.899 -100.00 -100.00 -100.00
  90    62.868 55550.48911218 23.45 208.112795  65.146366 10.809 -100.00 -100.00 -100.00
  90    62.725 55550.48911277 23.15 208.118784  65.145628 10.802 -100.00 -100.00 -100.00
  90    62.700 55550.48911336 25.22 208.124773  65.144888 15.800 -100.00 -100.00 -100.00
  91    62.723 55560.40475481 20.46 208.107217  65.147653  6.666 -100.00 -100.00 -100.00
  91    62.920 55560.40475540 20.45 208.113206  65.146914  7.145 -100.00 -100.00 -100.00
  91    62.959 55560.40475599 19.59 208.119196  65.146175  5.888 -100.00 -100.00 -100.00
  91    62.739 55560.40475658 22.06 208.125185  65.145436 10.148 -100.00 -100.00 -100.00
  93    63.089 55580.23603862 15.56 208.109355  65.148982  4.193 -100.00 -100.00 -100.00
  93    62.948 55580.23603921 15.36 208.115345  65.148244  3.508 -100.00 -100.00 -100.00
  93    62.875 55580.23603980 15.55 208.121335  65.147505  3.971 -100.00 -100.00 -100.00
  94    63.097 55590.15167699 14.99 208.106964  65.147649  2.768 -100.00 -100.00 -100.00
  94    63.131 55590.15167758 15.10 208.112954  65.146910  2.751 -100.00 -100.00 -100.00
  94    62.923 55590.15167817 15.21 208.118944  65.146171  3.557 -100.00 -100.00 -100.00
  94    62.728 55590.15167877 15.63 208.124934  65.145432  3.984 -100.00 -100.00 -100.00
  95    63.098 55600.06731299 15.50 208.111479  65.144582  3.468 -100.00 -100.00 -100.00
  95    62.883 55600.06731358 15.51 208.117469  65.143843  3.372 -100.00 -100.00 -100.00
  95    62.806 55600.06731417 15.67 208.123458  65.143104  3.946 -100.00 -100.00 -100.00
  96    63.111 55609.98294626 15.18 208.112071  65.143106  3.818 -100.00 -100.00 -100.00
  96    63.115 55609.98294686 14.78 208.118060  65.142367  3.665 -100.00 -100.00 -100.00
  96    62.872 55609.98294745 14.94 208.124049  65.141629  4.091 -100.00 -100.00 -100.00
  97    63.286 55619.89857800 14.58 208.112116  65.144183  3.174 -100.00 -100.00 -100.00
  97    63.184 55619.89857859 14.73 208.118106  65.143445  3.578 -100.00 -100.00 -100.00
  97    63.289 55619.89857918 14.72 208.124095  65.142706  3.509 -100.00 -100.00 -100.00
  98    63.348 55629.81422798 13.35 208.107344  65.146749  3.629 -100.00 -100.00 -100.00
  98    63.265 55629.81422857 13.64 208.113333  65.146011  3.853 -100.00 -100.00 -100.00
  98    63.213 55629.81422916 13.56 208.119323  65.145272  3.493 -100.00 -100.00 -100.00
  98    63.020 55629.81422975 14.11 208.125312  65.144533  4.426 -100.00 -100.00 -100.00
  99    63.377 55639.72987904 12.59 208.108269  65.147668  2.966 -100.00 -100.00 -100.00
  99    63.508 55639.72987963 12.34 208.114259  65.146929  2.687 -100.00 -100.00 -100.00
  99    63.068 55639.72988022 13.28 208.120248  65.146191  4.236 -100.00 -100.00 -100.00
 102    62.949 55669.47681527 13.62 208.111921  65.142197  5.755 -100.00 -100.00 -100.00
 102    62.982 55669.47681586 12.67 208.117909  65.141458  4.057 -100.00 -100.00 -100.00
 102    63.488 55669.47681645 12.44 208.123896  65.140720  3.414 -100.00 -100.00 -100.00
 103   126.309 55679.39245461 10.38 208.111494  65.143486 14.530 -100.00 -100.00 -100.00
 103   125.922 55679.39245520  8.21 208.117482  65.142747 12.867 -100.00 -100.00 -100.00
 103   135.411 55679.39245579  4.87 208.123470  65.142008  8.234 -100.00 -100.00 -100.00
 104    63.845 55689.30809193 50.57 208.111554  65.146307 19.647 -100.00 -100.00 -100.00
 104    64.017 55689.30809252 49.21 208.117543  65.145568   -100 -100.00 -100.00 -100.00
 104    63.838 55689.30809312 50.29 208.123531  65.144829 22.602 -100.00 -100.00 -100.00
 105   114.107 55699.22372760 19.86 208.109340  65.148792 10.488 -100.00 -100.00 -100.00
 105   111.956 55699.22372819 24.15 208.115330  65.148053   -100 -100.00 -100.00 -100.00
 105   111.726 55699.22372878 26.64 208.121319  65.147314 30.793 -100.00 -100.00 -100.00
 106    64.477 55709.13936537 42.16 208.109992  65.149047   -100 -100.00 -100.00 -100.00
 106    64.559 55709.13936596 43.54 208.115982  65.148309   -100 -100.00 -100.00 -100.00
 106    64.324 55709.13936655 44.67 208.121972  65.147570   -100 -100.00 -100.00 -100.00
 107    63.473 55719.05501581 44.31 208.108024  65.147967  9.639 -100.00 -100.00 -100.00
 107    63.472 55719.05501640 45.16 208.114014  65.147228 23.203 -100.00 -100.00 -100.00
 107    63.768 55719.05501699 48.56 208.120004  65.146490  1.382 -100.00 -100.00 -100.00
 108   110.412 55728.97066433 22.18 208.111278  65.146840 19.873 -100.00 -100.00 -100.00
 108   110.349 55728.97066492 20.08 208.117268  65.146101   -100 -100.00 -100.00 -100.00
 108   108.642 55728.97066551 15.02 208.123257  65.145362   -100 -100.00 -100.00 -100.00
 109    63.057 55738.88631087 54.82 208.109292  65.147489 32.204 -100.00 -100.00 -100.00
 109    63.356 55738.88631146 53.49 208.115282  65.146750  1.946 -100.00 -100.00 -100.00
 109    63.207 55738.88631205 54.85 208.121271  65.146011 15.975 -100.00 -100.00 -100.00
 110    64.019 55748.80195623 53.47 208.107867  65.148513   -100 -100.00 -100.00 -100.00
 110    64.042 55748.80195682 54.42 208.113857  65.147774   -100 -100.00 -100.00 -100.00
 110    63.820 55748.80195741 56.26 208.119846  65.147035 15.192 -100.00 -100.00 -100.00
 111   123.699 55758.71759937 18.58 208.106856  65.148654   -100 -100.00 -100.00 -100.00
 111   124.388 55758.71759996 21.50 208.112846  65.147916   -100 -100.00 -100.00 -100.00
 111   125.140 55758.71760055 24.14 208.118835  65.147177   -100 -100.00 -100.00 -100.00
 111   125.488 55758.71760114 23.09 208.124824  65.146438   -100 -100.00 -100.00 -100.00
 112    63.415 55768.63324037 54.64 208.111623  65.146716 18.161 -100.00 -100.00 -100.00
 112    63.648 55768.63324096 52.67 208.117612  65.145977  5.806 -100.00 -100.00 -100.00
 112    63.769 55768.63324155 51.78 208.123601  65.145238   -100 -100.00 -100.00 -100.00
 113   109.713 55778.54887790 12.42 208.112821  65.144347 30.567 -100.00 -100.00 -100.00
 113   109.991 55778.54887849 21.45 208.118809  65.143609 27.595 -100.00 -100.00 -100.00
 113   110.595 55778.54887908 21.06 208.124798  65.142870 12.774 -100.00 -100.00 -100.00
 114    63.008 55788.46451226 50.71 208.108639  65.143540  7.773 -100.00 -100.00 -100.00
 114    63.067 55788.46451285 47.28 208.114628  65.142801   -100 -100.00 -100.00 -100.00
 114    63.114 55788.46451344 47.04 208.120616  65.142063   -100 -100.00 -100.00 -100.00
 114    63.158 55788.46451403 51.77 208.126604  65.141324 10.365 -100.00 -100.00 -100.00
 115   109.601 55798.38014557 16.45 208.108979  65.144445 28.000 -100.00 -100.00 -100.00
 115   109.906 55798.38014616 19.41 208.114968  65.143707 22.785 -100.00 -100.00 -100.00
 115   110.270 55798.38014675 23.38 208.120957  65.142968 21.367 -100.00 -100.00 -100.00
 115   110.903 55798.38014734 25.21 208.126945  65.142230 14.113 -100.00 -100.00 -100.00
 116   108.849 55808.29579012 15.09 208.108552  65.146270 24.430 -100.00 -100.00 -100.00
 116   110.014 55808.29579071 18.88 208.114542  65.145531  9.553 -100.00 -100.00 -100.00
 116   110.299 55808.29579130 18.89 208.120531  65.144793  9.181 -100.00 -100.00 -100.00
 116   110.477 55808.29579189 25.29 208.126519  65.144054 14.183 -100.00 -100.00 -100.00
 117    62.382 55818.21143894 37.89 208.108712  65.147645 30.603 -100.00 -100.00 -100.00
 117    62.470 55818.21143953 39.69 208.114702  65.146906   -100 -100.00 -100.00 -100.00
 117    62.191 55818.21144012 44.82 208.120691  65.146167 18.321 -100.00 -100.00 -100.00
 118    62.204 55828.12708381 36.13 208.108014  65.147175   -100 -100.00 -100.00 -100.00
 118    62.236 55828.12708441 41.34 208.114004  65.146436   -100 -100.00 -100.00 -100.00
 118    62.236 55828.12708500 41.63 208.119994  65.145698  2.811 -100.00 -100.00 -100.00
 118    62.305 55828.12708559 43.73 208.125984  65.144959 14.745 -100.00 -100.00 -100.00
 119    61.842 55838.04272483 40.56 208.111533  65.144923   -100 -100.00 -100.00 -100.00
 119    61.874 55838.04272542 43.16 208.117523  65.144185   -100 -100.00 -100.00 -100.00
 119    61.925 55838.04272601 42.96 208.123512  65.143446   -100 -100.00 -100.00 -100.00
 120    61.415 55847.95836214 47.85 208.108577  65.143804  8.393 -100.00 -100.00 -100.00
 120    61.451 55847.95836273 47.31 208.114566  65.143066  8.876 -100.00 -100.00 -100.00
 120    61.548 55847.95836332 45.88 208.120556  65.142327  3.673 -100.00 -100.00 -100.00
 120    61.656 55847.95836391 42.26 208.126545  65.141588   -100 -100.00 -100.00 -100.00
 121    61.287 55857.87399748 42.54 208.109243  65.144823   -100 -100.00 -100.00 -100.00
 121    61.515 55857.87399807 43.08 208.115233  65.144085   -100 -100.00 -100.00 -100.00
 121    61.514 55857.87399866 41.62 208.121223  65.143346   -100 -100.00 -100.00 -100.00
 122    60.928 55867.78964377 36.29 208.112847  65.146714 32.461 -100.00 -100.00 -100.00
 122    60.984 55867.78964436 35.65 208.118837  65.145975 29.950 -100.00 -100.00 -100.00
 122    60.886 55867.78964495 35.53 208.124827  65.145236   -100 -100.00 -100.00 -100.00
 123    61.711 55877.70529503 28.84 208.107056  65.149359 23.282 -100.00 -100.00 -100.00
 123    61.709 55877.70529562 30.03 208.113047  65.148620 26.829 -100.00 -100.00 -100.00
 123    61.754 55877.70529621 29.46 208.119037  65.147882 24.847 -100.00 -100.00 -100.00
 124    62.604 55887.62094069 20.19 208.108727  65.149477  8.248 -100.00 -100.00 -100.00
 124    62.220 55887.62094128 21.18 208.114717  65.148738  9.824 -100.00 -100.00 -100.00
 124    62.405 55887.62094187 19.38 208.120707  65.147999  6.465 -100.00 -100.00 -100.00
 125    62.693 55897.53658041 17.45 208.107757  65.148748  5.013 -100.00 -100.00 -100.00
 125    62.596 55897.53658101 18.04 208.113747  65.148010  5.822 -100.00 -100.00 -100.00
 125    62.316 55897.53658160 16.92 208.119737  65.147271  4.584 -100.00 -100.00 -100.00
 126    62.885 55907.45221538 16.06 208.110156  65.147786  5.783 -100.00 -100.00 -100.00
 126    62.277 55907.45221597 17.47 208.116146  65.147047  9.102 -100.00 -100.00 -100.00
 126    62.479 55907.45221656 16.25 208.122136  65.146309  6.547 -100.00 -100.00 -100.00
 127    62.525 55917.36786186 15.34 208.108482  65.147928  5.388 -100.00 -100.00 -100.00
 127    62.596 55917.36786245 15.27 208.114472  65.147189  5.604 -100.00 -100.00 -100.00
 127    62.275 55917.36786304 15.86 208.120462  65.146451  5.914 -100.00 -100.00 -100.00
 128    61.817 55927.28351521 15.14 208.109630  65.148056  6.360 -100.00 -100.00 -100.00
 128    62.236 55927.28351580 15.09 208.115620  65.147318  5.683 -100.00 -100.00 -100.00
 128    62.565 55927.28351639 14.53 208.121610  65.146579  5.357 -100.00 -100.00 -100.00
 129    63.311 55937.19916531 13.30 208.112141  65.147571  3.680 -100.00 -100.00 -100.00
 129    62.441 55937.19916590 14.58 208.118131  65.146832  5.963 -100.00 -100.00 -100.00
 129    62.403 55937.19916649 14.07 208.124120  65.146093  4.784 -100.00 -100.00 -100.00
 130    63.172 55947.11480990 13.05 208.107913  65.146431  3.565 -100.00 -100.00 -100.00
 130    63.189 55947.11481049 13.21 208.113903  65.145693  3.932 -100.00 -100.00 -100.00
 130    63.315 55947.11481108 12.64 208.119893  65.144954  3.416 -100.00 -100.00 -100.00
 130    63.048 55947.11481167 13.11 208.125882  65.144214  3.688 -100.00 -100.00 -100.00
 131    63.596 55957.03045038 12.60 208.107845  65.144389  3.225 -100.00 -100.00 -100.00
 131    63.360 55957.03045097 12.52 208.113834  65.143650  3.231 -100.00 -100.00 -100.00
 131    63.135 55957.03045157 12.89 208.119824  65.142911  3.572 -100.00 -100.00 -100.00
 131    63.299 55957.03045216 12.59 208.125812  65.142172  3.431 -100.00 -100.00 -100.00
 132    63.485 55966.94608872 12.45 208.111749  65.142956  3.270 -100.00 -100.00 -100.00
 132    63.393 55966.94608931 12.69 208.117738  65.142217  4.064 -100.00 -100.00 -100.00
 132    63.055 55966.94608991 13.53 208.123727  65.141478  5.366 -100.00 -100.00 -100.00
 133    63.445 55976.86172541 12.48 208.109078  65.144296  3.695 -100.00 -100.00 -100.00
 133    63.013 55976.86172600 13.59 208.115067  65.143557  5.277 -100.00 -100.00 -100.00
 133    62.874 55976.86172659 13.56 208.121056  65.142818  5.105 -100.00 -100.00 -100.00
 133    62.987 55976.86172718 12.22 208.127045  65.142079  3.322 -100.00 -100.00 -100.00
 134    63.550 55986.77736145 12.45 208.107396  65.146464  3.546 -100.00 -100.00 -100.00
 134    63.483 55986.77736204 12.74 208.113386  65.145725  3.868 -100.00 -100.00 -100.00
 134    63.640 55986.77736264 12.55 208.119375  65.144986  4.161 -100.00 -100.00 -100.00
 134    63.493 55986.77736323 12.11 208.125364  65.144247  3.633 -100.00 -100.00 -100.00
 135    63.621 55996.69299946 12.01 208.111242  65.147237  3.789 -100.00 -100.00 -100.00
 135    63.384 55996.69300005 12.25 208.117232  65.146499  4.518 -100.00 -100.00 -100.00
 135    62.921 55996.69300064 12.42 208.123221  65.145760  4.234 -100.00 -100.00 -100.00
 136    63.305 56006.60865089 10.93 208.108786  65.146578  3.568 -100.00 -100.00 -100.00
 136    63.453 56006.60865148 10.72 208.114776  65.145839  3.708 -100.00 -100.00 -100.00
 136    63.621 56006.60865207 10.63 208.120765  65.145101  3.394 -100.00 -100.00 -100.00
 137    61.288 56016.52429845 19.03 208.108306  65.144794 14.779 -100.00 -100.00 -100.00
 137    62.062 56016.52429904 14.57 208.114295  65.144055  7.741 -100.00 -100.00 -100.00
 137    63.543 56016.52429963 11.47 208.120283  65.143317  4.247 -100.00 -100.00 -100.00
 137    61.573 56016.52430022 18.40 208.126271  65.142578 14.978 -100.00 -100.00 -100.00
 138    61.268 56026.43994300 21.26 208.107870  65.144007 15.703 -100.00 -100.00 -100.00
 138    61.631 56026.43994359 18.79 208.113858  65.143268 10.282 -100.00 -100.00 -100.00
 138    61.467 56026.43994418 18.54 208.119846  65.142530 11.002 -100.00 -100.00 -100.00
 138    62.021 56026.43994477 18.65 208.125834  65.141791 11.082 -100.00 -100.00 -100.00
 139    61.821 56036.35558621 34.57 208.112565  65.144380   -100 -100.00 -100.00 -100.00
 139    62.170 56036.35558680 34.91 208.118553  65.143641 29.012 -100.00 -100.00 -100.00
 139    62.035 56036.35558739 32.89 208.124541  65.142902 28.388 -100.00 -100.00 -100.00
 140    63.070 56046.27122639 44.87 208.107666  65.147171   -100 -100.00 -100.00 -100.00
 140    62.663 56046.27122698 47.68 208.113656  65.146432   -100 -100.00 -100.00 -100.00
 140    62.675 56046.27122757 49.38 208.119645  65.145693 18.590 -100.00 -100.00 -100.00
 140    62.830 56046.27122816 43.99 208.125633  65.144954   -100 -100.00 -100.00 -100.00
 141    62.873 56056.18686451 39.06 208.110273  65.148678 24.550 -100.00 -100.00 -100.00
 141    62.324 56056.18686510 41.83 208.116263  65.147939   -100 -100.00 -100.00 -100.00
 141    61.988 56056.18686569 42.87 208.122252  65.147200   -100 -100.00 -100.00 -100.00
 142    61.745 56066.10249805 41.32 208.107962  65.149737   -100 -100.00 -100.00 -100.00
 142    62.122 56066.10249864 44.64 208.113952  65.148999   -100 -100.00 -100.00 -100.00
 142    62.126 56066.10249923 44.70 208.119942  65.148260   -100 -100.00 -100.00 -100.00
 143    63.638 56076.01814528 55.08 208.111690  65.148409   -100 -100.00 -100.00 -100.00
 143    63.619 56076.01814587 54.10 208.117680  65.147671   -100 -100.00 -100.00 -100.00
 143    63.604 56076.01814646 55.60 208.123670  65.146932   -100 -100.00 -100.00 -100.00
 144    63.916 56085.93379418 53.15 208.108215  65.148015   -100 -100.00 -100.00 -100.00
 144    64.065 56085.93379477 51.59 208.114205  65.147276   -100 -100.00 -100.00 -100.00
 144    64.179 56085.93379536 52.28 208.120195  65.146537  2.464 -100.00 -100.00 -100.00
 145    63.888 56095.84944139 43.95 208.111841  65.147255 16.684 -100.00 -100.00 -100.00
 145    64.016 56095.84944198 43.76 208.117831  65.146517  6.213 -100.00 -100.00 -100.00
 145    64.156 56095.84944257 39.65 208.123820  65.145778   -100 -100.00 -100.00 -100.00
 146    63.707 56105.76508597 48.89 208.110397  65.147402   -100 -100.00 -100.00 -100.00
 146    63.826 56105.76508656 53.30 208.116386  65.146663   -100 -100.00 -100.00 -100.00
 146    63.681 56105.76508715 52.82 208.122375  65.145924  1.326 -100.00 -100.00 -100.00
 147   110.721 56115.68071600 17.80 208.107639  65.147111   -100 -100.00 -100.00 -100.00
 147   111.114 56115.68071659 23.05 208.113628  65.146372 30.642 -100.00 -100.00 -100.00
 147   112.177 56115.68071718 25.50 208.119618  65.145634 14.157 -100.00 -100.00 -100.00
 147   112.131 56115.68071777 26.59 208.125606  65.144895 13.389 -100.00 -100.00 -100.00
 148    63.729 56125.59635444 51.97 208.110738  65.145946   -100 -100.00 -100.00 -100.00
 148    63.486 56125.59635503 51.21 208.116727  65.145207 10.553 -100.00 -100.00 -100.00
 148    63.474 56125.59635562 53.82 208.122716  65.144468 17.383 -100.00 -100.00 -100.00
 149    63.867 56135.51198845 49.73 208.109241  65.145209   -100 -100.00 -100.00 -100.00
 149    63.860 56135.51198904 47.35 208.115230  65.144470   -100 -100.00 -100.00 -100.00
 149    63.727 56135.51198963 45.06 208.121218  65.143732   -100 -100.00 -100.00 -100.00
 150    63.171 56145.42763037 47.07 208.107547  65.145016   -100 -100.00 -100.00 -100.00
 150    63.221 56145.42763096 47.25 208.113536  65.144277   -100 -100.00 -100.00 -100.00
 150    63.241 56145.42763155 47.92 208.119525  65.143539   -100 -100.00 -100.00 -100.00
 150    63.288 56145.42763214 48.94 208.125513  65.142800  6.073 -100.00 -100.00 -100.00
 151    62.770 56155.34328050 52.10 208.111198  65.144788 16.055 -100.00 -100.00 -100.00
 151    62.835 56155.34328109 50.38 208.117187  65.144049  4.854 -100.00 -100.00 -100.00
 151    62.908 56155.34328168 46.38 208.123175  65.143310   -100 -100.00 -100.00 -100.00
 152    62.548 56165.25892892 44.77 208.108332  65.145959   -100 -100.00 -100.00 -100.00
 152    62.733 56165.25892951 48.12 208.114322  65.145221   -100 -100.00 -100.00 -100.00
 152    62.737 56165.25893010 45.95 208.120311  65.144482   -100 -100.00 -100.00 -100.00
 152    62.781 56165.25893069 47.83 208.126299  65.143743   -100 -100.00 -100.00 -100.00
 153    62.499 56175.17457541 40.12 208.107948  65.146452   -100 -100.00 -100.00 -100.00
 153    62.417 56175.17457600 38.38 208.113938  65.145713 30.367 -100.00 -100.00 -100.00
 153    62.483 56175.17457659 39.67 208.119927  65.144974   -100 -100.00 -100.00 -100.00
 153    62.604 56175.17457718 39.56 208.125916  65.144235   -100 -100.00 -100.00 -100.00
 154    62.408 56185.09021731 46.46 208.112304  65.145728   -100 -100.00 -100.00 -100.00
 154    62.493 56185.09021790 46.79 208.118294  65.144989   -100 -100.00 -100.00 -100.00
 154    62.530 56185.09021849 45.74 208.124283  65.144250   -100 -100.00 -100.00 -100.00
 155    63.382 56195.00585468 47.25 208.108604  65.145399   -100 -100.00 -100.00 -100.00
 155    63.100 56195.00585527 47.60 208.114594  65.144660  2.347 -100.00 -100.00 -100.00
 155    63.143 56195.00585586 50.19 208.120584  65.143921 17.928 -100.00 -100.00 -100.00
 155    63.199 56195.00585645 49.97 208.126573  65.143182 10.896 -100.00 -100.00 -100.00
 156    62.230 56204.92148934 44.16 208.107188  65.145557   -100 -100.00 -100.00 -100.00
 156    62.359 56204.92148993 44.81 208.113178  65.144818   -100 -100.00 -100.00 -100.00
 156    62.342 56204.92149052 43.71 208.119168  65.144079   -100 -100.00 -100.00 -100.00
 156    62.333 56204.92149111 42.53 208.125157  65.143340   -100 -100.00 -100.00 -100.00
 157    61.875 56214.83712259 43.43 208.107023  65.146939   -100 -100.00 -100.00 -100.00
 157    61.887 56214.83712318 45.74 208.113013  65.146200  3.688 -100.00 -100.00 -100.00
 157    61.909 56214.83712378 47.62 208.119003  65.145462 13.679 -100.00 -100.00 -100.00
 157    61.945 56214.83712437 47.35 208.124993  65.144723 17.596 -100.00 -100.00 -100.00
 158    60.884 56224.75275978 37.54 208.109983  65.148690   -100 -100.00 -100.00 -100.00
 158    60.914 56224.75276037 37.31 208.115974  65.147951   -100 -100.00 -100.00 -100.00
 158    61.011 56224.75276096 36.84 208.121964  65.147213 32.442 -100.00 -100.00 -100.00
 159    61.347 56234.66841524 38.09 208.107350  65.149695   -100 -100.00 -100.00 -100.00
 159    61.451 56234.66841583 36.46 208.113340  65.148956 32.122 -100.00 -100.00 -100.00
 159    61.915 56234.66841642 34.52 208.119330  65.148218 23.002 -100.00 -100.00 -100.00
 160    62.449 56244.58406712 33.50 208.107710  65.149295 25.818 -100.00 -100.00 -100.00
 160    62.431 56244.58406771 34.90 208.113700  65.148557   -100 -100.00 -100.00 -100.00
 160    62.358 56244.58406830 35.69 208.119690  65.147818   -100 -100.00 -100.00 -100.00
 161    62.882 56254.49971424 31.90 208.110114  65.148132 24.066 -100.00 -100.00 -100.00
 161    62.882 56254.49971484 32.01 208.116103  65.147394 24.937 -100.00 -100.00 -100.00
 161    62.693 56254.49971543 31.07 208.122093  65.146655 19.943 -100.00 -100.00 -100.00
 162    63.076 56264.41535701 29.61 208.111262  65.147730 21.926 -100.00 -100.00 -100.00
 162    63.123 56264.41535760 27.27 208.117251  65.146991 14.748 -100.00 -100.00 -100.00
 162    63.063 56264.41535819 28.52 208.123241  65.146252 15.795 -100.00 -100.00 -100.00
 164    63.175 56284.24664218 19.19 208.110364  65.147621  5.503 -100.00 -100.00 -100.00
 164    63.457 56284.24664277 18.09 208.116354  65.146882  4.790 -100.00 -100.00 -100.00
 164    63.699 56284.24664336 17.64 208.122344  65.146143  4.418 -100.00 -100.00 -100.00
 165    63.462 56294.16229343 17.46 208.111178  65.146091  3.757 -100.00 -100.00 -100.00
 165    63.330 56294.16229402 18.23 208.117168  65.145352  4.057 -100.00 -100.00 -100.00
 165    63.411 56294.16229461 17.88 208.123157  65.144613  3.682 -100.00 -100.00 -100.00
 166    63.073 56304.07794016 18.37 208.109405  65.144471  6.738 -100.00 -100.00 -100.00
 166    63.299 56304.07794075 17.33 208.115395  65.143733  4.986 -100.00 -100.00 -100.00
 166    63.148 56304.07794134 17.40 208.121384  65.142994  5.252 -100.00 -100.00 -100.00
 168    63.110 56323.90922393 15.22 208.109393  65.144451  8.617 -100.00 -100.00 -100.00
 168    63.068 56323.90922452 15.19 208.115382  65.143712  6.361 -100.00 -100.00 -100.00
 168    63.336 56323.90922511 15.05 208.121372  65.142973  5.157 -100.00 -100.00 -100.00
 169    63.828 56333.82486443 15.44 208.112847  65.145476  3.281 -100.00 -100.00 -100.00
 169    63.424 56333.82486502 15.34 208.118836  65.144737  3.077 -100.00 -100.00 -100.00
 169    63.137 56333.82486561 15.29 208.124825  65.143998  3.124 -100.00 -100.00 -100.00
 170    63.700 56343.74050401 14.87 208.112730  65.146125  3.159 -100.00 -100.00 -100.00
 170    63.922 56343.74050461 14.98 208.118719  65.145387  2.710 -100.00 -100.00 -100.00
 170    63.742 56343.74050520 14.88 208.124708  65.144648  2.956 -100.00 -100.00 -100.00
 171    63.633 56353.65614103 15.04 208.109331  65.146300  4.521 -100.00 -100.00 -100.00
 171    63.403 56353.65614162 14.53 208.115321  65.145562  3.725 -100.00 -100.00 -100.00
 171    63.629 56353.65614221 14.31 208.121310  65.144823  3.614 -100.00 -100.00 -100.00
 173    63.261 56373.48743350 14.02 208.111022  65.144713  3.479 -100.00 -100.00 -100.00
 173    63.726 56373.48743409 13.92 208.117010  65.143974  3.261 -100.00 -100.00 -100.00
 173    63.927 56373.48743468 14.07 208.122999  65.143235  4.288 -100.00 -100.00 -100.00
 175    63.584 56393.31872351 13.04 208.109720  65.147170  3.916 -100.00 -100.00 -100.00
 175    63.736 56393.31872410 12.84 208.115709  65.146431  3.369 -100.00 -100.00 -100.00
 175    64.161 56393.31872469 12.99 208.121698  65.145692  3.664 -100.00 -100.00 -100.00
 176    63.249 56403.23436669 23.94 208.118987  65.147086 17.772 -100.00 -100.00 -100.00
 176    63.203 56403.23436728 23.40 208.124976  65.146347 15.739 -100.00 -100.00 -100.00
 177    63.222 56413.15000509 39.38 208.108626  65.148794   -100 -100.00 -100.00 -100.00
 177    63.289 56413.15000568 36.71 208.114616  65.148055   -100 -100.00 -100.00 -100.00
 177    63.418 56413.15000627 31.70 208.120606  65.147316 28.477 -100.00 -100.00 -100.00
 178   125.093 56423.06563944 11.57 208.107135  65.148858 23.759 -100.00 -100.00 -100.00
 178   125.143 56423.06564003  9.99 208.113125  65.148120 18.611 -100.00 -100.00 -100.00
 178   125.775 56423.06564062  3.01 208.119115  65.147381  8.287 -100.00 -100.00 -100.00
 179    63.333 56432.98128267 42.96 208.108986  65.148382   -100 -100.00 -100.00 -100.00
 179    63.469 56432.98128326 43.02 208.114977  65.147643   -100 -100.00 -100.00 -100.00
 179    63.516 56432.98128385 46.10 208.120966  65.146905  3.281 -100.00 -100.00 -100.00
 180    64.925 56442.89693526 55.07 208.110175  65.147847  8.129 -100.00 -100.00 -100.00
 180    64.774 56442.89693585 54.49 208.116165  65.147108 27.160 -100.00 -100.00 -100.00
 180    64.827 56442.89693644 57.30 208.122154  65.146369 25.528 -100.00 -100.00 -100.00
 181    65.718 56452.81258525 33.23 208.110981  65.147820 21.500 -100.00 -100.00 -100.00
 181    65.873 56452.81258584 33.68 208.116971  65.147081 24.157 -100.00 -100.00 -100.00
 181    65.840 56452.81258643 34.73 208.122960  65.146341 26.961 -100.00 -100.00 -100.00
 182   131.086 56462.72823230  0.19 208.107443  65.147489  5.183 -100.00 -100.00 -100.00
 182   111.894 56462.72823348 10.96 208.119421  65.146012 10.516 -100.00 -100.00 -100.00
 182   112.352 56462.72823407 11.76 208.125410  65.145272  7.492 -100.00 -100.00 -100.00
 183   110.702 56472.64387665 26.36 208.109588  65.145653 30.326 -100.00 -100.00 -100.00
 183   111.047 56472.64387724 26.64 208.115577  65.144914 27.183 -100.00 -100.00 -100.00
 183   110.840 56472.64387783  8.61 208.121565  65.144175 18.286 -100.00 -100.00 -100.00
 184    63.280 56482.55951754 52.41 208.111692  65.143823  1.859 -100.00 -100.00 -100.00
 184    63.534 56482.55951813 52.09 208.117681  65.143084   -100 -100.00 -100.00 -100.00
 184    63.206 56482.55951872 53.22 208.123669  65.142345 12.857 -100.00 -100.00 -100.00
 185    63.439 56492.47515425 49.80 208.108855  65.144022   -100 -100.00 -100.00 -100.00
 185    63.482 56492.47515484 52.00 208.114843  65.143284   -100 -100.00 -100.00 -100.00
 185    63.538 56492.47515543 53.19 208.120831  65.142545   -100 -100.00 -100.00 -100.00
 185    63.524 56492.47515602 52.82 208.126819  65.141806   -100 -100.00 -100.00 -100.00
 186   109.720 56502.39078887 16.10 208.111254  65.145184 13.989 -100.00 -100.00 -100.00
 186   110.357 56502.39078946 19.40 208.117242  65.144445  9.353 -100.00 -100.00 -100.00
 186   110.831 56502.39079005 21.49 208.123231  65.143706 12.284 -100.00 -100.00 -100.00
 187    63.461 56512.30642122 48.27 208.107348  65.147784   -100 -100.00 -100.00 -100.00
 187    63.320 56512.30642181 50.57 208.113338  65.147046  1.163 -100.00 -100.00 -100.00
 187    63.227 56512.30642240 50.69 208.119327  65.146307  8.738 -100.00 -100.00 -100.00
 187    63.597 56512.30642299 52.32 208.125316  65.145568   -100 -100.00 -100.00 -100.00
 188    63.042 56522.22206837 48.95 208.107125  65.148190   -100 -100.00 -100.00 -100.00
 188    63.115 56522.22206896 46.68 208.113115  65.147451   -100 -100.00 -100.00 -100.00
 188    63.181 56522.22206955 50.70 208.119105  65.146713   -100 -100.00 -100.00 -100.00
 188    63.259 56522.22207014 52.36 208.125094  65.145974   -100 -100.00 -100.00 -100.00
 189    62.939 56532.13772118 48.90 208.109416  65.146658  1.984 -100.00 -100.00 -100.00
 189    62.985 56532.13772177 52.39 208.115406  65.145920 24.605 -100.00 -100.00 -100.00
 189    63.042 56532.13772236 51.40 208.121396  65.145181 20.532 -100.00 -100.00 -100.00
 191   109.160 56551.96901491 13.82 208.109265  65.144878 22.351 -100.00 -100.00 -100.00
 191   108.637 56551.96901550 11.46 208.115255  65.144140  8.141 -100.00 -100.00 -100.00
 191   108.493 56551.96901610 15.49 208.121244  65.143401 14.831 -100.00 -100.00 -100.00
 192    62.217 56561.88465753 48.29 208.109097  65.146427 15.477 -100.00 -100.00 -100.00
 192    62.233 56561.88465812 48.31 208.115087  65.145688 18.941 -100.00 -100.00 -100.00
 192    62.245 56561.88465871 49.27 208.121076  65.144949 20.578 -100.00 -100.00 -100.00
 193    62.109 56571.80029895 41.65 208.108721  65.148611   -100 -100.00 -100.00 -100.00
 193    62.078 56571.80029954 46.02 208.114711  65.147872   -100 -100.00 -100.00 -100.00
 193    62.131 56571.80030013 45.99 208.120701  65.147133   -100 -100.00 -100.00 -100.00
 194    61.644 56581.71593859 41.39 208.107432  65.150180   -100 -100.00 -100.00 -100.00
 194    61.638 56581.71593918 47.15 208.113423  65.149441  4.573 -100.00 -100.00 -100.00
 195    61.426 56591.63157421 41.34 208.107569  65.149998   -100 -100.00 -100.00 -100.00
 195    61.443 56591.63157480 39.36 208.113560  65.149259 32.116 -100.00 -100.00 -100.00
 195    61.572 56591.63157539 42.33 208.119550  65.148521   -100 -100.00 -100.00 -100.00
 196    61.316 56601.54722358 41.55 208.107553  65.148392   -100 -100.00 -100.00 -100.00
 196    61.326 56601.54722417 42.23 208.113543  65.147653   -100 -100.00 -100.00 -100.00
 196    61.387 56601.54722476 39.25 208.119533  65.146915   -100 -100.00 -100.00 -100.00
 196    61.398 56601.54722535 40.72 208.125522  65.146176   -100 -100.00 -100.00 -100.00
 197    61.749 56611.46287338 36.67 208.107049  65.147348   -100 -100.00 -100.00 -100.00
 197    61.784 56611.46287397 35.47 208.113039  65.146609   -100 -100.00 -100.00 -100.00
 197    61.769 56611.46287456 33.30 208.119028  65.145870 28.733 -100.00 -100.00 -100.00
 197    61.714 56611.46287515 35.27 208.125017  65.145131   -100 -100.00 -100.00 -100.00
 198    62.096 56621.37851874 23.97 208.108994  65.147697 11.133 -100.00 -100.00 -100.00
 198    62.098 56621.37851933 24.54 208.114984  65.146958 13.865 -100.00 -100.00 -100.00
 198    62.114 56621.37851992 23.86 208.120973  65.146219 12.712 -100.00 -100.00 -100.00
 199    62.158 56631.29416091 20.79 208.109386  65.148492  8.692 -100.00 -100.00 -100.00
 199    62.203 56631.29416150 21.29 208.115376  65.147753  8.874 -100.00 -100.00 -100.00
 199    62.174 56631.29416209 22.01 208.121366  65.147014 11.968 -100.00 -100.00 -100.00
 200    62.283 56641.20979927 21.78 208.110758  65.148172  8.235 -100.00 -100.00 -100.00
 200    62.451 56641.20979986 22.00 208.116748  65.147433  8.514 -100.00 -100.00 -100.00
 200    62.281 56641.20980045 23.53 208.122738  65.146694 11.956 -100.00 -100.00 -100.00
 201    62.256 56651.12544705 17.93 208.108945  65.146222  5.511 -100.00 -100.00 -100.00
 201    62.301 56651.12544764 18.97 208.114935  65.145483  7.092 -100.00 -100.00 -100.00
 201    62.419 56651.12544823 17.99 208.120924  65.144744  5.908 -100.00 -100.00 -100.00
 202    62.896 56661.04109726 15.64 208.107360  65.143973  5.202 -100.00 -100.00 -100.00
 202    63.029 56661.04109785 15.93 208.113350  65.143234  6.187 -100.00 -100.00 -100.00
 202    62.830 56661.04109844 15.76 208.119339  65.142495  5.423 -100.00 -100.00 -100.00
 202    62.712 56661.04109904 15.99 208.125328  65.141756  5.622 -100.00 -100.00 -100.00
 203    62.649 56670.95674471 15.36 208.111324  65.142865  5.018 -100.00 -100.00 -100.00
 203    62.918 56670.95674530 15.08 208.117313  65.142126  4.623 -100.00 -100.00 -100.00
 203    62.660 56670.95674589 14.98 208.123302  65.141387  5.014 -100.00 -100.00 -100.00
 204    63.248 56680.87238969 14.16 208.111608  65.144711  3.410 -100.00 -100.00 -100.00
 204    63.138 56680.87239028 14.22 208.117598  65.143972  3.444 -100.00 -100.00 -100.00
 204    62.682 56680.87239087 14.69 208.123587  65.143233  4.095 -100.00 -100.00 -100.00
 205    63.477 56690.78803269 17.18 208.110653  65.146925  5.420 -100.00 -100.00 -100.00
 205    63.653 56690.78803328 16.58 208.116643  65.146186  4.649 -100.00 -100.00 -100.00
 205    63.483 56690.78803387 17.01 208.122633  65.145446  5.913 -100.00 -100.00 -100.00
 206    63.741 56700.70367246 15.65 208.111233  65.147597  4.192 -100.00 -100.00 -100.00
 206    64.188 56700.70367305 15.30 208.117223  65.146859  4.412 -100.00 -100.00 -100.00
 206    63.734 56700.70367364 15.94 208.123213  65.146120  4.414 -100.00 -100.00 -100.00
 207    63.502 56710.61930712 16.78 208.107247  65.146953  5.164 -100.00 -100.00 -100.00
 207    63.579 56710.61930771 16.15 208.113236  65.146215  3.994 -100.00 -100.00 -100.00
 207    63.427 56710.61930830 16.85 208.119226  65.145476  5.062 -100.00 -100.00 -100.00
 207    63.470 56710.61930889 16.62 208.125214  65.144737  4.287 -100.00 -100.00 -100.00
 208    63.557 56720.53495046 15.20 208.110820  65.145017  4.177 -100.00 -100.00 -100.00
 208    63.049 56720.53495105 16.10 208.116809  65.144278  4.643 -100.00 -100.00 -100.00
 208    63.443 56720.53495164 15.52 208.122797  65.143540  4.921 -100.00 -100.00 -100.00
 210    63.768 56740.36625086 13.85 208.114730  65.146013  3.561 -100.00 -100.00 -100.00
 210    63.679 56740.36625145 14.23 208.120718  65.145274  3.491 -100.00 -100.00 -100.00
 211    63.633 56750.28189416 14.85 208.109629  65.148988  4.055 -100.00 -100.00 -100.00
 211    63.528 56750.28189475 15.61 208.115618  65.148249  5.027 -100.00 -100.00 -100.00
 211    63.926 56750.28189534 15.31 208.121608  65.147510  3.979 -100.00 -100.00 -100.00
 212    63.325 56760.19753317 15.07 208.110068  65.150115  4.961 -100.00 -100.00 -100.00
 212    63.917 56760.19753376 15.00 208.116058  65.149376  4.258 -100.00 -100.00 -100.00
 213   123.848 56770.11316600 10.03 208.112562  65.149374 12.491 -100.00 -100.00 -100.00
 213   121.248 56770.11316659 14.17 208.118552  65.148635 22.812 -100.00 -100.00 -100.00
 214    63.169 56780.02881771 42.00 208.111704  65.147416   -100 -100.00 -100.00 -100.00
 214    63.245 56780.02881830 43.13 208.117694  65.146677   -100 -100.00 -100.00 -100.00
 214    63.089 56780.02881889 45.84 208.123684  65.145938  3.299 -100.00 -100.00 -100.00
 215   110.981 56789.94447276 10.88 208.108555  65.146415   -100 -100.00 -100.00 -100.00
 215   111.041 56789.94447335 17.86 208.114545  65.145676  4.864 -100.00 -100.00 -100.00
 215   111.640 56789.94447394 22.94 208.120534  65.144937 17.063 -100.00 -100.00 -100.00
 216   137.717 56799.86012548  4.14 208.115435  65.145565  5.953 -100.00 -100.00 -100.00
 216   134.765 56799.86012607  8.52 208.121424  65.144826  7.546 -100.00 -100.00 -100.00
 217    62.532 56809.77577032 38.33 208.108790  65.147357  2.210 -100.00 -100.00 -100.00
 217    62.569 56809.77577091 40.11 208.114779  65.146618  2.060 -100.00 -100.00 -100.00
 217    62.639 56809.77577150 40.08 208.120768  65.145879   -100 -100.00 -100.00 -100.00
 218    62.957 56819.69141067 44.47 208.108510  65.147532   -100 -100.00 -100.00 -100.00
 218    63.092 56819.69141126 45.09 208.114499  65.146793   -100 -100.00 -100.00 -100.00
 218    62.937 56819.69141185 47.25 208.120488  65.146053  8.392 -100.00 -100.00 -100.00
 219    63.044 56829.60704725 43.86 208.108316  65.146250  8.410 -100.00 -100.00 -100.00
 219    63.117 56829.60704784 40.90 208.114305  65.145512   -100 -100.00 -100.00 -100.00
 219    63.203 56829.60704843 40.95 208.120294  65.144773   -100 -100.00 -100.00 -100.00
 219    63.245 56829.60704902 44.72 208.126282  65.144033  2.820 -100.00 -100.00 -100.00
 221    63.721 56849.43831373 51.40 208.107663  65.144387  1.298 -100.00 -100.00 -100.00
 221    63.822 56849.43831432 51.37 208.113651  65.143648   -100 -100.00 -100.00 -100.00
 221    63.859 56849.43831491 52.44 208.119640  65.142910  6.471 -100.00 -100.00 -100.00
 221    63.848 56849.43831551 53.54 208.125628  65.142171 25.997 -100.00 -100.00 -100.00
 222    63.820 56859.35396814 49.67 208.107482  65.145494   -100 -100.00 -100.00 -100.00
 222    63.904 56859.35396873 49.84 208.113471  65.144755   -100 -100.00 -100.00 -100.00
 222    63.963 56859.35396932 52.30 208.119460  65.144017   -100 -100.00 -100.00 -100.00
 222    63.977 56859.35396991 51.27 208.125448  65.143278   -100 -100.00 -100.00 -100.00
 223   109.625 56869.26962201 30.08 208.112163  65.146913   -100 -100.00 -100.00 -100.00
 223   109.889 56869.26962261 29.30 208.118152  65.146174 23.547 -100.00 -100.00 -100.00
 223   109.780 56869.26962320 13.07 208.124141  65.145435   -100 -100.00 -100.00 -100.00
 224    63.507 56879.18527293 39.27 208.109735  65.147876 10.027 -100.00 -100.00 -100.00
 224    63.602 56879.18527352 41.32 208.115725  65.147137 17.409 -100.00 -100.00 -100.00
 224    63.687 56879.18527411 39.76 208.121714  65.146398  8.401 -100.00 -100.00 -100.00
 225    63.118 56889.10092100 47.46 208.112290  65.146345  7.757 -100.00 -100.00 -100.00
 225    63.318 56889.10092160 43.34 208.118280  65.145606   -100 -100.00 -100.00 -100.00
 225    63.482 56889.10092219 46.24 208.124269  65.144867   -100 -100.00 -100.00 -100.00
 226    63.130 56899.01656586 32.32 208.109284  65.144858   -100 -100.00 -100.00 -100.00
 226    63.173 56899.01656645 34.43 208.115273  65.144120   -100 -100.00 -100.00 -100.00
 226    63.234 56899.01656704 35.55 208.121262  65.143380   -100 -100.00 -100.00 -100.00
 227   109.917 56908.93220853 18.44 208.108657  65.144796 21.121 -100.00 -100.00 -100.00
 227   110.207 56908.93220912 22.30 208.114646  65.144057 23.617 -100.00 -100.00 -100.00
 227   110.484 56908.93220971 22.39 208.120635  65.143318 24.010 -100.00 -100.00 -100.00
 227   110.998 56908.93221030 16.15 208.126624  65.142578 18.651 -100.00 -100.00 -100.00
 228    63.011 56918.84784928 44.39 208.108233  65.146842   -100 -100.00 -100.00 -100.00
 228    63.112 56918.84784987 46.41 208.114223  65.146103   -100 -100.00 -100.00 -100.00
 228    63.058 56918.84785046 44.69 208.120212  65.145364   -100 -100.00 -100.00 -100.00
 228    63.199 56918.84785105 42.92 208.126201  65.144624   -100 -100.00 -100.00 -100.00
 229    62.410 56928.76348839 49.09 208.112408  65.149026 21.346 -100.00 -100.00 -100.00
 229    62.804 56928.76348898 48.11 208.118398  65.148287   -100 -100.00 -100.00 -100.00
 231    61.527 56948.59475720 40.91 208.111775  65.149847   -100 -100.00 -100.00 -100.00
 231    61.616 56948.59475779 40.53 208.117765  65.149108   -100 -100.00 -100.00 -100.00
 232    61.500 56958.51041009 42.28 208.108843  65.147784   -100 -100.00 -100.00 -100.00
 232    61.527 56958.51041068 41.60 208.114832  65.147045   -100 -100.00 -100.00 -100.00
 232    61.551 56958.51041127 42.64 208.120822  65.146306   -100 -100.00 -100.00 -100.00
 233    61.449 56968.42605789 37.42 208.108354  65.146435   -100 -100.00 -100.00 -100.00
 233    61.691 56968.42605848 38.13 208.114343  65.145696   -100 -100.00 -100.00 -100.00
 233    61.724 56968.42605907 37.24 208.120332  65.144958   -100 -100.00 -100.00 -100.00
 233    61.869 56968.42605966 34.91 208.126320  65.144218 27.405 -100.00 -100.00 -100.00
 234    62.373 56978.34170174 36.00 208.109051  65.146705 31.269 -100.00 -100.00 -100.00
 234    62.475 56978.34170233 32.25 208.115041  65.145967 18.055 -100.00 -100.00 -100.00
 234    62.555 56978.34170292 32.05 208.121030  65.145228 17.537 -100.00 -100.00 -100.00
 235    62.733 56988.25734114 27.42 208.110700  65.147649 10.129 -100.00 -100.00 -100.00
 235    62.583 56988.25734173 27.73 208.116690  65.146910 11.676 -100.00 -100.00 -100.00
 235    62.431 56988.25734232 26.38 208.122679  65.146171  9.113 -100.00 -100.00 -100.00
 236    62.940 56998.17297444 23.21 208.112412  65.147914  6.922 -100.00 -100.00 -100.00
 236    63.692 56998.17297503 22.46 208.118402  65.147175  6.270 -100.00 -100.00 -100.00
 236    62.732 56998.17297562 22.71 208.124392  65.146436  6.247 -100.00 -100.00 -100.00
 237    63.018 57008.08862338 21.66 208.111256  65.146548  6.466 -100.00 -100.00 -100.00
 237    62.640 57008.08862397 21.17 208.117246  65.145810  5.571 -100.00 -100.00 -100.00
 237    62.827 57008.08862456 20.37 208.123236  65.145071  5.123 -100.00 -100.00 -100.00
 238    62.530 57018.00427631 20.59 208.107548  65.144844  7.136 -100.00 -100.00 -100.00
 238    62.517 57018.00427690 21.14 208.113537  65.144105  7.491 -100.00 -100.00 -100.00
 238    62.232 57018.00427749 21.53 208.119527  65.143366  9.017 -100.00 -100.00 -100.00
 238    62.730 57018.00427808 19.81 208.125516  65.142627  5.550 -100.00 -100.00 -100.00
 239    62.465 57027.91992626 19.99 208.107294  65.144067  7.475 -100.00 -100.00 -100.00
 239    62.562 57027.91992685 19.27 208.113284  65.143328  5.222 -100.00 -100.00 -100.00
 239    62.262 57027.91992744 19.52 208.119273  65.142589  6.222 -100.00 -100.00 -100.00
 239    63.907 57027.91992803 18.07 208.125262  65.141850  4.193 -100.00 -100.00 -100.00
 240    62.914 57037.83557473 20.52 208.110489  65.144851  8.131 -100.00 -100.00 -100.00
 240    63.195 57037.83557532 18.52 208.116478  65.144112  5.115 -100.00 -100.00 -100.00
 240    63.079 57037.83557591 18.26 208.122467  65.143373  4.289 -100.00 -100.00 -100.00
 241    63.092 57047.75122057 17.14 208.112551  65.146373  3.868 -100.00 -100.00 -100.00
 241    62.821 57047.75122116 17.79 208.118541  65.145634  5.002 -100.00 -100.00 -100.00
 241    62.426 57047.75122175 17.10 208.124530  65.144895  3.728 -100.00 -100.00 -100.00
 242    63.202 57057.66686236 16.52 208.111301  65.147621  4.197 -100.00 -100.00 -100.00
 242    63.669 57057.66686295 16.69 208.117290  65.146882  4.068 -100.00 -100.00 -100.00
 242    62.794 57057.66686354 16.76 208.123279  65.146143  4.183 -100.00 -100.00 -100.00
 244    63.339 57077.49813092 15.46 208.111352  65.146680  4.327 -100.00 -100.00 -100.00
 244    63.681 57077.49813151 15.62 208.117342  65.145941  4.435 -100.00 -100.00 -100.00
 244    62.550 57077.49813211 15.60 208.123330  65.145203  4.205 -100.00 -100.00 -100.00
 245    63.506 57087.41376290 16.02 208.110091  65.147244  4.667 -100.00 -100.00 -100.00
 245    63.710 57087.41376349 15.71 208.116080  65.146505  4.378 -100.00 -100.00 -100.00
 245    62.587 57087.41376408 15.89 208.122069  65.145766  5.042 -100.00 -100.00 -100.00
 246    63.516 57097.32942120 14.57 208.106861  65.148578  4.814 -100.00 -100.00 -100.00
 246    63.670 57097.32942179 14.50 208.112851  65.147839  4.692 -100.00 -100.00 -100.00
 246    63.482 57097.32942238 14.46 208.118840  65.147100  4.642 -100.00 -100.00 -100.00
 246    63.789 57097.32942297 14.81 208.124829  65.146361  4.830 -100.00 -100.00 -100.00
 247    63.634 57107.24507740 15.08 208.111916  65.149240  4.043 -100.00 -100.00 -100.00
 247    64.037 57107.24507799 15.12 208.117906  65.148502  4.521 -100.00 -100.00 -100.00
 248    63.531 57117.16072802 23.61 208.109788  65.149905 13.739 -100.00 -100.00 -100.00
 248    62.944 57117.16072861 25.88 208.115778  65.149166 23.132 -100.00 -100.00 -100.00
 249    63.097 57127.07637286 39.12 208.111019  65.148696   -100 -100.00 -100.00 -100.00
 249    62.571 57127.07637345 43.12 208.117009  65.147957   -100 -100.00 -100.00 -100.00
 249    62.631 57127.07637404 43.03 208.122998  65.147218   -100 -100.00 -100.00 -100.00
 250   122.747 57136.99201224 12.96 208.111468  65.147159 25.201 -100.00 -100.00 -100.00
 250   123.535 57136.99201283 16.75 208.117457  65.146421 29.160 -100.00 -100.00 -100.00
 250   123.748 57136.99201342 17.58 208.123447  65.145681   -100 -100.00 -100.00 -100.00
 251   108.770 57146.90764751 17.69 208.111321  65.146577 18.519 -100.00 -100.00 -100.00
 251   109.035 57146.90764810 17.80 208.117311  65.145838 25.873 -100.00 -100.00 -100.00
 251   109.379 57146.90764869 17.61 208.123300  65.145099 26.874 -100.00 -100.00 -100.00
 252    63.014 57156.82327993 46.57 208.107385  65.147629   -100 -100.00 -100.00 -100.00
 252    63.154 57156.82328052 50.45 208.113375  65.146891  0.362 -100.00 -100.00 -100.00
 252    63.336 57156.82328111 49.27 208.119364  65.146152   -100 -100.00 -100.00 -100.00
 252    63.304 57156.82328170 51.39 208.125354  65.145413   -100 -100.00 -100.00 -100.00
 254    63.634 57176.65458112 47.28 208.112689  65.146916 16.924 -100.00 -100.00 -100.00
 254    63.792 57176.65458171 45.64 208.118678  65.146178  8.521 -100.00 -100.00 -100.00
 254    63.775 57176.65458230 45.57 208.124667  65.145439 11.598 -100.00 -100.00 -100.00
 255   109.503 57186.57023369 11.41 208.111965  65.145676   -100 -100.00 -100.00 -100.00
 255   109.875 57186.57023428 15.23 208.117953  65.144937   -100 -100.00 -100.00 -100.00
 255   110.475 57186.57023487 22.44 208.123942  65.144198 26.603 -100.00 -100.00 -100.00
 256   109.946 57196.48588167 25.10 208.107037  65.145031 22.078 -100.00 -100.00 -100.00
 256   111.843 57196.48588227 20.90 208.113025  65.144293  8.722 -100.00 -100.00 -100.00
 256   108.427 57196.48588286 19.65 208.119013  65.143554   -100 -100.00 -100.00 -100.00
 256   108.890 57196.48588345 13.94 208.125001  65.142815   -100 -100.00 -100.00 -100.00
 257    62.877 57206.40151683 51.95 208.111320  65.144222  8.368 -100.00 -100.00 -100.00
 257    62.938 57206.40151742 53.73 208.117308  65.143484 24.200 -100.00 -100.00 -100.00
 257    63.015 57206.40151801 51.76 208.123296  65.142745  8.068 -100.00 -100.00 -100.00
 258   111.803 57216.31716153 21.13 208.109155  65.145520  8.885 -100.00 -100.00 -100.00
 258   110.782 57216.31716212 24.80 208.115144  65.144781 22.658 -100.00 -100.00 -100.00
 258   111.014 57216.31716271 11.26 208.121132  65.144042 17.983 -100.00 -100.00 -100.00
 259    63.307 57226.23280506 41.42 208.107627  65.147071   -100 -100.00 -100.00 -100.00
 259    63.391 57226.23280565 38.69 208.113616  65.146332   -100 -100.00 -100.00 -100.00
 259    63.486 57226.23280624 39.27 208.119606  65.145594   -100 -100.00 -100.00 -100.00
 259    63.575 57226.23280683 40.52 208.125594  65.144854   -100 -100.00 -100.00 -100.00
 260    63.135 57236.14844713 49.76 208.111491  65.147390 23.949 -100.00 -100.00 -100.00
 260    63.189 57236.14844772 49.78 208.117481  65.146652 27.650 -100.00 -100.00 -100.00
 260    63.260 57236.14844831 49.79 208.123470  65.145912 28.841 -100.00 -100.00 -100.00
 261    63.031 57246.06408546 43.44 208.112118  65.147280  0.199 -100.00 -100.00 -100.00
 261    62.996 57246.06408605 43.37 208.118108  65.146541  7.219 -100.00 -100.00 -100.00
 261    63.046 57246.06408664 43.30 208.124097  65.145802  3.134 -100.00 -100.00 -100.00
 262    63.013 57255.97972114 41.48 208.111657  65.147202   -100 -100.00 -100.00 -100.00
 262    63.169 57255.97972173 43.46 208.117647  65.146463   -100 -100.00 -100.00 -100.00
 262    63.269 57255.97972232 45.21 208.123637  65.145724   -100 -100.00 -100.00 -100.00
 263    63.573 57265.89535523 39.53 208.107871  65.148544  6.928 -100.00 -100.00 -100.00
 263    63.719 57265.89535582 34.46 208.113862  65.147805   -100 -100.00 -100.00 -100.00
 263    63.853 57265.89535641 34.19 208.119852  65.147067   -100 -100.00 -100.00 -100.00
 264    63.346 57275.81099872 47.61 208.107756  65.149790  9.541 -100.00 -100.00 -100.00
 264    63.764 57275.81099931 49.62 208.113747  65.149052   -100 -100.00 -100.00 -100.00
 264    63.325 57275.81099990 49.64 208.119737  65.148313   -100 -100.00 -100.00 -100.00
 265    63.126 57285.72665602 51.47 208.110978  65.149905  2.347 -100.00 -100.00 -100.00
 265    63.147 57285.72665661 50.34 208.116968  65.149167   -100 -100.00 -100.00 -100.00
 266    62.859 57295.64231024 50.57 208.111654  65.149134   -100 -100.00 -100.00 -100.00
 266    63.016 57295.64231083 50.91 208.117644  65.148395   -100 -100.00 -100.00 -100.00
 267    62.643 57305.55796080 36.94 208.111982  65.147775   -100 -100.00 -100.00 -100.00
 267    62.805 57305.55796139 34.87 208.117972  65.147037   -100 -100.00 -100.00 -100.00
 267    62.575 57305.55796199 34.79 208.123961  65.146297   -100 -100.00 -100.00 -100.00
 268    61.797 57315.47360712 40.88 208.108574  65.146956   -100 -100.00 -100.00 -100.00
 268    62.123 57315.47360771 41.32 208.114564  65.146217   -100 -100.00 -100.00 -100.00
 268    62.110 57315.47360830 43.81 208.120553  65.145478   -100 -100.00 -100.00 -100.00
 269    61.806 57325.38925039 44.38 208.107975  65.146569   -100 -100.00 -100.00 -100.00
 269    61.822 57325.38925098 44.51 208.113965  65.145830   -100 -100.00 -100.00 -100.00
 269    61.847 57325.38925157 43.74 208.119954  65.145091   -100 -100.00 -100.00 -100.00
 269    61.867 57325.38925216 44.08 208.125942  65.144352   -100 -100.00 -100.00 -100.00
 270    61.470 57335.30489192 41.61 208.110538  65.146455   -100 -100.00 -100.00 -100.00
 270    61.502 57335.30489251 42.03 208.116527  65.145716   -100 -100.00 -100.00 -100.00
 270    61.537 57335.30489310 42.11 208.122517  65.144977   -100 -100.00 -100.00 -100.00
 271    61.922 57345.22053809 37.57 208.109903  65.146452   -100 -100.00 -100.00 -100.00
 271    61.911 57345.22053868 35.85 208.115893  65.145713   -100 -100.00 -100.00 -100.00
 271    61.924 57345.22053927 35.04 208.121882  65.144974 30.499 -100.00 -100.00 -100.00
 272    63.276 57355.13618551 20.33 208.107595  65.145909  8.252 -100.00 -100.00 -100.00
 272    62.291 57355.13618611 23.26 208.113585  65.145171 13.532 -100.00 -100.00 -100.00
 272    62.592 57355.13618670 23.87 208.119574  65.144432 14.584 -100.00 -100.00 -100.00
 272    62.716 57355.13618729 24.38 208.125563  65.143692 15.517 -100.00 -100.00 -100.00
 273    62.997 57365.05182947 18.10 208.109857  65.144901  5.894 -100.00 -100.00 -100.00
 273    63.361 57365.05183006 17.29 208.115846  65.144162  5.381 -100.00 -100.00 -100.00
 273    62.881 57365.05183065 18.00 208.121836  65.143423  6.327 -100.00 -100.00 -100.00
 274    63.081 57374.96746973 16.95 208.109156  65.144738  5.573 -100.00 -100.00 -100.00
 274    63.342 57374.96747032 16.79 208.115146  65.143999  4.838 -100.00 -100.00 -100.00
 274    63.284 57374.96747091 16.33 208.121135  65.143260  5.006 -100.00 -100.00 -100.00
 275    63.382 57384.88310834 15.67 208.110431  65.145408  4.153 -100.00 -100.00 -100.00
 275    64.241 57384.88310893 15.56 208.116420  65.144669  4.304 -100.00 -100.00 -100.00
 275    63.356 57384.88310952 16.15 208.122410  65.143930  4.049 -100.00 -100.00 -100.00
 276    63.342 57394.79874641 15.71 208.110727  65.146533  4.252 -100.00 -100.00 -100.00
 276    63.738 57394.79874700 15.26 208.116717  65.145794  3.653 -100.00 -100.00 -100.00
 276    62.960 57394.79874759 15.50 208.122706  65.145055  4.299 -100.00 -100.00 -100.00
 277    63.550 57404.71438331 14.69 208.108357  65.147931  3.705 -100.00 -100.00 -100.00
 277    63.802 57404.71438390 14.68 208.114347  65.147192  3.251 -100.00 -100.00 -100.00
 277    64.178 57404.71438449 14.58 208.120337  65.146454  3.644 -100.00 -100.00 -100.00
 278    63.495 57414.63003108 14.55 208.110378  65.147623  3.799 -100.00 -100.00 -100.00
 278    63.915 57414.63003167 14.51 208.116368  65.146885  4.122 -100.00 -100.00 -100.00
 278    63.840 57414.63003226 14.01 208.122358  65.146146  3.813 -100.00 -100.00 -100.00
 279    63.743 57424.54568266 14.14 208.111114  65.147088  3.836 -100.00 -100.00 -100.00
 279    64.047 57424.54568325 13.89 208.117104  65.146350  3.488 -100.00 -100.00 -100.00
 279    64.160 57424.54568384 13.90 208.123093  65.145611  3.630 -100.00 -100.00 -100.00
 280    63.511 57434.46133104 14.22 208.109914  65.147236  4.517 -100.00 -100.00 -100.00
 280    63.821 57434.46133163 13.98 208.115903  65.146498  3.936 -100.00 -100.00 -100.00
 280    64.059 57434.46133222 13.71 208.121892  65.145759  3.737 -100.00 -100.00 -100.00
 281    63.487 57444.37697786 14.17 208.111769  65.147935  4.024 -100.00 -100.00 -100.00
 281    64.175 57444.37697845 13.62 208.117758  65.147197  4.068 -100.00 -100.00 -100.00
 281    63.829 57444.37697904 13.79 208.123747  65.146457  3.930 -100.00 -100.00 -100.00
 282    63.710 57454.29262356 13.71 208.109674  65.149206  4.442 -100.00 -100.00 -100.00
 282    64.196 57454.29262415 13.68 208.115664  65.148467  4.779 -100.00 -100.00 -100.00
 282    64.221 57454.29262474 13.02 208.121653  65.147728  3.963 -100.00 -100.00 -100.00
 283    63.358 57464.20826742 12.30 208.107094  65.149822  4.341 -100.00 -100.00 -100.00
 283    63.421 57464.20826801 12.47 208.113085  65.149083  5.016 -100.00 -100.00 -100.00
 283    63.692 57464.20826860 12.74 208.119075  65.148344  4.847 -100.00 -100.00 -100.00
 284    63.525 57474.12390805 37.60 208.108417  65.148770   -100 -100.00 -100.00 -100.00
 284    62.648 57474.12390864 40.94 208.114407  65.148032   -100 -100.00 -100.00 -100.00
 284    63.322 57474.12390923 37.27 208.120397  65.147293   -100 -100.00 -100.00 -100.00
 286    62.185 57493.95517911 37.35 208.109919  65.147030   -100 -100.00 -100.00 -100.00
 286    62.523 57493.95517970 37.65 208.115909  65.146292   -100 -100.00 -100.00 -100.00
 286    62.388 57493.95518029 37.95 208.121898  65.145553   -100 -100.00 -100.00 -100.00
 287    62.716 57503.87081119 46.91 208.110640  65.147981 26.102 -100.00 -100.00 -100.00
 287    62.707 57503.87081178 46.92 208.116630  65.147242 28.361 -100.00 -100.00 -100.00
 287    62.932 57503.87081237 44.83 208.122620  65.146504  7.495 -100.00 -100.00 -100.00
 288    63.351 57513.78646503 43.62 208.108296  65.148350   -100 -100.00 -100.00 -100.00
 288    63.442 57513.78646562 49.64 208.114286  65.147611   -100 -100.00 -100.00 -100.00
 288    63.399 57513.78646621 48.68 208.120276  65.146873  3.818 -100.00 -100.00 -100.00
 289   111.207 57523.70211965 15.08 208.107175  65.147615 24.949 -100.00 -100.00 -100.00
 289   111.422 57523.70212024 25.66 208.113164  65.146876   -100 -100.00 -100.00 -100.00
 289   110.563 57523.70212083 22.43 208.119154  65.146137 15.674 -100.00 -100.00 -100.00
 289   110.211 57523.70212142 27.69 208.125143  65.145398 25.637 -100.00 -100.00 -100.00
 290   110.565 57533.61777223 15.36 208.108377  65.145763   -100 -100.00 -100.00 -100.00
 290   110.706 57533.61777282 12.78 208.114366  65.145024   -100 -100.00 -100.00 -100.00
 290   109.068 57533.61777341 13.80 208.120355  65.144285 23.273 -100.00 -100.00 -100.00
 290   109.754 57533.61777401 21.33 208.126343  65.143546 15.402 -100.00 -100.00 -100.00
 291   111.106 57543.53342149 27.65 208.107740  65.144480 25.719 -100.00 -100.00 -100.00
 291   111.459 57543.53342208 22.62 208.113729  65.143742 10.945 -100.00 -100.00 -100.00
 291   109.334 57543.53342267 29.24 208.119717  65.143003   -100 -100.00 -100.00 -100.00
 291   109.314 57543.53342326 18.84 208.125705  65.142264  7.353 -100.00 -100.00 -100.00
 292   123.650 57553.44906814 16.89 208.108627  65.144531   -100 -100.00 -100.00 -100.00
 292   123.920 57553.44906873 13.11 208.114616  65.143792   -100 -100.00 -100.00 -100.00
 292   124.549 57553.44906932 13.64 208.120604  65.143053 27.638 -100.00 -100.00 -100.00
 292   124.998 57553.44906991 18.68 208.126592  65.142314 31.763 -100.00 -100.00 -100.00
 293    63.291 57563.36471321 42.99 208.110155  65.145756   -100 -100.00 -100.00 -100.00
 293    63.339 57563.36471380 47.12 208.116143  65.145018  6.112 -100.00 -100.00 -100.00
 293    63.414 57563.36471439 45.54 208.122132  65.144279   -100 -100.00 -100.00 -100.00
 294   112.648 57573.28035783 23.29 208.112277  65.146805 10.311 -100.00 -100.00 -100.00
 294   109.869 57573.28035842 21.69 208.118266  65.146066 28.733 -100.00 -100.00 -100.00
 294   110.104 57573.28035901 22.14 208.124255  65.145327   -100 -100.00 -100.00 -100.00
 295    63.594 57583.19600209 54.64 208.112375  65.146981 16.073 -100.00 -100.00 -100.00
 295    63.658 57583.19600268 54.63 208.118365  65.146243 14.347 -100.00 -100.00 -100.00
 295    63.946 57583.19600328 55.56 208.124354  65.145503   -100 -100.00 -100.00 -100.00
 296    64.182 57593.11164439 48.49 208.111340  65.146664   -100 -100.00 -100.00 -100.00
 296    64.215 57593.11164498 50.46 208.117330  65.145925   -100 -100.00 -100.00 -100.00
 296    64.163 57593.11164557 49.67 208.123319  65.145186   -100 -100.00 -100.00 -100.00
 297    64.041 57603.02728443 34.34 208.111612  65.146501 27.200 -100.00 -100.00 -100.00
 297    64.064 57603.02728502 32.39 208.117602  65.145762 22.012 -100.00 -100.00 -100.00
 297    64.428 57603.02728561 34.67 208.123591  65.145023 24.675 -100.00 -100.00 -100.00
