# NaN NaN NaN ;Mean Elev.(m), Avg Gradient(m/km), RMS Gradient(m/km) - SRTM1     
#   54.644  -8.876  96.041 ;Mean Elev.(m), Avg Gradient(m/km), RMS Gradient(m/km) - ASTER GDEM
#   45.720  -8.085  98.859 ;Mean Elev.(m), Avg Gradient(m/km), RMS Gradient(m/km) - GMTED2010 
   1    47.339 54662.06333711 13.86 204.754955  64.839760  4.999 -100.00 -100.00 -100.00
   1    46.317 54662.06333770 13.81 204.760804  64.838923  5.305 -100.00 -100.00 -100.00
   4    47.497 54691.81026908 38.95 204.761853  64.840686   -100 -100.00 -100.00 -100.00
   4    46.908 54691.81026967 41.10 204.767702  64.839848 31.136 -100.00 -100.00 -100.00
   4    46.861 54691.81027026 34.77 204.773550  64.839011   -100 -100.00 -100.00 -100.00
  10   102.237 54751.30414921 17.49 204.750006  64.837616 10.730 -100.00 -100.00 -100.00
  10    98.653 54751.30414980 19.62 204.755854  64.836779 13.231 -100.00 -100.00 -100.00
  10   108.333 54751.30415039 25.85 204.761702  64.835941 17.532 -100.00 -100.00 -100.00
  10    92.560 54751.30415098 16.93 204.767549  64.835104  8.310 -100.00 -100.00 -100.00
  11    93.063 54761.21979597 22.86 204.752190  64.837446 14.779 -100.00 -100.00 -100.00
  11    90.861 54761.21979656 27.75 204.758038  64.836609 31.250 -100.00 -100.00 -100.00
  11    90.960 54761.21979715 12.41 204.763886  64.835771   -100 -100.00 -100.00 -100.00
  11   109.830 54761.21979775  4.33 204.769734  64.834934   -100 -100.00 -100.00 -100.00
  12    45.242 54771.13544002 40.91 204.750643  64.837026 19.467 -100.00 -100.00 -100.00
  12    44.918 54771.13544061 43.92 204.756491  64.836189 32.026 -100.00 -100.00 -100.00
  12    44.331 54771.13544120 39.68 204.762339  64.835351   -100 -100.00 -100.00 -100.00
  12    44.581 54771.13544179 37.62 204.768187  64.834513   -100 -100.00 -100.00 -100.00
  13    45.348 54781.05108097 35.21 204.749606  64.836525 28.179 -100.00 -100.00 -100.00
  13    45.096 54781.05108156 32.78 204.755455  64.835687 31.324 -100.00 -100.00 -100.00
  13    45.133 54781.05108215 28.49 204.761303  64.834850 20.085 -100.00 -100.00 -100.00
  13    44.765 54781.05108274 29.73 204.767151  64.834013 23.593 -100.00 -100.00 -100.00
  14    44.948 54790.96671947 32.34 204.749795  64.836275 31.459 -100.00 -100.00 -100.00
  14    45.022 54790.96672006 27.70 204.755644  64.835437 18.697 -100.00 -100.00 -100.00
  14    44.854 54790.96672065 28.95 204.761492  64.834600 23.166 -100.00 -100.00 -100.00
  15    44.974 54800.88235670 24.25 204.748750  64.837418 14.614 -100.00 -100.00 -100.00
  15    44.783 54800.88235729 25.11 204.754599  64.836581 15.522 -100.00 -100.00 -100.00
  15    44.922 54800.88235788 23.54 204.760448  64.835744 11.641 -100.00 -100.00 -100.00
  15    44.488 54800.88235847 25.58 204.766296  64.834907 17.558 -100.00 -100.00 -100.00
  16    44.305 54810.79799440 21.29 204.751962  64.838327 12.754 -100.00 -100.00 -100.00
  16    44.264 54810.79799499 19.96 204.757811  64.837490 10.760 -100.00 -100.00 -100.00
  16    44.347 54810.79799558 20.82 204.763660  64.836653 11.805 -100.00 -100.00 -100.00
  16    44.242 54810.79799617 21.76 204.769508  64.835815 14.109 -100.00 -100.00 -100.00
  17    44.813 54820.71363470 20.13 204.754760  64.839140 12.122 -100.00 -100.00 -100.00
  17    44.700 54820.71363529 20.69 204.760609  64.838303 12.051 -100.00 -100.00 -100.00
  17    44.599 54820.71363588 20.70 204.766458  64.837466 12.272 -100.00 -100.00 -100.00
  17    44.546 54820.71363647 22.36 204.772306  64.836629 15.916 -100.00 -100.00 -100.00
  18    69.183 54830.62928691  0.74 204.753889  64.839087  4.608 -100.00 -100.00 -100.00
  18    57.738 54830.62928750  5.92 204.759738  64.838250 12.739 -100.00 -100.00 -100.00
  18    45.192 54830.62928809 10.08 204.765586  64.837413 13.769 -100.00 -100.00 -100.00
  18    44.914 54830.62928868 11.21 204.771434  64.836575 11.165 -100.00 -100.00 -100.00
  19    68.242 54840.54492585  1.41 204.755369  64.838682  5.666 -100.00 -100.00 -100.00
  19    44.945 54840.54492644  9.46 204.761217  64.837845 18.946 -100.00 -100.00 -100.00
  19    44.797 54840.54492703 10.12 204.767065  64.837008 12.851 -100.00 -100.00 -100.00
  19    44.278 54840.54492762 13.84 204.772913  64.836170  8.271 -100.00 -100.00 -100.00
  20    98.323 54850.46057499  0.31 204.757098  64.838789  4.586 -100.00 -100.00 -100.00
  20    89.157 54850.46057558  0.87 204.762946  64.837951  5.390 -100.00 -100.00 -100.00
  21    44.539 54860.37622312  9.40 204.753634  64.840234  4.659 -100.00 -100.00 -100.00
  21    44.478 54860.37622371 10.33 204.759483  64.839397  6.004 -100.00 -100.00 -100.00
  21    44.754 54860.37622430 10.86 204.765331  64.838559  6.328 -100.00 -100.00 -100.00
  21    44.968 54860.37622489 10.71 204.771178  64.837721  6.148 -100.00 -100.00 -100.00
  23    44.865 54880.20751919  9.07 204.754518  64.839723  4.371 -100.00 -100.00 -100.00
  23    45.287 54880.20751978  9.33 204.760367  64.838885  4.596 -100.00 -100.00 -100.00
  23    45.196 54880.20752037 10.36 204.766215  64.838048  5.321 -100.00 -100.00 -100.00
  23    45.654 54880.20752096 10.35 204.772063  64.837210  5.393 -100.00 -100.00 -100.00
  24    45.137 54890.12316417  9.95 204.761235  64.836635  6.049 -100.00 -100.00 -100.00
  24    45.645 54890.12316476  8.84 204.767083  64.835797  3.968 -100.00 -100.00 -100.00
  25    45.284 54900.03880379  7.06 204.745175  64.836830  3.488 -100.00 -100.00 -100.00
  25    45.453 54900.03880438  7.55 204.751024  64.835993  4.224 -100.00 -100.00 -100.00
  25    46.344 54900.03880497  7.26 204.756872  64.835155  3.404 -100.00 -100.00 -100.00
  25    46.393 54900.03880556  7.72 204.762720  64.834318  4.038 -100.00 -100.00 -100.00
  26    45.031 54909.95444290  8.05 204.746144  64.836495  3.811 -100.00 -100.00 -100.00
  26    45.308 54909.95444349  8.41 204.751992  64.835658  4.700 -100.00 -100.00 -100.00
  26    45.701 54909.95444408  8.39 204.757840  64.834821  4.223 -100.00 -100.00 -100.00
  26    46.211 54909.95444467  8.43 204.763688  64.833983  3.851 -100.00 -100.00 -100.00
  27    45.000 54919.87008084  7.63 204.748467  64.837514  4.760 -100.00 -100.00 -100.00
  27    45.186 54919.87008143  7.94 204.754316  64.836676  4.006 -100.00 -100.00 -100.00
  27    45.481 54919.87008202  7.99 204.760164  64.835839  4.320 -100.00 -100.00 -100.00
  27    45.960 54919.87008261  8.04 204.766011  64.835001  4.450 -100.00 -100.00 -100.00
  28    45.041 54929.78571839  7.11 204.750326  64.838511  3.582 -100.00 -100.00 -100.00
  28    45.295 54929.78571898  7.70 204.756174  64.837674  5.059 -100.00 -100.00 -100.00
  28    45.436 54929.78571957  7.90 204.762022  64.836836  4.684 -100.00 -100.00 -100.00
  28    45.688 54929.78572016  8.93 204.767870  64.835999  6.259 -100.00 -100.00 -100.00
  29    44.442 54939.70135518 11.38 204.753849  64.837801  7.335 -100.00 -100.00 -100.00
  29    44.172 54939.70135577 12.42 204.759697  64.836964  7.994 -100.00 -100.00 -100.00
  29    44.199 54939.70135636 12.77 204.765545  64.836127  8.966 -100.00 -100.00 -100.00
  30    94.305 54949.61698982 12.64 204.751717  64.837029 30.671 -100.00 -100.00 -100.00
  30    68.089 54949.61699041  9.35 204.757565  64.836193  6.697 -100.00 -100.00 -100.00
  30    66.199 54949.61699100 10.25 204.763412  64.835356  7.961 -100.00 -100.00 -100.00
  31    99.317 54959.53262803 19.70 204.748979  64.836555 24.969 -100.00 -100.00 -100.00
  31    49.085 54959.53262862 30.22 204.754827  64.835718 25.365 -100.00 -100.00 -100.00
  31    92.207 54959.53262921 16.53 204.760674  64.834882 25.692 -100.00 -100.00 -100.00
  31    48.999 54959.53262980 38.49 204.766521  64.834045   -100 -100.00 -100.00 -100.00
  32   104.188 54969.44827654 21.04 204.748543  64.836950  8.601 -100.00 -100.00 -100.00
  32    98.640 54969.44827713 25.90 204.754391  64.836114 20.847 -100.00 -100.00 -100.00
  32    95.024 54969.44827772 31.10 204.760239  64.835277 29.558 -100.00 -100.00 -100.00
  32    95.163 54969.44827831 22.20 204.766085  64.834440 28.208 -100.00 -100.00 -100.00
  33   104.396 54979.36392430 18.51 204.753284  64.837631 15.979 -100.00 -100.00 -100.00
  33   100.423 54979.36392489  5.60 204.759132  64.836794  4.996 -100.00 -100.00 -100.00
  33    96.926 54979.36392548  5.59 204.764979  64.835957  7.253 -100.00 -100.00 -100.00
  35    49.293 54999.19521849 14.13 204.751179  64.839018 20.058 -100.00 -100.00 -100.00
  35    55.950 54999.19521908 13.72 204.757028  64.838181 10.989 -100.00 -100.00 -100.00
  35    50.239 54999.19521967 16.03 204.762876  64.837344 11.729 -100.00 -100.00 -100.00
  35    50.256 54999.19522026 19.18 204.768723  64.836506 13.190 -100.00 -100.00 -100.00
  36    69.030 55009.11086398 14.35 204.751104  64.838824 16.671 -100.00 -100.00 -100.00
  36    67.391 55009.11086457 12.68 204.756953  64.837987  9.595 -100.00 -100.00 -100.00
  36    55.815 55009.11086516 14.28 204.762801  64.837150 10.299 -100.00 -100.00 -100.00
  36    49.978 55009.11086575 17.69 204.768649  64.836313 13.767 -100.00 -100.00 -100.00
  37    47.420 55019.02650809 45.42 204.755025  64.838347 25.169 -100.00 -100.00 -100.00
  37    47.097 55019.02650868 50.39 204.760874  64.837510   -100 -100.00 -100.00 -100.00
  37    47.215 55019.02650927 53.26 204.766722  64.836673   -100 -100.00 -100.00 -100.00
  38    93.869 55028.94215031 20.87 204.753666  64.839597 12.378 -100.00 -100.00 -100.00
  38    93.645 55028.94215090 25.00 204.759515  64.838760 19.690 -100.00 -100.00 -100.00
  38    93.659 55028.94215149 29.21 204.765364  64.837923 28.199 -100.00 -100.00 -100.00
  38    93.679 55028.94215208 20.35 204.771212  64.837085   -100 -100.00 -100.00 -100.00
  39    95.583 55038.85779260 17.72 204.758595  64.840215 11.935 -100.00 -100.00 -100.00
  39    93.888 55038.85779320 21.82 204.764444  64.839377 15.507 -100.00 -100.00 -100.00
  39    93.168 55038.85779379 23.19 204.770292  64.838540   -100 -100.00 -100.00 -100.00
  39    91.370 55038.85779438 17.47 204.776140  64.837702  7.113 -100.00 -100.00 -100.00
  40    57.291 55048.77343323  8.78 204.758693  64.841028 16.853 -100.00 -100.00 -100.00
  40    72.684 55048.77343382  3.97 204.764541  64.840191  8.339 -100.00 -100.00 -100.00
  40    65.169 55048.77343441  4.88 204.770390  64.839353  8.980 -100.00 -100.00 -100.00
  40    61.265 55048.77343500  6.16 204.776238  64.838516 11.344 -100.00 -100.00 -100.00
  41    68.057 55058.68907185  5.14 204.757970  64.840198  8.724 -100.00 -100.00 -100.00
  41    66.144 55058.68907244  7.21 204.763818  64.839361 11.694 -100.00 -100.00 -100.00
  41    64.107 55058.68907303  6.49 204.769666  64.838524  9.737 -100.00 -100.00 -100.00
  41    45.619 55058.68907362 12.80 204.775514  64.837686 19.512 -100.00 -100.00 -100.00
  42    45.046 55068.60471040 19.05 204.752264  64.838695 15.757 -100.00 -100.00 -100.00
  42    45.306 55068.60471099 19.55 204.758113  64.837859 14.970 -100.00 -100.00 -100.00
  42    44.755 55068.60471158 20.14 204.763961  64.837022 17.662 -100.00 -100.00 -100.00
  42    44.706 55068.60471217 21.48 204.769808  64.836184 23.265 -100.00 -100.00 -100.00
  43    45.973 55078.52035988 26.48 204.746098  64.837089 29.038 -100.00 -100.00 -100.00
  43    45.801 55078.52036047 20.59 204.751946  64.836252 10.824 -100.00 -100.00 -100.00
  43    45.431 55078.52036106 24.06 204.757794  64.835415 19.536 -100.00 -100.00 -100.00
  43    44.939 55078.52036165 24.99 204.763641  64.834578 21.374 -100.00 -100.00 -100.00
  44    47.657 55088.43600748 37.84 204.745166  64.836714 15.620 -100.00 -100.00 -100.00
  44    46.384 55088.43600807 44.08 204.751014  64.835877 25.641 -100.00 -100.00 -100.00
  44    45.967 55088.43600866 52.00 204.756862  64.835040   -100 -100.00 -100.00 -100.00
  44    46.031 55088.43600925 45.24 204.762709  64.834203  4.495 -100.00 -100.00 -100.00
  45    45.549 55098.35165405 42.23 204.750143  64.837250 19.550 -100.00 -100.00 -100.00
  45    45.516 55098.35165464 52.74 204.755990  64.836413   -100 -100.00 -100.00 -100.00
  45    45.284 55098.35165523 57.43 204.761838  64.835576  2.554 -100.00 -100.00 -100.00
  45    45.385 55098.35165582 49.01 204.767685  64.834738   -100 -100.00 -100.00 -100.00
  46    92.144 55108.26729989 21.91 204.753044  64.838244 21.164 -100.00 -100.00 -100.00
  46    92.181 55108.26730048 26.73 204.758892  64.837407   -100 -100.00 -100.00 -100.00
  46    92.344 55108.26730107 30.25 204.764740  64.836569   -100 -100.00 -100.00 -100.00
  46    92.299 55108.26730166 17.73 204.770587  64.835732   -100 -100.00 -100.00 -100.00
  47    93.364 55118.18294467 21.07 204.753773  64.837826 13.499 -100.00 -100.00 -100.00
  47    91.372 55118.18294526 26.05 204.759621  64.836989 18.014 -100.00 -100.00 -100.00
  47    90.966 55118.18294586 30.32 204.765469  64.836152   -100 -100.00 -100.00 -100.00
  48    98.947 55128.09858635 15.75 204.745815  64.837063 16.169 -100.00 -100.00 -100.00
  48    99.909 55128.09858694 21.00 204.751664  64.836226 12.549 -100.00 -100.00 -100.00
  48    98.065 55128.09858753 18.79 204.757512  64.835389 11.838 -100.00 -100.00 -100.00
  48    93.599 55128.09858812  8.41 204.763360  64.834551 14.080 -100.00 -100.00 -100.00
  49    94.359 55138.01422633 17.92 204.742270  64.835945 10.596 -100.00 -100.00 -100.00
  49    90.766 55138.01422692 20.97 204.748118  64.835108 17.448 -100.00 -100.00 -100.00
  49    90.282 55138.01422751 25.04 204.753967  64.834271   -100 -100.00 -100.00 -100.00
  49   112.458 55138.01422810  2.24 204.759815  64.833434 12.387 -100.00 -100.00 -100.00
  50   100.339 55147.92986532  3.61 204.746309  64.835866  3.007 -100.00 -100.00 -100.00
  50   101.322 55147.92986591  4.17 204.752158  64.835029  3.096 -100.00 -100.00 -100.00
  50    99.905 55147.92986650  3.98 204.758006  64.834192  3.623 -100.00 -100.00 -100.00
  50   105.543 55147.92986709  2.63 204.763854  64.833355  2.859 -100.00 -100.00 -100.00
  51    44.866 55157.84550341 26.08 204.748139  64.838106 17.290 -100.00 -100.00 -100.00
  51    45.092 55157.84550400 25.43 204.753988  64.837269 13.907 -100.00 -100.00 -100.00
  51    45.001 55157.84550459 26.71 204.759837  64.836431 15.756 -100.00 -100.00 -100.00
  51    45.173 55157.84550518 25.20 204.765685  64.835594 11.900 -100.00 -100.00 -100.00
  52    45.128 55167.76114196 24.17 204.755875  64.839286 13.640 -100.00 -100.00 -100.00
  52    45.023 55167.76114255 24.19 204.761724  64.838448 12.555 -100.00 -100.00 -100.00
  52    45.395 55167.76114314 24.32 204.767572  64.837611 13.334 -100.00 -100.00 -100.00
  52    45.335 55167.76114373 23.44 204.773420  64.836773  9.786 -100.00 -100.00 -100.00
  53    45.430 55177.67677931 24.48 204.756667  64.840028 14.850 -100.00 -100.00 -100.00
  53    45.691 55177.67677990 21.05 204.762516  64.839191  8.251 -100.00 -100.00 -100.00
  53    45.595 55177.67678050 21.43 204.768364  64.838354  9.456 -100.00 -100.00 -100.00
  53    45.653 55177.67678109 21.20 204.774212  64.837516  8.820 -100.00 -100.00 -100.00
  54    70.149 55187.59242314  1.70 204.752156  64.839707  5.028 -100.00 -100.00 -100.00
  54    68.477 55187.59242373  2.10 204.758005  64.838870  5.224 -100.00 -100.00 -100.00
  54    74.837 55187.59242432  1.57 204.763853  64.838033  5.579 -100.00 -100.00 -100.00
  54    46.220 55187.59242491 11.21 204.769701  64.837196 15.998 -100.00 -100.00 -100.00
  55    68.741 55197.50807440  1.59 204.755385  64.838399  4.706 -100.00 -100.00 -100.00
  55    45.780 55197.50807499 10.27 204.761233  64.837561 15.793 -100.00 -100.00 -100.00
  55    45.560 55197.50807558 10.54 204.767081  64.836724 17.600 -100.00 -100.00 -100.00
  56    45.719 55207.42372386 10.74 204.752641  64.839330 21.164 -100.00 -100.00 -100.00
  56    45.746 55207.42372445 11.32 204.758489  64.838493 14.003 -100.00 -100.00 -100.00
  56    45.599 55207.42372504 14.25 204.764337  64.837656 10.294 -100.00 -100.00 -100.00
  56    45.408 55207.42372563 18.13 204.770185  64.836818  8.756 -100.00 -100.00 -100.00
  57    45.242 55217.33937342 11.40 204.757369  64.840051 16.058 -100.00 -100.00 -100.00
  57    45.310 55217.33937401 12.47 204.763217  64.839214 11.506 -100.00 -100.00 -100.00
  57    45.168 55217.33937460 15.55 204.769065  64.838376  8.585 -100.00 -100.00 -100.00
  57    45.076 55217.33937519 17.40 204.774913  64.837538  7.813 -100.00 -100.00 -100.00
  58    44.697 55227.25502176 16.16 204.755995  64.840531  7.585 -100.00 -100.00 -100.00
  58    44.924 55227.25502235 14.52 204.761844  64.839694  4.358 -100.00 -100.00 -100.00
  58    44.930 55227.25502294 15.37 204.767693  64.838856  6.112 -100.00 -100.00 -100.00
  58    44.986 55227.25502353 16.45 204.773540  64.838018  7.040 -100.00 -100.00 -100.00
  59    44.873 55237.17066766 14.57 204.756291  64.838845  5.022 -100.00 -100.00 -100.00
  59    44.845 55237.17066825 15.76 204.762139  64.838008  6.559 -100.00 -100.00 -100.00
  59    45.016 55237.17066884 15.31 204.767987  64.837170  6.401 -100.00 -100.00 -100.00
  60    44.757 55247.08630946 15.07 204.749513  64.836991  7.053 -100.00 -100.00 -100.00
  60    44.735 55247.08631005 15.39 204.755362  64.836154  7.144 -100.00 -100.00 -100.00
  60    44.737 55247.08631064 15.80 204.761210  64.835317  7.660 -100.00 -100.00 -100.00
  60    44.852 55247.08631123 15.15 204.767058  64.834479  6.391 -100.00 -100.00 -100.00
  62    81.051 55266.91758761  1.24 204.743440  64.836073  5.102 -100.00 -100.00 -100.00
  62    80.223 55266.91758879  0.31 204.755136  64.834399  4.401 -100.00 -100.00 -100.00
  62    81.014 55266.91758938  0.18 204.760984  64.833561  4.027 -100.00 -100.00 -100.00
  63    44.894 55276.83322626 13.02 204.748515  64.837551  5.418 -100.00 -100.00 -100.00
  63    44.855 55276.83322685 14.04 204.754363  64.836714  6.978 -100.00 -100.00 -100.00
  63    44.851 55276.83322744 13.74 204.760211  64.835877  5.881 -100.00 -100.00 -100.00
  63    44.957 55276.83322803 15.14 204.766059  64.835040  7.342 -100.00 -100.00 -100.00
  65    68.446 55296.66449896  7.09 204.754882  64.838365 13.317 -100.00 -100.00 -100.00
  65    66.977 55296.66449955  4.42 204.760730  64.837528  8.196 -100.00 -100.00 -100.00
  65    65.016 55296.66450014  4.87 204.766578  64.836691  8.999 -100.00 -100.00 -100.00
  66    86.127 55306.58013932  1.39 204.749710  64.837051  5.709 -100.00 -100.00 -100.00
  66    87.184 55306.58013991  1.29 204.755558  64.836215  6.481 -100.00 -100.00 -100.00
  66    73.512 55306.58014050  4.56 204.761405  64.835378 10.979 -100.00 -100.00 -100.00
  66    72.277 55306.58014109  7.14 204.767252  64.834541 16.726 -100.00 -100.00 -100.00
  67    97.628 55316.49578573  7.04 204.744579  64.835918  4.668 -100.00 -100.00 -100.00
  67    98.230 55316.49578632  6.19 204.750426  64.835082  4.744 -100.00 -100.00 -100.00
  67    98.955 55316.49578691 16.76 204.756273  64.834245 15.994 -100.00 -100.00 -100.00
  67    98.891 55316.49578750 15.38 204.762120  64.833408 17.160 -100.00 -100.00 -100.00
  68   101.337 55326.41143148 20.68 204.747839  64.835839 32.573 -100.00 -100.00 -100.00
  68   108.555 55326.41143207 27.12 204.753686  64.835002 28.060 -100.00 -100.00 -100.00
  68   104.750 55326.41143266 10.97 204.759533  64.834165 13.185 -100.00 -100.00 -100.00
  68   114.802 55326.41143325  3.54 204.765380  64.833328  5.278 -100.00 -100.00 -100.00
  69    46.127 55336.32707567 40.32 204.747686  64.838083 13.727 -100.00 -100.00 -100.00
  69    46.132 55336.32707626 45.67 204.753534  64.837246 15.481 -100.00 -100.00 -100.00
  69    45.783 55336.32707685 50.38 204.759381  64.836409 22.873 -100.00 -100.00 -100.00
  69    45.643 55336.32707744 50.66 204.765228  64.835572   -100 -100.00 -100.00 -100.00
  70    49.295 55346.24272031 29.15 204.756553  64.838899  9.779 -100.00 -100.00 -100.00
  70    48.999 55346.24272090 29.96 204.762401  64.838062 11.095 -100.00 -100.00 -100.00
  70    45.991 55346.24272149 33.04 204.768249  64.837224 17.098 -100.00 -100.00 -100.00
  71    49.736 55356.15836310 19.03 204.758630  64.839129  9.033 -100.00 -100.00 -100.00
  71    49.946 55356.15836369 23.09 204.764479  64.838291  9.534 -100.00 -100.00 -100.00
  71    50.070 55356.15836428 23.89 204.770326  64.837454 10.500 -100.00 -100.00 -100.00
  72    56.057 55366.07400341 13.06 204.755289  64.839136 17.138 -100.00 -100.00 -100.00
  72    50.038 55366.07400400 12.39 204.761138  64.838299 10.639 -100.00 -100.00 -100.00
  72    50.199 55366.07400459 16.15 204.766986  64.837461  8.414 -100.00 -100.00 -100.00
  72    50.070 55366.07400518 23.33 204.772833  64.836624 11.956 -100.00 -100.00 -100.00
  73    46.520 55375.98964259 44.39 204.755368  64.838710 24.934 -100.00 -100.00 -100.00
  73    46.163 55375.98964318 49.38 204.761217  64.837873   -100 -100.00 -100.00 -100.00
  73    46.295 55375.98964377 52.14 204.767065  64.837036   -100 -100.00 -100.00 -100.00
  73    46.073 55375.98964436 53.00 204.772912  64.836198  3.331 -100.00 -100.00 -100.00
  74    93.895 55385.90528061 25.32 204.754034  64.839613 14.039 -100.00 -100.00 -100.00
  74    93.381 55385.90528120 29.48 204.759883  64.838776 24.491 -100.00 -100.00 -100.00
  74    91.280 55385.90528179 33.15 204.765731  64.837939   -100 -100.00 -100.00 -100.00
  74    91.378 55385.90528238 22.53 204.771579  64.837101  8.252 -100.00 -100.00 -100.00
  75   103.346 55395.82091811 14.57 204.756480  64.840468 14.055 -100.00 -100.00 -100.00
  75   100.916 55395.82091870 17.03 204.762329  64.839631 15.166 -100.00 -100.00 -100.00
  75   105.434 55395.82091929 17.11 204.768177  64.838793  9.947 -100.00 -100.00 -100.00
  75    93.989 55395.82091988 22.21 204.774025  64.837956 18.879 -100.00 -100.00 -100.00
  76    94.412 55405.73655876 22.16 204.756230  64.841169 11.908 -100.00 -100.00 -100.00
  76    93.190 55405.73655935 26.13 204.762079  64.840332 15.686 -100.00 -100.00 -100.00
  76    92.223 55405.73655994 31.49 204.767927  64.839495 25.907 -100.00 -100.00 -100.00
  76    91.944 55405.73656053 23.01 204.773775  64.838657 15.057 -100.00 -100.00 -100.00
  77    74.176 55415.65221003  4.27 204.753868  64.839937  3.903 -100.00 -100.00 -100.00
  77    47.206 55415.65221062 12.96 204.759717  64.839101 16.295 -100.00 -100.00 -100.00
  77    45.543 55415.65221121 13.42 204.765565  64.838263 31.540 -100.00 -100.00 -100.00
  77    47.027 55415.65221180 17.40 204.771412  64.837426  9.114 -100.00 -100.00 -100.00
  78   104.096 55425.56785794 18.75 204.749448  64.837754  9.665 -100.00 -100.00 -100.00
  78   102.916 55425.56785853 16.70 204.755296  64.836917  8.275 -100.00 -100.00 -100.00
  78    96.462 55425.56785912 26.17 204.761143  64.836080 14.031 -100.00 -100.00 -100.00
  78    94.241 55425.56785971 29.34 204.766990  64.835243 20.858 -100.00 -100.00 -100.00
  79    47.274 55435.48350300 39.17 204.743921  64.836359 18.059 -100.00 -100.00 -100.00
  79    47.535 55435.48350359 44.15 204.749768  64.835522 25.365 -100.00 -100.00 -100.00
  79    46.826 55435.48350418 54.81 204.755616  64.834686   -100 -100.00 -100.00 -100.00
  79    47.290 55435.48350477 53.31 204.761463  64.833848   -100 -100.00 -100.00 -100.00
  80    46.647 55445.39914703 39.38 204.743571  64.836292 16.764 -100.00 -100.00 -100.00
  80    47.276 55445.39914762 44.44 204.749419  64.835456 17.925 -100.00 -100.00 -100.00
  80    46.463 55445.39914821 53.41 204.755266  64.834619   -100 -100.00 -100.00 -100.00
  80    46.813 55445.39914880 53.69 204.761113  64.833781   -100 -100.00 -100.00 -100.00
  81    73.747 55455.31479045  4.77 204.747016  64.837381  4.883 -100.00 -100.00 -100.00
  81    73.706 55455.31479104  4.81 204.752864  64.836544  4.441 -100.00 -100.00 -100.00
  81    71.971 55455.31479163  9.29 204.758712  64.835707 10.497 -100.00 -100.00 -100.00
  81    45.563 55455.31479222 13.35 204.764559  64.834870   -100 -100.00 -100.00 -100.00
  82    93.171 55465.23043325 21.09 204.751766  64.838499 11.043 -100.00 -100.00 -100.00
  82    91.959 55465.23043384 26.24 204.757614  64.837662 17.399 -100.00 -100.00 -100.00
  82    91.898 55465.23043443 30.53 204.763462  64.836824 24.795 -100.00 -100.00 -100.00
  82    91.486 55465.23043502 18.72 204.769310  64.835987 10.654 -100.00 -100.00 -100.00
  83    44.980 55475.14607300 36.51 204.753643  64.838345 24.375 -100.00 -100.00 -100.00
  83    44.594 55475.14607359 39.68 204.759492  64.837508   -100 -100.00 -100.00 -100.00
  83    44.499 55475.14607418 34.20 204.765340  64.836671   -100 -100.00 -100.00 -100.00
  83    44.880 55475.14607477 31.92 204.771188  64.835833 23.945 -100.00 -100.00 -100.00
  84    44.188 55485.06170902 34.64 204.747578  64.837690 28.090 -100.00 -100.00 -100.00
  84    44.013 55485.06170961 33.23 204.753427  64.836853   -100 -100.00 -100.00 -100.00
  84    43.839 55485.06171020 39.27 204.759276  64.836016   -100 -100.00 -100.00 -100.00
  84    44.343 55485.06171080 39.37 204.765124  64.835179   -100 -100.00 -100.00 -100.00
  85    91.061 55494.97734361 18.92 204.747881  64.836111 12.423 -100.00 -100.00 -100.00
  85    90.469 55494.97734420 23.13 204.753730  64.835274 25.719 -100.00 -100.00 -100.00
  85    90.422 55494.97734479  3.40 204.759578  64.834437 10.323 -100.00 -100.00 -100.00
  85   104.447 55494.97734538  1.15 204.765426  64.833600 21.333 -100.00 -100.00 -100.00
  86    99.854 55504.89297725  2.85 204.748940  64.836726  2.949 -100.00 -100.00 -100.00
  86   100.769 55504.89297784  1.56 204.754789  64.835890  4.623 -100.00 -100.00 -100.00
  86    99.284 55504.89297843  5.49 204.760637  64.835053  8.583 -100.00 -100.00 -100.00
  86    99.455 55504.89297902  7.72 204.766485  64.834215 10.214 -100.00 -100.00 -100.00
  87    45.411 55514.80862854 14.99 204.760220  64.836981   -100 -100.00 -100.00 -100.00
  87    65.171 55514.80862913  1.95 204.766068  64.836143  6.477 -100.00 -100.00 -100.00
  88   100.518 55524.72427748  1.00 204.754324  64.839862  4.934 -100.00 -100.00 -100.00
  88   101.503 55524.72427807  1.98 204.760173  64.839025  5.753 -100.00 -100.00 -100.00
  88    98.520 55524.72427866  2.91 204.766021  64.838188  6.135 -100.00 -100.00 -100.00
  88    94.616 55524.72427925  9.30 204.771870  64.837350 14.325 -100.00 -100.00 -100.00
  90    44.575 55544.55557146 14.47 204.757616  64.839070  7.787 -100.00 -100.00 -100.00
  90    44.503 55544.55557205 15.19 204.763464  64.838233  8.576 -100.00 -100.00 -100.00
  90    44.552 55544.55557264 16.90 204.769312  64.837395  9.974 -100.00 -100.00 -100.00
  91    44.490 55554.47121501 12.55 204.753644  64.838900  5.531 -100.00 -100.00 -100.00
  91    44.651 55554.47121560 13.10 204.759492  64.838063  5.633 -100.00 -100.00 -100.00
  91    44.748 55554.47121619 13.87 204.765340  64.837225  6.512 -100.00 -100.00 -100.00
  91    44.864 55554.47121679 15.06 204.771187  64.836388  9.228 -100.00 -100.00 -100.00
  94    77.777 55584.21814100  0.40 204.755489  64.839500  4.856 -100.00 -100.00 -100.00
  94    95.071 55584.21814277  0.00 204.773035  64.836987  5.139 -100.00 -100.00 -100.00
  95    44.571 55594.13377817 12.62 204.752919  64.838664  5.923 -100.00 -100.00 -100.00
  95    44.670 55594.13377876 13.03 204.758768  64.837827  6.142 -100.00 -100.00 -100.00
  95    44.809 55594.13377935 13.14 204.764617  64.836990  7.110 -100.00 -100.00 -100.00
  95    44.733 55594.13377994 14.38 204.770465  64.836152  8.840 -100.00 -100.00 -100.00
  96    44.456 55604.04941217 11.19 204.751554  64.837349  5.217 -100.00 -100.00 -100.00
  96    44.594 55604.04941276 12.03 204.757403  64.836512  6.659 -100.00 -100.00 -100.00
  96    44.794 55604.04941335 11.82 204.763252  64.835675  5.837 -100.00 -100.00 -100.00
  96    45.005 55604.04941394 12.52 204.769100  64.834837  6.704 -100.00 -100.00 -100.00
  99    70.325 55633.79633447  1.10 204.748879  64.838388  5.175 -100.00 -100.00 -100.00
  99    68.568 55633.79633507  1.23 204.754728  64.837552  4.554 -100.00 -100.00 -100.00
  99    66.556 55633.79633566  3.26 204.760577  64.836715  8.103 -100.00 -100.00 -100.00
  99    45.034 55633.79633625 10.25 204.766424  64.835877 15.979 -100.00 -100.00 -100.00
 100    83.968 55643.71198532  0.38 204.752518  64.838197  4.400 -100.00 -100.00 -100.00
 100    83.562 55643.71198591  0.00 204.758366  64.837360  3.995 -100.00 -100.00 -100.00
 100    65.715 55643.71198650  1.51 204.764214  64.836523  6.619 -100.00 -100.00 -100.00
 100    51.060 55643.71198709  8.90 204.770062  64.835685 17.410 -100.00 -100.00 -100.00
 103    96.887 55673.45891606  0.07 204.747715  64.836502  4.009 -100.00 -100.00 -100.00
 103    86.296 55673.45891665  0.57 204.753562  64.835665  5.654 -100.00 -100.00 -100.00
 104    72.538 55683.37455466  7.12 204.747794  64.837092  6.809 -100.00 -100.00 -100.00
 104    44.816 55683.37455525 14.90 204.753642  64.836255 23.536 -100.00 -100.00 -100.00
 104    44.797 55683.37455584 15.26 204.759489  64.835418 17.299 -100.00 -100.00 -100.00
 104    44.939 55683.37455643 16.23 204.765336  64.834581 12.741 -100.00 -100.00 -100.00
 105    96.223 55693.29019211  3.47 204.751008  64.838569  6.809 -100.00 -100.00 -100.00
 105    80.266 55693.29019270  9.04 204.756856  64.837733 10.056 -100.00 -100.00 -100.00
 105   102.347 55693.29019329  5.43 204.762704  64.836896  6.419 -100.00 -100.00 -100.00
 105   100.959 55693.29019388  6.10 204.768551  64.836058  5.124 -100.00 -100.00 -100.00
 106    50.907 55703.20582852 20.80 204.759036  64.839463 12.876 -100.00 -100.00 -100.00
 106    46.554 55703.20582911 28.24 204.764885  64.838626 24.732 -100.00 -100.00 -100.00
 106    51.109 55703.20582971 28.04 204.770733  64.837789 14.657 -100.00 -100.00 -100.00
 107    50.207 55713.12147240 36.69 204.755197  64.840697 15.324 -100.00 -100.00 -100.00
 107    50.204 55713.12147299 42.43 204.761046  64.839860 19.455 -100.00 -100.00 -100.00
 107    49.852 55713.12147358 50.64 204.766894  64.839023   -100 -100.00 -100.00 -100.00
 107    49.549 55713.12147418 50.85 204.772743  64.838186   -100 -100.00 -100.00 -100.00
 108    47.057 55723.03712212 26.39 204.759195  64.839559 19.046 -100.00 -100.00 -100.00
 108    47.007 55723.03712271 25.17 204.765044  64.838721 16.186 -100.00 -100.00 -100.00
 108    46.790 55723.03712330 26.83 204.770892  64.837884 22.184 -100.00 -100.00 -100.00
 109   102.392 55732.95276901 19.83 204.754627  64.839691 18.030 -100.00 -100.00 -100.00
 109   103.828 55732.95276960 22.38 204.760475  64.838854 11.260 -100.00 -100.00 -100.00
 109   105.669 55732.95277019 21.46 204.766324  64.838016  9.791 -100.00 -100.00 -100.00
 109    96.019 55732.95277078 29.58 204.772172  64.837179 19.756 -100.00 -100.00 -100.00
 110    69.513 55742.86841494  9.85 204.752979  64.839796 10.539 -100.00 -100.00 -100.00
 110    47.934 55742.86841553 13.89 204.758828  64.838958 17.529 -100.00 -100.00 -100.00
 110    48.094 55742.86841612 15.52 204.764676  64.838121 14.354 -100.00 -100.00 -100.00
 110    47.934 55742.86841671 15.81 204.770524  64.837283 14.175 -100.00 -100.00 -100.00
 111    47.850 55752.78405998 26.15 204.755654  64.839286 22.410 -100.00 -100.00 -100.00
 111    47.216 55752.78406057 28.06 204.761502  64.838449 25.151 -100.00 -100.00 -100.00
 111    47.218 55752.78406116 27.82 204.767350  64.837611 25.888 -100.00 -100.00 -100.00
 111    47.124 55752.78406175 30.02 204.773198  64.836774 27.261 -100.00 -100.00 -100.00
 112    95.430 55762.69970218 20.07 204.752450  64.839059  9.619 -100.00 -100.00 -100.00
 112    93.671 55762.69970277 25.41 204.758298  64.838222 17.917 -100.00 -100.00 -100.00
 112    93.297 55762.69970336 29.50 204.764146  64.837385   -100 -100.00 -100.00 -100.00
 112    93.616 55762.69970395 17.20 204.769994  64.836547   -100 -100.00 -100.00 -100.00
 113    47.295 55772.61534181 12.78 204.751358  64.838060 22.850 -100.00 -100.00 -100.00
 113    47.390 55772.61534240 12.36 204.757206  64.837223 14.062 -100.00 -100.00 -100.00
 113    47.268 55772.61534299 14.47 204.763054  64.836386 11.200 -100.00 -100.00 -100.00
 113    47.032 55772.61534358 16.11 204.768901  64.835549 13.036 -100.00 -100.00 -100.00
 114   103.437 55782.53097806 21.38 204.751406  64.836777  9.914 -100.00 -100.00 -100.00
 114   104.454 55782.53097865 18.03 204.757253  64.835940  9.693 -100.00 -100.00 -100.00
 114    95.741 55782.53097924 27.45 204.763101  64.835103 14.877 -100.00 -100.00 -100.00
 115   103.938 55792.44661126 20.20 204.748210  64.837350 10.822 -100.00 -100.00 -100.00
 115   102.634 55792.44661185 15.25 204.754058  64.836513  8.088 -100.00 -100.00 -100.00
 115   108.000 55792.44661244 25.49 204.759905  64.835677 14.398 -100.00 -100.00 -100.00
 115    92.904 55792.44661303 28.45 204.765753  64.834840   -100 -100.00 -100.00 -100.00
 116    95.106 55802.36224516 20.16 204.748831  64.838419 11.709 -100.00 -100.00 -100.00
 116    92.986 55802.36224575 24.43 204.754679  64.837582 16.158 -100.00 -100.00 -100.00
 116    92.608 55802.36224634 29.68 204.760527  64.836745   -100 -100.00 -100.00 -100.00
 116    92.684 55802.36224693 19.17 204.766375  64.835908   -100 -100.00 -100.00 -100.00
 117   103.474 55812.27789574 16.10 204.755633  64.838060 11.674 -100.00 -100.00 -100.00
 117    98.731 55812.27789633 24.44 204.761481  64.837224 16.328 -100.00 -100.00 -100.00
 117    94.685 55812.27789692 28.30 204.767329  64.836386   -100 -100.00 -100.00 -100.00
 118    75.335 55822.19354366  6.64 204.751926  64.838516  5.281 -100.00 -100.00 -100.00
 118    97.350 55822.19354425  5.80 204.757775  64.837679  4.408 -100.00 -100.00 -100.00
 118    98.038 55822.19354484  6.09 204.763623  64.836842  3.252 -100.00 -100.00 -100.00
 118    98.434 55822.19354543  6.08 204.769471  64.836005  3.596 -100.00 -100.00 -100.00
 119    45.985 55832.10918742 25.42 204.754183  64.837498 23.419 -100.00 -100.00 -100.00
 119    45.688 55832.10918801 23.15 204.760031  64.836661 16.740 -100.00 -100.00 -100.00
 119    44.801 55832.10918860 27.00 204.765880  64.835824 31.154 -100.00 -100.00 -100.00
 120    45.594 55842.02482588 40.51 204.748019  64.837648 21.921 -100.00 -100.00 -100.00
 120    45.411 55842.02482647 45.87 204.753868  64.836812   -100 -100.00 -100.00 -100.00
 120    45.157 55842.02482706 56.66 204.759717  64.835975 11.289 -100.00 -100.00 -100.00
 120    45.385 55842.02482765 50.19 204.765565  64.835138   -100 -100.00 -100.00 -100.00
 121    91.222 55851.94046214 23.44 204.750717  64.837431 20.005 -100.00 -100.00 -100.00
 121    91.628 55851.94046273 28.50 204.756566  64.836594 13.388 -100.00 -100.00 -100.00
 121    90.878 55851.94046332 29.94 204.762415  64.835757 19.510 -100.00 -100.00 -100.00
 121    89.530 55851.94046391 19.61 204.768263  64.834920 19.797 -100.00 -100.00 -100.00
 122    90.793 55861.85609631 21.45 204.754238  64.838516 18.512 -100.00 -100.00 -100.00
 122    89.014 55861.85609690 25.63 204.760087  64.837679 24.235 -100.00 -100.00 -100.00
 122    88.770 55861.85609749  6.32 204.765936  64.836842 18.286 -100.00 -100.00 -100.00
 122   106.737 55861.85609808  3.69 204.771784  64.836005 32.000 -100.00 -100.00 -100.00
 123    91.433 55871.77175047 16.22 204.753345  64.839562 13.316 -100.00 -100.00 -100.00
 123    89.463 55871.77175106 18.20 204.759194  64.838725 16.103 -100.00 -100.00 -100.00
 123    89.195 55871.77175165  9.25 204.765043  64.837887 24.108 -100.00 -100.00 -100.00
 123   110.585 55871.77175224  0.66 204.770891  64.837050 13.241 -100.00 -100.00 -100.00
 125    43.487 55891.60304386 19.13 204.754854  64.840125 13.592 -100.00 -100.00 -100.00
 125    43.523 55891.60304445 20.31 204.760703  64.839288 15.735 -100.00 -100.00 -100.00
 125    43.834 55891.60304504 19.26 204.766551  64.838451 12.880 -100.00 -100.00 -100.00
 125    43.645 55891.60304563 20.25 204.772399  64.837614 15.211 -100.00 -100.00 -100.00
 126    83.753 55901.51868179  1.27 204.758626  64.839686  5.332 -100.00 -100.00 -100.00
 126    66.652 55901.51868238  2.95 204.764475  64.838849  5.623 -100.00 -100.00 -100.00
 126    53.530 55901.51868297  6.72 204.770323  64.838011 11.822 -100.00 -100.00 -100.00
 127    43.746 55911.43431547 15.72 204.758831  64.840238 10.517 -100.00 -100.00 -100.00
 127    43.951 55911.43431606 16.47 204.764680  64.839401 11.776 -100.00 -100.00 -100.00
 127    43.867 55911.43431665 16.25 204.770528  64.838564 12.379 -100.00 -100.00 -100.00
 127    43.970 55911.43431724 17.63 204.776376  64.837726 15.341 -100.00 -100.00 -100.00
 128    44.633 55921.34996976 17.87 204.756543  64.840316 10.956 -100.00 -100.00 -100.00
 128    44.560 55921.34997035 17.66 204.762392  64.839479 10.743 -100.00 -100.00 -100.00
 128    44.630 55921.34997094 19.27 204.768240  64.838642 14.646 -100.00 -100.00 -100.00
 128    44.592 55921.34997153 18.54 204.774088  64.837804 11.761 -100.00 -100.00 -100.00
 129    44.570 55931.26562180 15.34 204.757591  64.839388 10.361 -100.00 -100.00 -100.00
 129    44.562 55931.26562239 14.80 204.763440  64.838551  9.761 -100.00 -100.00 -100.00
 129    44.641 55931.26562298 15.72 204.769288  64.837713  9.748 -100.00 -100.00 -100.00
 131    44.169 55951.09691208 12.72 204.745687  64.837291  8.256 -100.00 -100.00 -100.00
 131    44.041 55951.09691267 13.36 204.751535  64.836454  8.628 -100.00 -100.00 -100.00
 131    44.320 55951.09691327 12.48 204.757384  64.835617  7.514 -100.00 -100.00 -100.00
 131    44.725 55951.09691386 12.47 204.763232  64.834780  7.055 -100.00 -100.00 -100.00
 132    44.147 55961.01255167  9.96 204.745284  64.836568  5.425 -100.00 -100.00 -100.00
 132    44.300 55961.01255226 10.74 204.751133  64.835731  5.635 -100.00 -100.00 -100.00
 132    44.820 55961.01255285 10.57 204.756982  64.834894  5.289 -100.00 -100.00 -100.00
 132    44.276 55961.01255344 11.39 204.762830  64.834057  7.158 -100.00 -100.00 -100.00
 135    44.158 55990.75946128 10.37 204.756720  64.838540  5.332 -100.00 -100.00 -100.00
 135    44.204 55990.75946187 10.59 204.762568  64.837703  5.876 -100.00 -100.00 -100.00
 135    45.105 55990.75946246 10.57 204.768416  64.836866  5.635 -100.00 -100.00 -100.00
 136    44.249 56000.67510578  8.94 204.749957  64.838755  4.574 -100.00 -100.00 -100.00
 136    44.297 56000.67510637  9.17 204.755805  64.837918  4.626 -100.00 -100.00 -100.00
 136    44.750 56000.67510697  8.65 204.761653  64.837081  4.601 -100.00 -100.00 -100.00
 136    44.861 56000.67510756  9.64 204.767501  64.836244  5.357 -100.00 -100.00 -100.00
 137    44.606 56010.59075654  8.55 204.751055  64.836901  4.910 -100.00 -100.00 -100.00
 137    44.821 56010.59075713  8.27 204.756903  64.836064  4.715 -100.00 -100.00 -100.00
 137    45.382 56010.59075772  8.31 204.762750  64.835227  4.749 -100.00 -100.00 -100.00
 138    44.485 56020.50640265  8.68 204.746245  64.836964  5.185 -100.00 -100.00 -100.00
 138    44.766 56020.50640324  9.13 204.752093  64.836128  5.170 -100.00 -100.00 -100.00
 138    44.734 56020.50640383  8.95 204.757940  64.835291  4.743 -100.00 -100.00 -100.00
 138    45.208 56020.50640442  8.95 204.763787  64.834454  5.152 -100.00 -100.00 -100.00
 139    44.650 56030.42204661 11.97 204.750865  64.837052  8.558 -100.00 -100.00 -100.00
 139    43.215 56030.42204720 15.36 204.756713  64.836215 13.791 -100.00 -100.00 -100.00
 139    42.907 56030.42204779 17.67 204.762560  64.835378 18.065 -100.00 -100.00 -100.00
 139    43.431 56030.42204838 16.17 204.768407  64.834540 14.547 -100.00 -100.00 -100.00
 141   103.241 56050.25332782 11.64 204.755599  64.839556 11.147 -100.00 -100.00 -100.00
 141   101.254 56050.25332841 13.16 204.761447  64.838719  8.742 -100.00 -100.00 -100.00
 141    97.098 56050.25332900 16.14 204.767295  64.837882 12.403 -100.00 -100.00 -100.00
 141    94.063 56050.25332959 21.66 204.773142  64.837044 29.428 -100.00 -100.00 -100.00
 142    94.321 56060.16896467 23.57 204.757323  64.840093 13.709 -100.00 -100.00 -100.00
 142    92.514 56060.16896526 28.80 204.763172  64.839256 27.591 -100.00 -100.00 -100.00
 142    92.349 56060.16896585 28.11 204.769020  64.838419   -100 -100.00 -100.00 -100.00
 142    92.520 56060.16896644 30.91 204.774868  64.837581 16.984 -100.00 -100.00 -100.00
 143    80.958 56070.08460091 10.40 204.757876  64.839860  8.029 -100.00 -100.00 -100.00
 143    85.204 56070.08460150  9.13 204.763724  64.839023  6.947 -100.00 -100.00 -100.00
 143    73.856 56070.08460210 12.71 204.769573  64.838185 13.564 -100.00 -100.00 -100.00
 143   100.726 56070.08460269  7.09 204.775421  64.837348  5.533 -100.00 -100.00 -100.00
 144    48.860 56080.00025178 19.51 204.757038  64.839286 18.163 -100.00 -100.00 -100.00
 144    48.530 56080.00025237 23.53 204.762887  64.838449 11.534 -100.00 -100.00 -100.00
 144    48.399 56080.00025296 24.40 204.768735  64.837612 12.137 -100.00 -100.00 -100.00
 144    48.174 56080.00025355 25.49 204.774583  64.836774 14.035 -100.00 -100.00 -100.00
 145    48.040 56089.91589981 16.75 204.755121  64.839601 25.865 -100.00 -100.00 -100.00
 145    47.972 56089.91590040 23.92 204.760970  64.838764 17.102 -100.00 -100.00 -100.00
 145    47.779 56089.91590099 25.49 204.766818  64.837927 22.464 -100.00 -100.00 -100.00
 145    47.668 56089.91590158 26.87 204.772665  64.837089 22.858 -100.00 -100.00 -100.00
 146    71.963 56099.83154563 10.55 204.755980  64.840109 12.446 -100.00 -100.00 -100.00
 146    66.733 56099.83154622 10.60 204.761829  64.839272 11.340 -100.00 -100.00 -100.00
 146    47.857 56099.83154681 14.15 204.767677  64.838435 13.252 -100.00 -100.00 -100.00
 146    47.619 56099.83154740 16.20 204.773525  64.837597 14.838 -100.00 -100.00 -100.00
 147    66.708 56109.74717726  9.45 204.754516  64.839928 12.030 -100.00 -100.00 -100.00
 147    47.210 56109.74717785 12.15 204.760364  64.839091 14.283 -100.00 -100.00 -100.00
 147    47.145 56109.74717844 13.13 204.766212  64.838253 11.557 -100.00 -100.00 -100.00
 147    47.052 56109.74717903 14.86 204.772060  64.837416 13.172 -100.00 -100.00 -100.00
 148   101.942 56119.66281769 21.78 204.754724  64.838225 14.949 -100.00 -100.00 -100.00
 148    98.235 56119.66281828 24.69 204.760572  64.837388 16.551 -100.00 -100.00 -100.00
 148    94.330 56119.66281887 30.80 204.766420  64.836551   -100 -100.00 -100.00 -100.00
 149   102.399 56129.57845362 15.05 204.746645  64.837477  9.600 -100.00 -100.00 -100.00
 149   107.346 56129.57845421 21.59 204.752493  64.836641 16.127 -100.00 -100.00 -100.00
 149    93.760 56129.57845480 26.66 204.758340  64.835804   -100 -100.00 -100.00 -100.00
 149    94.025 56129.57845539 19.29 204.764188  64.834967  0.403 -100.00 -100.00 -100.00
 150    69.388 56139.49408693  8.94 204.745507  64.837042 12.919 -100.00 -100.00 -100.00
 150    47.148 56139.49408752 12.26 204.751355  64.836205 16.546 -100.00 -100.00 -100.00
 150    47.135 56139.49408811 12.94 204.757202  64.835369 10.872 -100.00 -100.00 -100.00
 150    47.036 56139.49408870 15.31 204.763050  64.834532 12.716 -100.00 -100.00 -100.00
 151   104.112 56149.40973663 18.51 204.747370  64.837647  8.933 -100.00 -100.00 -100.00
 151   101.126 56149.40973722 14.54 204.753218  64.836810  8.842 -100.00 -100.00 -100.00
 151    95.573 56149.40973781 23.63 204.759066  64.835973 12.091 -100.00 -100.00 -100.00
 151    93.220 56149.40973840 26.70 204.764913  64.835136 19.510 -100.00 -100.00 -100.00
 152    93.754 56159.32538592 19.30 204.751353  64.838852  9.433 -100.00 -100.00 -100.00
 152    93.039 56159.32538651 18.16 204.757202  64.838016 22.270 -100.00 -100.00 -100.00
 152    91.123 56159.32538710 27.95 204.763050  64.837178  1.606 -100.00 -100.00 -100.00
 152    91.480 56159.32538769 25.28 204.768897  64.836341   -100 -100.00 -100.00 -100.00
 153   100.597 56169.24103359  9.48 204.751739  64.839485  9.098 -100.00 -100.00 -100.00
 153   102.928 56169.24103418 14.36 204.757588  64.838648 11.073 -100.00 -100.00 -100.00
 153    99.302 56169.24103477 15.42 204.763436  64.837811 12.573 -100.00 -100.00 -100.00
 153    95.954 56169.24103536 22.78 204.769284  64.836973 15.689 -100.00 -100.00 -100.00
 154    97.310 56179.15667803  7.33 204.751812  64.838239  9.118 -100.00 -100.00 -100.00
 154    72.274 56179.15667862 10.31 204.757661  64.837402 10.765 -100.00 -100.00 -100.00
 154   100.035 56179.15667921  8.47 204.763509  64.836564  9.537 -100.00 -100.00 -100.00
 154    71.947 56179.15667980  7.43 204.769357  64.835727  8.345 -100.00 -100.00 -100.00
 155   102.154 56189.07231766 16.65 204.745966  64.837392 15.205 -100.00 -100.00 -100.00
 155    72.425 56189.07231825  8.96 204.751815  64.836555  8.914 -100.00 -100.00 -100.00
 155    93.206 56189.07231884 21.84 204.757663  64.835718   -100 -100.00 -100.00 -100.00
 155   106.275 56189.07231943 18.38 204.763511  64.834881 10.609 -100.00 -100.00 -100.00
 156    72.100 56198.98795464  8.52 204.746300  64.836946  7.405 -100.00 -100.00 -100.00
 156    72.385 56198.98795523  8.15 204.752149  64.836110  5.979 -100.00 -100.00 -100.00
 156    57.336 56198.98795582 13.98 204.757998  64.835273 16.152 -100.00 -100.00 -100.00
 156    45.937 56198.98795641 16.28 204.763846  64.834435 15.504 -100.00 -100.00 -100.00
 157    93.352 56208.90358915 17.06 204.750300  64.838321   -100 -100.00 -100.00 -100.00
 157    72.312 56208.90358974  7.94 204.756149  64.837484  5.766 -100.00 -100.00 -100.00
 157   101.133 56208.90359033 23.67 204.761998  64.836647 24.822 -100.00 -100.00 -100.00
 157   101.573 56208.90359092 15.19 204.767846  64.835810 17.768 -100.00 -100.00 -100.00
 158    92.555 56218.81922198 21.65 204.755103  64.840525 16.040 -100.00 -100.00 -100.00
 158    91.109 56218.81922257 24.70 204.760952  64.839688 16.698 -100.00 -100.00 -100.00
 158    90.568 56218.81922316 29.46 204.766801  64.838851   -100 -100.00 -100.00 -100.00
 158    90.822 56218.81922375 14.27 204.772650  64.838014   -100 -100.00 -100.00 -100.00
 159    91.782 56228.73486928 21.84 204.762833  64.840798 19.141 -100.00 -100.00 -100.00
 159    89.829 56228.73486987 26.72 204.768682  64.839961   -100 -100.00 -100.00 -100.00
 159    90.045 56228.73487046  7.68 204.774531  64.839123 24.889 -100.00 -100.00 -100.00
 160    44.910 56238.65052308 38.53 204.760756  64.840263 29.012 -100.00 -100.00 -100.00
 160    44.731 56238.65052367 34.41 204.766605  64.839426 27.408 -100.00 -100.00 -100.00
 160    44.711 56238.65052426 33.35 204.772453  64.838589 22.700 -100.00 -100.00 -100.00
 161    44.809 56248.56617280 28.06 204.756315  64.839466 14.769 -100.00 -100.00 -100.00
 161    44.480 56248.56617339 31.12 204.762164  64.838629 24.489 -100.00 -100.00 -100.00
 161    44.656 56248.56617398 26.27 204.768012  64.837792 10.729 -100.00 -100.00 -100.00
 161    44.595 56248.56617457 27.38 204.773859  64.836954 14.573 -100.00 -100.00 -100.00
 162    45.154 56258.48181786 22.88 204.755146  64.838799 13.375 -100.00 -100.00 -100.00
 162    45.169 56258.48181845 25.90 204.760995  64.837962 19.931 -100.00 -100.00 -100.00
 162    45.130 56258.48181904 23.57 204.766843  64.837125 13.202 -100.00 -100.00 -100.00
 162    45.157 56258.48181963 22.08 204.772690  64.836287  9.643 -100.00 -100.00 -100.00
 163    45.139 56268.39746009 20.13 204.757482  64.839139  9.320 -100.00 -100.00 -100.00
 163    45.024 56268.39746068 20.24 204.763330  64.838302  8.284 -100.00 -100.00 -100.00
 163    45.006 56268.39746128 20.70 204.769178  64.837464  8.440 -100.00 -100.00 -100.00
 164    44.978 56278.31310021 18.82 204.756078  64.840128  6.264 -100.00 -100.00 -100.00
 164    44.880 56278.31310080 19.01 204.761927  64.839291  7.630 -100.00 -100.00 -100.00
 164    44.878 56278.31310139 19.85 204.767775  64.838453  8.286 -100.00 -100.00 -100.00
 164    44.693 56278.31310198 19.99 204.773623  64.837616  8.009 -100.00 -100.00 -100.00
 165    44.561 56288.22874937 20.14 204.755933  64.839791 10.407 -100.00 -100.00 -100.00
 165    44.584 56288.22874996 20.01 204.761781  64.838954 10.367 -100.00 -100.00 -100.00
 165    44.525 56288.22875055 20.23 204.767630  64.838117  9.791 -100.00 -100.00 -100.00
 165    44.329 56288.22875114 20.62 204.773478  64.837279 10.544 -100.00 -100.00 -100.00
 166    44.308 56298.14439776 20.73 204.749841  64.838469 12.857 -100.00 -100.00 -100.00
 166    44.477 56298.14439835 19.12 204.755690  64.837632  9.761 -100.00 -100.00 -100.00
 166    44.409 56298.14439894 19.79 204.761538  64.836795 11.178 -100.00 -100.00 -100.00
 166    44.384 56298.14439953 18.96 204.767386  64.835957  8.223 -100.00 -100.00 -100.00
 167    44.295 56308.06004269 14.40 204.748107  64.836237  5.060 -100.00 -100.00 -100.00
 167    44.230 56308.06004328 14.58 204.753955  64.835400  4.685 -100.00 -100.00 -100.00
 167    44.552 56308.06004388 14.09 204.759804  64.834563  4.300 -100.00 -100.00 -100.00
 167    44.290 56308.06004447 14.46 204.765651  64.833725  4.745 -100.00 -100.00 -100.00
 168    44.016 56317.97568495 15.40 204.746408  64.835469  6.874 -100.00 -100.00 -100.00
 168    44.089 56317.97568554 15.05 204.752256  64.834632  5.120 -100.00 -100.00 -100.00
 168    44.100 56317.97568613 16.06 204.758104  64.833795  7.507 -100.00 -100.00 -100.00
 168    44.298 56317.97568672 15.57 204.763952  64.832957  5.630 -100.00 -100.00 -100.00
 169    43.954 56327.89132635 16.05 204.750399  64.836468  6.499 -100.00 -100.00 -100.00
 169    44.104 56327.89132694 15.42 204.756248  64.835631  6.360 -100.00 -100.00 -100.00
 169    44.207 56327.89132753 15.72 204.762096  64.834793  6.378 -100.00 -100.00 -100.00
 170    43.744 56337.80696641 17.25 204.751302  64.838761  9.699 -100.00 -100.00 -100.00
 170    43.738 56337.80696700 18.26 204.757151  64.837924 10.153 -100.00 -100.00 -100.00
 170    43.745 56337.80696759 16.95 204.763000  64.837087  8.095 -100.00 -100.00 -100.00
 170    44.248 56337.80696818 16.25 204.768848  64.836249  7.014 -100.00 -100.00 -100.00
 171    43.708 56347.72260508 16.02 204.755561  64.839512  8.689 -100.00 -100.00 -100.00
 171    43.766 56347.72260567 15.46 204.761410  64.838675  6.401 -100.00 -100.00 -100.00
 171    44.136 56347.72260626 14.76 204.767258  64.837837  6.014 -100.00 -100.00 -100.00
 171    44.336 56347.72260685 14.55 204.773106  64.837000  5.883 -100.00 -100.00 -100.00
 173    44.428 56367.55388970 10.71 204.750899  64.836949  4.057 -100.00 -100.00 -100.00
 173    44.570 56367.55389029 11.33 204.756747  64.836112  5.419 -100.00 -100.00 -100.00
 173    44.726 56367.55389088 10.81 204.762594  64.835275  4.446 -100.00 -100.00 -100.00
 173    44.757 56367.55389147 11.02 204.768441  64.834438  4.075 -100.00 -100.00 -100.00
 176    44.531 56397.30082708 10.89 204.754220  64.839791  4.353 -100.00 -100.00 -100.00
 176    44.522 56397.30082767 11.09 204.760068  64.838953  4.646 -100.00 -100.00 -100.00
 176    44.638 56397.30082826 11.12 204.765916  64.838116  3.944 -100.00 -100.00 -100.00
 176    44.603 56397.30082885 11.49 204.771763  64.837278  4.319 -100.00 -100.00 -100.00
 179    86.502 56427.04773809  0.36 204.754193  64.840391  5.188 -100.00 -100.00 -100.00
 179    72.764 56427.04773868  0.96 204.760042  64.839554  5.405 -100.00 -100.00 -100.00
 179    98.616 56427.04773927  0.21 204.765891  64.838717  5.036 -100.00 -100.00 -100.00
 179    98.530 56427.04773986  0.25 204.771739  64.837880  4.602 -100.00 -100.00 -100.00
 180   115.587 56436.96338982 17.45 204.752516  64.839155 17.668 -100.00 -100.00 -100.00
 180   104.625 56436.96339041 11.64 204.758364  64.838318 14.619 -100.00 -100.00 -100.00
 180   101.496 56436.96339100  8.51 204.764213  64.837481 10.222 -100.00 -100.00 -100.00
 180   102.169 56436.96339159 19.45 204.770061  64.836644   -100 -100.00 -100.00 -100.00
 181    50.820 56446.87904173 42.81 204.755299  64.838576 24.487 -100.00 -100.00 -100.00
 181    50.480 56446.87904232 51.72 204.761147  64.837739   -100 -100.00 -100.00 -100.00
 181    50.324 56446.87904291 51.28 204.766995  64.836902   -100 -100.00 -100.00 -100.00
 181    50.585 56446.87904350 47.79 204.772843  64.836064   -100 -100.00 -100.00 -100.00
 182   101.776 56456.79469126 18.74 204.757569  64.839047  9.297 -100.00 -100.00 -100.00
 182    97.579 56456.79469185 14.06 204.763417  64.838210 26.353 -100.00 -100.00 -100.00
 182    95.876 56456.79469244 28.89 204.769265  64.837372   -100 -100.00 -100.00 -100.00
 183    48.277 56466.71033734 41.76 204.756259  64.839024 27.525 -100.00 -100.00 -100.00
 183    48.315 56466.71033793 44.06 204.762107  64.838186   -100 -100.00 -100.00 -100.00
 183    47.954 56466.71033852 47.78 204.767955  64.837349   -100 -100.00 -100.00 -100.00
 183    47.988 56466.71033911 48.10 204.773802  64.836511   -100 -100.00 -100.00 -100.00
 184    47.757 56476.62597917 43.01 204.751538  64.838171 22.724 -100.00 -100.00 -100.00
 184    47.638 56476.62597976 47.26 204.757386  64.837334 32.310 -100.00 -100.00 -100.00
 184    47.607 56476.62598035 51.55 204.763233  64.836497   -100 -100.00 -100.00 -100.00
 184    47.431 56476.62598094 53.21 204.769081  64.835659   -100 -100.00 -100.00 -100.00
 185    47.423 56486.54161749 43.08 204.747848  64.836712 20.595 -100.00 -100.00 -100.00
 185    47.018 56486.54161808 54.61 204.753695  64.835875   -100 -100.00 -100.00 -100.00
 185    47.243 56486.54161867 52.10 204.759543  64.835038   -100 -100.00 -100.00 -100.00
 185    47.308 56486.54161926 50.56 204.765389  64.834201   -100 -100.00 -100.00 -100.00
 186    47.903 56496.45725304 37.92 204.745141  64.836600 16.372 -100.00 -100.00 -100.00
 186    47.012 56496.45725363 43.71 204.750989  64.835763   -100 -100.00 -100.00 -100.00
 186    46.604 56496.45725422 40.55 204.756836  64.834927   -100 -100.00 -100.00 -100.00
 186    46.950 56496.45725481 43.87 204.762683  64.834090   -100 -100.00 -100.00 -100.00
 187    94.757 56506.37288792  6.13 204.751679  64.837297  6.106 -100.00 -100.00 -100.00
 187   114.028 56506.37288851  1.64 204.757527  64.836460  5.155 -100.00 -100.00 -100.00
 187    93.742 56506.37288910  6.29 204.763375  64.835623  5.138 -100.00 -100.00 -100.00
 187    91.362 56506.37288969 13.26 204.769222  64.834786  9.309 -100.00 -100.00 -100.00
 188    93.974 56516.28852249 21.94 204.756704  64.839298 16.045 -100.00 -100.00 -100.00
 188    91.983 56516.28852308 28.03 204.762552  64.838462 25.157 -100.00 -100.00 -100.00
 188    92.104 56516.28852367 32.00 204.768401  64.837625 30.143 -100.00 -100.00 -100.00
 188    91.818 56516.28852426 25.94 204.774248  64.836787   -100 -100.00 -100.00 -100.00
 189    46.872 56526.20417700 40.99 204.757313  64.839750 18.132 -100.00 -100.00 -100.00
 189    46.286 56526.20417760 52.00 204.763162  64.838913   -100 -100.00 -100.00 -100.00
 189    46.180 56526.20417819 52.26 204.769010  64.838076   -100 -100.00 -100.00 -100.00
 189    45.941 56526.20417878 52.76 204.774858  64.837239  7.298 -100.00 -100.00 -100.00
 190    46.419 56536.11982700 33.30 204.752685  64.839279 21.474 -100.00 -100.00 -100.00
 190    46.100 56536.11982759 39.52 204.758534  64.838442   -100 -100.00 -100.00 -100.00
 190    46.209 56536.11982818 42.90 204.764383  64.837605 32.720 -100.00 -100.00 -100.00
 190    46.520 56536.11982877 44.23 204.770231  64.836767 26.941 -100.00 -100.00 -100.00
 192    93.568 56555.95111742 14.80 204.749574  64.837081 13.834 -100.00 -100.00 -100.00
 192   113.518 56555.95111801  2.79 204.755423  64.836244  5.474 -100.00 -100.00 -100.00
 192    92.252 56555.95111860 20.53 204.761272  64.835407 19.057 -100.00 -100.00 -100.00
 192    94.996 56555.95111919 15.54 204.767119  64.834569  7.588 -100.00 -100.00 -100.00
 193   100.840 56565.86676011  4.67 204.749981  64.838482  6.428 -100.00 -100.00 -100.00
 193    84.160 56565.86676070  5.98 204.755830  64.837645  9.348 -100.00 -100.00 -100.00
 193    99.096 56565.86676129  2.38 204.761679  64.836808  4.005 -100.00 -100.00 -100.00
 193   105.077 56565.86676188  0.57 204.767527  64.835970  2.713 -100.00 -100.00 -100.00
 194    72.570 56575.78240181  8.73 204.754436  64.840430 12.011 -100.00 -100.00 -100.00
 194    72.542 56575.78240240  7.00 204.760286  64.839593  8.297 -100.00 -100.00 -100.00
 194    98.181 56575.78240299  3.96 204.766134  64.838755  4.873 -100.00 -100.00 -100.00
 195   100.724 56585.69804063 16.10 204.761255  64.841274 11.720 -100.00 -100.00 -100.00
 195   100.851 56585.69804122 25.02 204.767104  64.840436 16.958 -100.00 -100.00 -100.00
 195    97.932 56585.69804181 20.84 204.772952  64.839599 14.154 -100.00 -100.00 -100.00
 195    93.214 56585.69804240 30.14 204.778801  64.838761   -100 -100.00 -100.00 -100.00
 196    92.210 56595.61367839 25.15 204.762926  64.840994 18.248 -100.00 -100.00 -100.00
 196    90.240 56595.61367898 30.40 204.768775  64.840157 28.460 -100.00 -100.00 -100.00
 196    90.103 56595.61367957 21.04 204.774624  64.839320   -100 -100.00 -100.00 -100.00
 197    93.779 56605.52933056 17.78 204.757949  64.839710 12.364 -100.00 -100.00 -100.00
 197    91.701 56605.52933115 21.84 204.763798  64.838873 13.555 -100.00 -100.00 -100.00
 197    89.357 56605.52933174  7.02 204.769646  64.838036 19.794 -100.00 -100.00 -100.00
 197   107.820 56605.52933233  1.53 204.775494  64.837198 12.800 -100.00 -100.00 -100.00
 198    44.757 56615.44497791 32.31 204.753740  64.838843 28.090 -100.00 -100.00 -100.00
 198    44.808 56615.44497850 33.16 204.759589  64.838006 29.028 -100.00 -100.00 -100.00
 198    44.747 56615.44497909 35.96 204.765437  64.837168   -100 -100.00 -100.00 -100.00
 198    44.928 56615.44497968 30.57 204.771285  64.836331 26.332 -100.00 -100.00 -100.00
 199    44.502 56625.36062169 27.70 204.751867  64.839069 23.964 -100.00 -100.00 -100.00
 199    44.521 56625.36062229 28.88 204.757716  64.838232 25.137 -100.00 -100.00 -100.00
 199    44.413 56625.36062288 25.80 204.763564  64.837394 21.211 -100.00 -100.00 -100.00
 199    44.397 56625.36062347 26.09 204.769412  64.836557 19.651 -100.00 -100.00 -100.00
 200    44.564 56635.27626301 31.24 204.753482  64.839367 24.703 -100.00 -100.00 -100.00
 200    44.598 56635.27626360 32.49 204.759331  64.838530 30.470 -100.00 -100.00 -100.00
 200    44.588 56635.27626419 30.39 204.765179  64.837692 23.094 -100.00 -100.00 -100.00
 200    44.643 56635.27626478 30.29 204.771028  64.836855 22.261 -100.00 -100.00 -100.00
 201    44.753 56645.19190164 30.76 204.756886  64.839229 26.936 -100.00 -100.00 -100.00
 201    44.886 56645.19190223 29.41 204.762735  64.838392 22.394 -100.00 -100.00 -100.00
 201    45.091 56645.19190282 28.74 204.768583  64.837554 16.559 -100.00 -100.00 -100.00
 201    44.758 56645.19190341 29.53 204.774431  64.836717 20.914 -100.00 -100.00 -100.00
 202    44.880 56655.10755386 20.86 204.752134  64.838370  9.019 -100.00 -100.00 -100.00
 202    44.941 56655.10755445 23.08 204.757983  64.837533 13.903 -100.00 -100.00 -100.00
 202    44.971 56655.10755504 22.58 204.763832  64.836695 12.639 -100.00 -100.00 -100.00
 202    44.965 56655.10755563 21.61 204.769680  64.835858 10.240 -100.00 -100.00 -100.00
 203    44.620 56665.02320224 21.64 204.751380  64.836582 13.654 -100.00 -100.00 -100.00
 203    44.808 56665.02320283 21.15 204.757229  64.835745 11.276 -100.00 -100.00 -100.00
 203    44.902 56665.02320342 21.31 204.763077  64.834908  9.659 -100.00 -100.00 -100.00
 204    44.485 56674.93884749 20.39 204.746378  64.836491 10.862 -100.00 -100.00 -100.00
 204    44.478 56674.93884808 21.10 204.752226  64.835654 11.961 -100.00 -100.00 -100.00
 204    44.603 56674.93884867 20.86 204.758075  64.834817 12.977 -100.00 -100.00 -100.00
 204    44.846 56674.93884926 19.85 204.763923  64.833979  9.533 -100.00 -100.00 -100.00
 205    44.101 56684.85449222 20.03 204.747860  64.837213 12.817 -100.00 -100.00 -100.00
 205    44.257 56684.85449281 20.62 204.753709  64.836376 16.113 -100.00 -100.00 -100.00
 205    44.280 56684.85449340 18.25 204.759557  64.835539  9.908 -100.00 -100.00 -100.00
 205    44.455 56684.85449399 19.55 204.765405  64.834702 11.690 -100.00 -100.00 -100.00
 206    44.728 56694.77013494 13.77 204.749881  64.838667  5.275 -100.00 -100.00 -100.00
 206    44.723 56694.77013553 14.54 204.755730  64.837830  7.397 -100.00 -100.00 -100.00
 206    45.066 56694.77013612 14.70 204.761578  64.836993  6.457 -100.00 -100.00 -100.00
 206    45.080 56694.77013671 14.69 204.767426  64.836155  6.851 -100.00 -100.00 -100.00
 207    44.732 56704.68577351 13.01 204.754582  64.839306  5.130 -100.00 -100.00 -100.00
 207    44.836 56704.68577410 13.77 204.760430  64.838469  5.821 -100.00 -100.00 -100.00
 207    44.956 56704.68577469 13.35 204.766279  64.837631  4.887 -100.00 -100.00 -100.00
 207    44.858 56704.68577528 13.99 204.772126  64.836794  5.818 -100.00 -100.00 -100.00
 208    44.649 56714.60140614 12.82 204.753289  64.839447  4.858 -100.00 -100.00 -100.00
 208    44.847 56714.60140673 13.23 204.759137  64.838610  4.461 -100.00 -100.00 -100.00
 208    44.941 56714.60140732 14.13 204.764986  64.837773  6.209 -100.00 -100.00 -100.00
 208    45.097 56714.60140791 13.38 204.770833  64.836936  4.868 -100.00 -100.00 -100.00
 210    44.951 56734.43270726 12.92 204.749745  64.837717  4.859 -100.00 -100.00 -100.00
 210    45.020 56734.43270785 13.42 204.755592  64.836880  5.382 -100.00 -100.00 -100.00
 210    45.347 56734.43270844 13.31 204.761440  64.836043  4.547 -100.00 -100.00 -100.00
 210    45.241 56734.43270903 13.73 204.767287  64.835205  5.165 -100.00 -100.00 -100.00
 211    44.789 56744.34835401 11.70 204.751000  64.838865  4.366 -100.00 -100.00 -100.00
 211    44.836 56744.34835460 12.05 204.756848  64.838028  4.390 -100.00 -100.00 -100.00
 211    45.378 56744.34835519 11.90 204.762695  64.837191  4.230 -100.00 -100.00 -100.00
 211    45.429 56744.34835578 12.13 204.768543  64.836353  4.649 -100.00 -100.00 -100.00
 212    44.743 56754.26399679 11.19 204.756114  64.840173  4.509 -100.00 -100.00 -100.00
 212    44.909 56754.26399738 11.65 204.761963  64.839336  4.521 -100.00 -100.00 -100.00
 212    45.182 56754.26399797 11.72 204.767811  64.838498  4.733 -100.00 -100.00 -100.00
 212    45.474 56754.26399856 12.29 204.773658  64.837661  5.873 -100.00 -100.00 -100.00
 213    43.840 56764.17963500 25.98 204.769740  64.839559   -100 -100.00 -100.00 -100.00
 213    43.686 56764.17963559 25.85 204.775588  64.838721   -100 -100.00 -100.00 -100.00
 214    72.869 56774.09526961  8.93 204.761308  64.840531 13.617 -100.00 -100.00 -100.00
 214   104.908 56774.09527020  4.67 204.767157  64.839694  7.104 -100.00 -100.00 -100.00
 214   104.683 56774.09527079  2.47 204.773005  64.838857  3.882 -100.00 -100.00 -100.00
 215   102.085 56784.01092654 16.65 204.757866  64.839200 11.423 -100.00 -100.00 -100.00
 215    98.149 56784.01092714 18.65 204.763715  64.838363 13.861 -100.00 -100.00 -100.00
 215    94.175 56784.01092773 26.16 204.769563  64.837525 29.879 -100.00 -100.00 -100.00
 216   102.783 56793.92657973  7.94 204.753524  64.838551  4.951 -100.00 -100.00 -100.00
 216   105.098 56793.92658032  7.45 204.759372  64.837713  7.364 -100.00 -100.00 -100.00
 216   102.212 56793.92658091 15.78 204.765220  64.836876 10.656 -100.00 -100.00 -100.00
 216   102.967 56793.92658150 15.77 204.771067  64.836038 10.585 -100.00 -100.00 -100.00
 217   101.999 56803.84223013 18.89 204.753810  64.838073 10.507 -100.00 -100.00 -100.00
 217    98.227 56803.84223072 21.11 204.759658  64.837235 10.100 -100.00 -100.00 -100.00
 217    94.157 56803.84223131 27.26 204.765506  64.836397 25.328 -100.00 -100.00 -100.00
 217   110.149 56803.84223190  2.20 204.771353  64.835560  9.481 -100.00 -100.00 -100.00
 218    86.918 56813.75787268  9.71 204.750811  64.838589 13.931 -100.00 -100.00 -100.00
 218    72.503 56813.75787327  7.63 204.756659  64.837752  6.042 -100.00 -100.00 -100.00
 218   103.770 56813.75787386  6.49 204.762506  64.836914  7.395 -100.00 -100.00 -100.00
 218   101.324 56813.75787445  8.70 204.768354  64.836077  8.051 -100.00 -100.00 -100.00
 219    71.968 56823.67351237 11.40 204.753818  64.837810 10.153 -100.00 -100.00 -100.00
 219    56.789 56823.67351296 14.85 204.759665  64.836973 12.454 -100.00 -100.00 -100.00
 219    46.855 56823.67351355 16.16 204.765513  64.836135 14.853 -100.00 -100.00 -100.00
 221   103.747 56843.50477941 21.62 204.752896  64.837311 17.160 -100.00 -100.00 -100.00
 221   103.440 56843.50478000 23.05 204.758743  64.836474  9.975 -100.00 -100.00 -100.00
 221    98.758 56843.50478059 23.14 204.764590  64.835637  9.238 -100.00 -100.00 -100.00
 222    72.108 56853.42042119  8.81 204.750363  64.837989  8.600 -100.00 -100.00 -100.00
 222    71.994 56853.42042178 10.48 204.756211  64.837152  8.136 -100.00 -100.00 -100.00
 222    47.007 56853.42042237 15.07 204.762058  64.836315 17.294 -100.00 -100.00 -100.00
 222    46.779 56853.42042296 16.47 204.767905  64.835478 14.779 -100.00 -100.00 -100.00
 223    46.899 56863.33607533 18.71 204.752947  64.837921 21.526 -100.00 -100.00 -100.00
 223    47.004 56863.33607592 18.70 204.758795  64.837084 14.648 -100.00 -100.00 -100.00
 223    46.468 56863.33607651 21.95 204.764642  64.836247 19.410 -100.00 -100.00 -100.00
 223    46.542 56863.33607710 23.89 204.770490  64.835409 24.999 -100.00 -100.00 -100.00
 224    46.924 56873.25172850 48.42 204.751709  64.838492   -100 -100.00 -100.00 -100.00
 224    47.067 56873.25172909 48.45 204.757557  64.837655   -100 -100.00 -100.00 -100.00
 224    46.758 56873.25172968 52.47 204.763405  64.836817 16.726 -100.00 -100.00 -100.00
 224    46.822 56873.25173027 54.51 204.769252  64.835980 29.645 -100.00 -100.00 -100.00
 225    72.677 56883.16737861  4.87 204.751158  64.838514  4.954 -100.00 -100.00 -100.00
 225    71.997 56883.16737921 13.45 204.757007  64.837676 20.294 -100.00 -100.00 -100.00
 225    47.483 56883.16737980 13.06 204.762855  64.836839 13.748 -100.00 -100.00 -100.00
 225    47.450 56883.16738039 16.22 204.768702  64.836002 11.323 -100.00 -100.00 -100.00
 226    94.407 56893.08302556 23.25 204.752959  64.837937 11.639 -100.00 -100.00 -100.00
 226    92.250 56893.08302615 27.83 204.758808  64.837099   -100 -100.00 -100.00 -100.00
 226    92.220 56893.08302674 10.39 204.764656  64.836262 29.867 -100.00 -100.00 -100.00
 226    92.459 56893.08302733 14.49 204.770503  64.835424   -100 -100.00 -100.00 -100.00
 227    72.435 56902.99866880  9.64 204.749172  64.838164  6.895 -100.00 -100.00 -100.00
 227    72.658 56902.99866939  8.35 204.755021  64.837327  6.021 -100.00 -100.00 -100.00
 227    71.958 56902.99866998 13.00 204.760869  64.836489 13.240 -100.00 -100.00 -100.00
 227    46.496 56902.99867057 15.00 204.766717  64.835652 16.618 -100.00 -100.00 -100.00
 228    84.211 56912.91431063  7.18 204.750977  64.838565  7.947 -100.00 -100.00 -100.00
 228    72.066 56912.91431122 13.50 204.756825  64.837728 18.046 -100.00 -100.00 -100.00
 228    46.376 56912.91431181 14.73 204.762673  64.836891 17.590 -100.00 -100.00 -100.00
 228    46.391 56912.91431240 15.95 204.768521  64.836053 14.914 -100.00 -100.00 -100.00
 229    73.465 56922.82995076  6.42 204.752515  64.839640  5.633 -100.00 -100.00 -100.00
 229    72.370 56922.82995136  7.24 204.758364  64.838802  5.433 -100.00 -100.00 -100.00
 229    72.423 56922.82995195  6.72 204.764212  64.837965  6.073 -100.00 -100.00 -100.00
 229    46.411 56922.82995254 15.17 204.770060  64.837127 22.985 -100.00 -100.00 -100.00
 230   101.163 56932.74558906 11.86 204.759205  64.840166 13.014 -100.00 -100.00 -100.00
 230   101.944 56932.74558965 14.77 204.765054  64.839329 10.188 -100.00 -100.00 -100.00
 230    99.928 56932.74559024 15.66 204.770902  64.838491 12.518 -100.00 -100.00 -100.00
 230    96.165 56932.74559083 23.28 204.776750  64.837653 13.536 -100.00 -100.00 -100.00
 231   102.130 56942.66122174 21.13 204.761840  64.840530 10.498 -100.00 -100.00 -100.00
 231    99.547 56942.66122233 13.81 204.767689  64.839693 10.516 -100.00 -100.00 -100.00
 231    95.072 56942.66122292 25.16 204.773537  64.838855 18.971 -100.00 -100.00 -100.00
 232    92.568 56952.57686553 21.04 204.755518  64.840732 12.907 -100.00 -100.00 -100.00
 232    90.668 56952.57686613 25.09 204.761367  64.839895 20.136 -100.00 -100.00 -100.00
 232    90.275 56952.57686672 31.32 204.767215  64.839057   -100 -100.00 -100.00 -100.00
 232    90.340 56952.57686731 21.48 204.773063  64.838220 18.628 -100.00 -100.00 -100.00
 233    91.178 56962.49251660 23.15 204.757648  64.839078 16.093 -100.00 -100.00 -100.00
 233    90.978 56962.49251719 27.07 204.763496  64.838241 28.850 -100.00 -100.00 -100.00
 233   104.747 56962.49251778  5.27 204.769344  64.837404   -100 -100.00 -100.00 -100.00
 234    45.795 56972.40816224 36.26 204.755297  64.838901 17.895 -100.00 -100.00 -100.00
 234    44.800 56972.40816283 41.19 204.761145  64.838063 23.806 -100.00 -100.00 -100.00
 234    44.222 56972.40816342 35.01 204.766993  64.837226   -100 -100.00 -100.00 -100.00
 234    44.210 56972.40816401 34.47 204.772840  64.836388   -100 -100.00 -100.00 -100.00
 235    45.799 56982.32380357 33.37 204.752576  64.839480 24.699 -100.00 -100.00 -100.00
 235    45.974 56982.32380416 36.29 204.758425  64.838642 32.237 -100.00 -100.00 -100.00
 235    45.835 56982.32380475 36.36 204.764273  64.837805 32.168 -100.00 -100.00 -100.00
 235    46.000 56982.32380534 34.83 204.770121  64.836967 27.881 -100.00 -100.00 -100.00
 236    44.815 56992.23944078 26.68 204.754190  64.839348 13.896 -100.00 -100.00 -100.00
 236    44.966 56992.23944137 26.90 204.760039  64.838511 14.835 -100.00 -100.00 -100.00
 236    45.106 56992.23944196 26.63 204.765888  64.837674 13.198 -100.00 -100.00 -100.00
 236    45.183 56992.23944255 27.60 204.771735  64.836836 16.000 -100.00 -100.00 -100.00
 237    44.883 57002.15507474 23.71 204.755824  64.838579 12.360 -100.00 -100.00 -100.00
 237    44.884 57002.15507533 23.90 204.761673  64.837742 12.477 -100.00 -100.00 -100.00
 237    45.028 57002.15507592 24.76 204.767521  64.836905 14.950 -100.00 -100.00 -100.00
 238    44.448 57012.07073128 23.18 204.748574  64.837860 10.684 -100.00 -100.00 -100.00
 238    44.964 57012.07073187 23.11 204.754423  64.837023 11.599 -100.00 -100.00 -100.00
 238    44.924 57012.07073246 23.95 204.760271  64.836186 14.293 -100.00 -100.00 -100.00
 238    44.668 57012.07073305 24.57 204.766119  64.835349 14.810 -100.00 -100.00 -100.00
 239    44.873 57021.98638311 20.22 204.751589  64.836617  9.365 -100.00 -100.00 -100.00
 239    44.918 57021.98638370 20.74 204.757438  64.835780  9.414 -100.00 -100.00 -100.00
 239    44.711 57021.98638429 20.67 204.763286  64.834942  9.704 -100.00 -100.00 -100.00
 240    44.711 57031.90203181 20.69 204.751858  64.837381  9.670 -100.00 -100.00 -100.00
 240    44.517 57031.90203240 21.13 204.757706  64.836544 11.323 -100.00 -100.00 -100.00
 240    44.654 57031.90203299 20.78 204.763555  64.835707  9.061 -100.00 -100.00 -100.00
 240    44.679 57031.90203358 21.77 204.769402  64.834869 11.268 -100.00 -100.00 -100.00
 241    44.056 57041.81767837 20.32 204.750925  64.838614 10.749 -100.00 -100.00 -100.00
 241    44.467 57041.81767896 20.03 204.756773  64.837777 10.622 -100.00 -100.00 -100.00
 241    44.364 57041.81767955 20.01 204.762622  64.836939 10.394 -100.00 -100.00 -100.00
 241    44.408 57041.81768014 20.42 204.768469  64.836102 10.901 -100.00 -100.00 -100.00
 242    44.313 57051.73332329 17.66 204.754364  64.838719  9.071 -100.00 -100.00 -100.00
 242    44.324 57051.73332388 18.07 204.760213  64.837881  9.981 -100.00 -100.00 -100.00
 242    44.070 57051.73332447 19.20 204.766061  64.837044 10.797 -100.00 -100.00 -100.00
 242    44.068 57051.73332506 19.40 204.771908  64.836206 12.521 -100.00 -100.00 -100.00
 243    44.419 57061.64896353 16.05 204.753004  64.838568  6.567 -100.00 -100.00 -100.00
 243    44.161 57061.64896413 16.62 204.758853  64.837731  7.133 -100.00 -100.00 -100.00
 243    44.278 57061.64896472 16.50 204.764700  64.836894  8.303 -100.00 -100.00 -100.00
 243    44.239 57061.64896531 16.45 204.770548  64.836056  7.116 -100.00 -100.00 -100.00
 244    44.388 57071.56459833 15.46 204.751791  64.838565  7.282 -100.00 -100.00 -100.00
 244    44.041 57071.56459892 16.95 204.757640  64.837728 10.157 -100.00 -100.00 -100.00
 244    44.136 57071.56459951 16.56 204.763487  64.836891  8.984 -100.00 -100.00 -100.00
 244    44.370 57071.56460010 16.12 204.769335  64.836054  7.865 -100.00 -100.00 -100.00
 245    77.811 57081.48022902  5.76 204.752554  64.839316  7.052 -100.00 -100.00 -100.00
 245    67.643 57081.48022961  6.57 204.758402  64.838480  7.490 -100.00 -100.00 -100.00
 245    65.717 57081.48023020 11.47 204.764250  64.837643 14.507 -100.00 -100.00 -100.00
 245    45.155 57081.48023079 14.69 204.770097  64.836806 16.290 -100.00 -100.00 -100.00
 246    44.551 57091.39587294 18.28 204.757718  64.840022  5.670 -100.00 -100.00 -100.00
 246    44.976 57091.39587353 19.63 204.763567  64.839185  7.945 -100.00 -100.00 -100.00
 246    44.684 57091.39587412 19.16 204.769415  64.838348  6.742 -100.00 -100.00 -100.00
 246    44.818 57091.39587471 19.44 204.775262  64.837510  7.320 -100.00 -100.00 -100.00
 247    80.477 57101.31153028  5.74 204.757428  64.841052  7.191 -100.00 -100.00 -100.00
 247    79.072 57101.31153087  4.04 204.763277  64.840214  4.642 -100.00 -100.00 -100.00
 247    77.147 57101.31153146  4.38 204.769125  64.839377  6.979 -100.00 -100.00 -100.00
 247    75.419 57101.31153205  4.44 204.774973  64.838539  6.917 -100.00 -100.00 -100.00
 248    44.758 57111.22718465 13.80 204.759839  64.840761  5.254 -100.00 -100.00 -100.00
 248    44.915 57111.22718524 13.72 204.765687  64.839924  4.734 -100.00 -100.00 -100.00
 248    45.140 57111.22718583 13.80 204.771535  64.839086  5.171 -100.00 -100.00 -100.00
 248    44.706 57111.22718642 14.77 204.777383  64.838248  7.166 -100.00 -100.00 -100.00
 249    45.099 57121.14283294  8.32 204.758119  64.839874  4.526 -100.00 -100.00 -100.00
 249    56.697 57121.14283353  8.53 204.763967  64.839037  4.142 -100.00 -100.00 -100.00
 249    64.078 57121.14283412  8.64 204.769815  64.838199  4.242 -100.00 -100.00 -100.00
 249    45.354 57121.14283471  9.37 204.775663  64.837361  5.011 -100.00 -100.00 -100.00
 250    68.574 57131.05847557  5.23 204.756347  64.838644  9.004 -100.00 -100.00 -100.00
 250    66.645 57131.05847616  7.05 204.762195  64.837807 12.931 -100.00 -100.00 -100.00
 250    83.928 57131.05847675  1.06 204.768043  64.836969  4.550 -100.00 -100.00 -100.00
 251    77.752 57140.97411314  5.52 204.756093  64.838447  5.522 -100.00 -100.00 -100.00
 251    83.549 57140.97411373  5.61 204.761941  64.837609  5.552 -100.00 -100.00 -100.00
 251    89.763 57140.97411432  4.35 204.767789  64.836772  3.835 -100.00 -100.00 -100.00
 252    57.156 57150.88974729 18.25 204.755450  64.839603 28.033 -100.00 -100.00 -100.00
 252   101.886 57150.88974788 22.34 204.761299  64.838766 20.323 -100.00 -100.00 -100.00
 252   100.228 57150.88974847 20.22 204.767147  64.837929 19.800 -100.00 -100.00 -100.00
 252   104.897 57150.88974906  5.30 204.772995  64.837091 10.667 -100.00 -100.00 -100.00
 253    47.722 57160.80537883 18.09 204.760459  64.840036 20.779 -100.00 -100.00 -100.00
 253    47.328 57160.80537942 19.69 204.766307  64.839199 17.615 -100.00 -100.00 -100.00
 253    47.257 57160.80538001 22.46 204.772155  64.838362 24.855 -100.00 -100.00 -100.00
 254    68.389 57170.72103289 10.88 204.754324  64.839787 10.409 -100.00 -100.00 -100.00
 254    66.634 57170.72103348 12.83 204.760172  64.838950 13.100 -100.00 -100.00 -100.00
 254    48.629 57170.72103407 15.49 204.766020  64.838113 13.592 -100.00 -100.00 -100.00
 254    48.365 57170.72103466 17.32 204.771868  64.837275 17.985 -100.00 -100.00 -100.00
 255   103.943 57180.63668814 16.01 204.753608  64.837708  9.129 -100.00 -100.00 -100.00
 255    99.556 57180.63668873 21.11 204.759456  64.836871  9.768 -100.00 -100.00 -100.00
 255    95.164 57180.63668932 31.51 204.765303  64.836034 28.515 -100.00 -100.00 -100.00
 256    90.815 57190.55233868  2.55 204.745783  64.837044  4.420 -100.00 -100.00 -100.00
 256    90.169 57190.55233927  2.05 204.751631  64.836207  3.739 -100.00 -100.00 -100.00
 257    92.152 57200.46798684 23.15 204.749135  64.836652 18.561 -100.00 -100.00 -100.00
 257    91.999 57200.46798743 28.16 204.754983  64.835815 27.105 -100.00 -100.00 -100.00
 257    91.925 57200.46798802 32.15 204.760830  64.834978   -100 -100.00 -100.00 -100.00
 257    91.928 57200.46798861 17.50 204.766676  64.834141 10.464 -100.00 -100.00 -100.00
 258    93.032 57210.38362078 22.30 204.748715  64.838262 14.040 -100.00 -100.00 -100.00
 258    93.147 57210.38362137 27.35 204.754563  64.837426 16.567 -100.00 -100.00 -100.00
 258    92.463 57210.38362196 31.30 204.760411  64.836588   -100 -100.00 -100.00 -100.00
 258    92.708 57210.38362255 21.03 204.766258  64.835751   -100 -100.00 -100.00 -100.00
 259   103.573 57220.29926518 12.51 204.754850  64.838965  6.947 -100.00 -100.00 -100.00
 259    97.500 57220.29926578 15.84 204.760698  64.838127 12.180 -100.00 -100.00 -100.00
 259    93.639 57220.29926637 21.31 204.766546  64.837290 22.185 -100.00 -100.00 -100.00
 259    91.686 57220.29926696 24.16 204.772393  64.836452   -100 -100.00 -100.00 -100.00
 260   102.809 57230.21490811  3.87 204.756772  64.838898  3.486 -100.00 -100.00 -100.00
 260   104.044 57230.21490870  2.40 204.762620  64.838061  5.624 -100.00 -100.00 -100.00
 260   106.725 57230.21490929  1.65 204.768468  64.837224  2.904 -100.00 -100.00 -100.00
 261    83.726 57240.13054866  4.49 204.757445  64.838239  7.683 -100.00 -100.00 -100.00
 261    99.655 57240.13054925  3.32 204.763293  64.837402  7.082 -100.00 -100.00 -100.00
 261    99.464 57240.13054984  0.60 204.769141  64.836564  4.340 -100.00 -100.00 -100.00
 262   102.287 57250.04618614 13.29 204.755640  64.838030  8.932 -100.00 -100.00 -100.00
 262    97.294 57250.04618673 22.57 204.761489  64.837192 12.702 -100.00 -100.00 -100.00
 262    93.456 57250.04618732 31.58 204.767337  64.836355  3.728 -100.00 -100.00 -100.00
 263    72.382 57259.96182161 11.16 204.756733  64.838893 14.468 -100.00 -100.00 -100.00
 263    46.164 57259.96182220 14.91 204.762581  64.838056 24.231 -100.00 -100.00 -100.00
 263    46.354 57259.96182279 15.33 204.768430  64.837219 19.007 -100.00 -100.00 -100.00
 264    47.737 57269.87745578 17.41 204.757986  64.840833   -100 -100.00 -100.00 -100.00
 264    72.229 57269.87745637  9.48 204.763835  64.839996  8.114 -100.00 -100.00 -100.00
 264    47.675 57269.87745696 23.40 204.769684  64.839159 15.340 -100.00 -100.00 -100.00
 264    47.505 57269.87745755 18.55 204.775533  64.838321 11.600 -100.00 -100.00 -100.00
 265    74.457 57279.79310845 11.99 204.759019  64.842041 13.461 -100.00 -100.00 -100.00
 265    92.913 57279.79310904 15.42 204.764868  64.841204 16.503 -100.00 -100.00 -100.00
 265    93.071 57279.79310963 15.57 204.770717  64.840366 15.727 -100.00 -100.00 -100.00
 265    93.633 57279.79311022 19.64 204.776566  64.839529 21.428 -100.00 -100.00 -100.00
 266    47.146 57289.70876411 21.59 204.758942  64.841717  8.068 -100.00 -100.00 -100.00
 266    47.102 57289.70876470 22.11 204.764791  64.840880  7.440 -100.00 -100.00 -100.00
 266    47.476 57289.70876529 22.49 204.770640  64.840043  7.122 -100.00 -100.00 -100.00
 266    47.186 57289.70876588 24.62 204.776488  64.839205  9.667 -100.00 -100.00 -100.00
 267   102.147 57299.62441699 16.10 204.759268  64.839849 10.717 -100.00 -100.00 -100.00
 267    96.819 57299.62441758 21.32 204.765116  64.839011 13.370 -100.00 -100.00 -100.00
 267    93.492 57299.62441817 31.59 204.770964  64.838174   -100 -100.00 -100.00 -100.00
 268   100.945 57309.54006564 12.19 204.753524  64.838410  8.755 -100.00 -100.00 -100.00
 268   103.171 57309.54006623 21.09 204.759372  64.837572 12.560 -100.00 -100.00 -100.00
 268    99.728 57309.54006682 18.03 204.765220  64.836735 10.931 -100.00 -100.00 -100.00
 268    94.690 57309.54006741 18.10 204.771067  64.835898   -100 -100.00 -100.00 -100.00
 269   101.212 57319.45571124 20.01 204.753428  64.837482 11.993 -100.00 -100.00 -100.00
 269    97.807 57319.45571183 17.20 204.759276  64.836645 13.573 -100.00 -100.00 -100.00
 269    93.155 57319.45571242 27.06 204.765123  64.835808   -100 -100.00 -100.00 -100.00
 270    93.963 57329.37135394 21.17 204.755120  64.837898 12.797 -100.00 -100.00 -100.00
 270    91.199 57329.37135453 26.55 204.760968  64.837060   -100 -100.00 -100.00 -100.00
 270    91.225 57329.37135512 17.55 204.766815  64.836223   -100 -100.00 -100.00 -100.00
 271    91.912 57339.28699394 19.16 204.752550  64.839770 23.168 -100.00 -100.00 -100.00
 271    90.963 57339.28699453 22.43 204.758399  64.838933 16.230 -100.00 -100.00 -100.00
 271    90.659 57339.28699512 24.17 204.764247  64.838096   -100 -100.00 -100.00 -100.00
 271   110.214 57339.28699571  2.84 204.770095  64.837258 15.360 -100.00 -100.00 -100.00
 272    45.069 57349.20264333 29.45 204.753804  64.839178   -100 -100.00 -100.00 -100.00
 272    45.175 57349.20264392 30.43 204.759653  64.838341   -100 -100.00 -100.00 -100.00
 272    45.155 57349.20264451 28.95 204.765501  64.837503   -100 -100.00 -100.00 -100.00
 272    45.120 57349.20264510 26.19 204.771349  64.836665 24.580 -100.00 -100.00 -100.00
 273    45.361 57359.11828858 18.90 204.748024  64.838098 14.018 -100.00 -100.00 -100.00
 273    45.373 57359.11828917 18.68 204.753873  64.837261 15.422 -100.00 -100.00 -100.00
 273    45.618 57359.11828976 18.22 204.759721  64.836423 12.620 -100.00 -100.00 -100.00
 273    45.572 57359.11829035 18.84 204.765570  64.835586 15.303 -100.00 -100.00 -100.00
 274    45.873 57369.03393139 17.60 204.749604  64.835858 11.387 -100.00 -100.00 -100.00
 274    45.779 57369.03393198 17.26 204.755453  64.835021 10.547 -100.00 -100.00 -100.00
 274    45.957 57369.03393257 17.25 204.761301  64.834184 10.378 -100.00 -100.00 -100.00
 275    45.968 57378.94957089 18.70 204.745493  64.836544 14.474 -100.00 -100.00 -100.00
 275    45.925 57378.94957148 19.38 204.751342  64.835707 15.012 -100.00 -100.00 -100.00
 275    46.045 57378.94957207 18.30 204.757190  64.834870 13.292 -100.00 -100.00 -100.00
 275    46.098 57378.94957266 17.45 204.763038  64.834033  9.944 -100.00 -100.00 -100.00
 276    45.709 57388.86520981 16.63 204.751151  64.838164 10.696 -100.00 -100.00 -100.00
 276    45.908 57388.86521040 15.72 204.757000  64.837327  8.700 -100.00 -100.00 -100.00
 276    45.744 57388.86521099 17.13 204.762848  64.836490 10.701 -100.00 -100.00 -100.00
 276    45.856 57388.86521158 17.10 204.768697  64.835652  8.721 -100.00 -100.00 -100.00
 277    45.384 57398.78084783 17.42 204.756737  64.839975 13.696 -100.00 -100.00 -100.00
 277    45.551 57398.78084842 15.60 204.762586  64.839138  9.932 -100.00 -100.00 -100.00
 277    45.478 57398.78084901 16.89 204.768435  64.838300 11.409 -100.00 -100.00 -100.00
 277    45.539 57398.78084960 16.53 204.774283  64.837463  9.614 -100.00 -100.00 -100.00
 278    68.949 57408.69648474  1.10 204.757122  64.840792  7.850 -100.00 -100.00 -100.00
 278    79.232 57408.69648533  0.09 204.762971  64.839955  5.667 -100.00 -100.00 -100.00
 279    45.254 57418.61213795 13.74 204.757217  64.838954  8.283 -100.00 -100.00 -100.00
 279    45.201 57418.61213854 14.49 204.763066  64.838117  7.965 -100.00 -100.00 -100.00
 279    45.232 57418.61213913 15.61 204.768914  64.837280 10.316 -100.00 -100.00 -100.00
 280    45.006 57428.52778826 16.09 204.754787  64.837776 10.192 -100.00 -100.00 -100.00
 280    45.184 57428.52778885 15.61 204.760635  64.836939  9.998 -100.00 -100.00 -100.00
 280    45.059 57428.52778944 16.39 204.766482  64.836102 10.773 -100.00 -100.00 -100.00
 281    44.886 57438.44343583 16.69 204.751502  64.838634 10.664 -100.00 -100.00 -100.00
 281    44.814 57438.44343642 17.49 204.757350  64.837797 13.767 -100.00 -100.00 -100.00
 281    44.960 57438.44343701 15.65 204.763198  64.836960  8.289 -100.00 -100.00 -100.00
 281    44.895 57438.44343760 15.68 204.769045  64.836123  8.131 -100.00 -100.00 -100.00
 282    44.776 57448.35908310 13.82 204.759595  64.839560  8.136 -100.00 -100.00 -100.00
 282    44.833 57448.35908369 14.55 204.765443  64.838723  8.915 -100.00 -100.00 -100.00
 282    44.968 57448.35908428 14.89 204.771291  64.837885  9.048 -100.00 -100.00 -100.00
 283    44.547 57458.27472822 13.20 204.758037  64.841521  7.676 -100.00 -100.00 -100.00
 283    44.826 57458.27472881 12.12 204.763886  64.840683  6.459 -100.00 -100.00 -100.00
 283    44.878 57458.27472940 13.75 204.769734  64.839846  7.658 -100.00 -100.00 -100.00
 283    44.749 57458.27472999 13.92 204.775582  64.839008  8.130 -100.00 -100.00 -100.00
 284    44.605 57468.19037089 12.05 204.759313  64.841342  7.727 -100.00 -100.00 -100.00
 284    44.667 57468.19037148 11.76 204.765162  64.840504  6.872 -100.00 -100.00 -100.00
 284    44.882 57468.19037207 11.57 204.771010  64.839667  6.132 -100.00 -100.00 -100.00
 284    44.768 57468.19037266 12.17 204.776859  64.838829  6.349 -100.00 -100.00 -100.00
 285    44.463 57478.10600943  9.62 204.758073  64.839802  4.392 -100.00 -100.00 -100.00
 285    44.129 57478.10601002 12.69 204.763922  64.838965 10.076 -100.00 -100.00 -100.00
 285    44.517 57478.10601062 11.29 204.769771  64.838128  7.300 -100.00 -100.00 -100.00
 285    44.840 57478.10601121 10.32 204.775619  64.837290  4.931 -100.00 -100.00 -100.00
 287    42.485 57497.93727763 17.04 204.750498  64.838824   -100 -100.00 -100.00 -100.00
 287    42.619 57497.93727822 16.80 204.756347  64.837987   -100 -100.00 -100.00 -100.00
 287    42.975 57497.93727881 15.04 204.762196  64.837150 22.633 -100.00 -100.00 -100.00
 287    43.047 57497.93727940 18.67 204.768044  64.836313   -100 -100.00 -100.00 -100.00
 288    73.441 57507.85291810  6.24 204.756833  64.839262  6.746 -100.00 -100.00 -100.00
 288    73.245 57507.85291869  4.78 204.762682  64.838425  5.081 -100.00 -100.00 -100.00
 288   100.754 57507.85291928  3.39 204.768530  64.837588  3.113 -100.00 -100.00 -100.00
 288    99.271 57507.85291987  3.91 204.774378  64.836750  3.053 -100.00 -100.00 -100.00
 289   101.817 57517.76857409 15.81 204.754830  64.840003 13.106 -100.00 -100.00 -100.00
 289   103.101 57517.76857468 23.47 204.760679  64.839166 14.033 -100.00 -100.00 -100.00
 289   100.039 57517.76857527 20.28 204.766527  64.838329 11.757 -100.00 -100.00 -100.00
 289    95.334 57517.76857586 28.64 204.772375  64.837491   -100 -100.00 -100.00 -100.00
 290   104.693 57527.68422751 21.17 204.755403  64.839469 10.183 -100.00 -100.00 -100.00
 290   100.778 57527.68422810 19.49 204.761252  64.838632  9.077 -100.00 -100.00 -100.00
 290    96.704 57527.68422869 28.60 204.767100  64.837794 13.323 -100.00 -100.00 -100.00
 290    94.704 57527.68422928 29.46 204.772947  64.836957   -100 -100.00 -100.00 -100.00
 291   103.630 57537.59987799  8.21 204.753222  64.837741  6.170 -100.00 -100.00 -100.00
 291   101.386 57537.59987858 11.55 204.759070  64.836904 11.033 -100.00 -100.00 -100.00
 291    98.299 57537.59987917  4.74 204.764917  64.836067  4.632 -100.00 -100.00 -100.00
 292    72.270 57547.51552569 10.17 204.750047  64.836292 12.453 -100.00 -100.00 -100.00
 292    78.363 57547.51552628  5.29 204.755894  64.835455  5.562 -100.00 -100.00 -100.00
 292    71.819 57547.51552687  4.19 204.761741  64.834618  4.309 -100.00 -100.00 -100.00
 293    48.006 57557.43117179 42.51 204.747295  64.836366 19.210 -100.00 -100.00 -100.00
 293    47.404 57557.43117239 48.18 204.753142  64.835529   -100 -100.00 -100.00 -100.00
 293    47.181 57557.43117298 52.28 204.758989  64.834692   -100 -100.00 -100.00 -100.00
 293    47.326 57557.43117357 51.09 204.764836  64.833855   -100 -100.00 -100.00 -100.00
 294   102.647 57567.34681706 13.39 204.748907  64.837972  8.726 -100.00 -100.00 -100.00
 294   103.940 57567.34681765 19.13 204.754755  64.837135 10.090 -100.00 -100.00 -100.00
 294    94.112 57567.34681824 29.35 204.760602  64.836298 26.927 -100.00 -100.00 -100.00
 294    94.129 57567.34681883 29.45 204.766450  64.835460 30.587 -100.00 -100.00 -100.00
 295    73.803 57577.26246175  9.75 204.752109  64.839595 12.036 -100.00 -100.00 -100.00
 295    72.425 57577.26246234 14.07 204.757957  64.838758 20.448 -100.00 -100.00 -100.00
 295    46.801 57577.26246293 13.78 204.763805  64.837921 16.566 -100.00 -100.00 -100.00
 295    46.730 57577.26246352 16.28 204.769653  64.837083 18.203 -100.00 -100.00 -100.00
 296    73.692 57587.17810557 10.34 204.758078  64.839645 15.717 -100.00 -100.00 -100.00
 296    72.869 57587.17810616 10.11 204.763926  64.838808 13.536 -100.00 -100.00 -100.00
 296    47.414 57587.17810675 13.05 204.769774  64.837970 19.164 -100.00 -100.00 -100.00
 296    47.220 57587.17810734 14.21 204.775622  64.837132 16.142 -100.00 -100.00 -100.00
 297   104.966 57597.09374625 21.12 204.755482  64.839374  9.566 -100.00 -100.00 -100.00
 297   100.811 57597.09374684 18.50 204.761331  64.838537  7.887 -100.00 -100.00 -100.00
 297    96.024 57597.09374743 27.52 204.767179  64.837700 16.558 -100.00 -100.00 -100.00
 297    92.583 57597.09374802 16.50 204.773027  64.836862   -100 -100.00 -100.00 -100.00
