-108443.256    65.587     0.00    8.04
-108157.504    64.887    -2.45   10.48
-107871.742    63.350    -5.38   11.48
-107585.970    62.140    -4.24   11.25
-107300.188    61.309    -2.91   11.38
-107014.395    60.810    -1.74   11.04
-106728.593    62.074     4.42   10.50
-106442.780    62.899     2.88    9.98
-106156.958    64.822     6.73    9.92
-105871.125    67.449     9.19   10.22
-105585.282    68.216     2.68   10.86
-105299.430    68.000    -0.76   12.59
-105013.567    66.529    -5.15   15.02
-104727.694    64.228    -8.05   15.39
-104441.811    62.789    -5.03   14.47
-104155.918    61.597    -4.17   13.57
-103870.014    61.563    -0.12   12.07
-103584.101    64.730    11.08   12.11
-103298.178    66.271     5.39   12.08
-103012.244    66.231    -0.14   13.03
-102726.300    64.079    -7.53   15.66
-102440.347    60.259   -13.36   14.99
-102154.383    57.671    -9.05   15.52
-101868.409    54.554   -10.90   14.70
-101582.425    52.437    -7.40   14.44
-101296.431    52.302    -0.47   15.43
-101010.427    53.361     3.70   13.46
-100724.412    57.037    12.85   13.27
-100438.388    60.324    11.49   13.54
-100152.353    65.699    18.79   17.14
 -99866.309    75.029    32.62   23.47
 -99580.254    86.125    38.79   28.33
 -99294.189    96.600    36.62   31.58
 -99008.114   101.814    18.23   32.14
 -98722.029   104.463     9.26   32.03
 -98435.934   103.832    -2.20   34.12
 -98149.828    98.452   -18.80   34.85
 -97863.713    93.567   -17.07   33.66
 -97577.587    89.414   -14.51   31.45
 -97291.451    89.739     1.13   29.99
 -97005.306    94.810    17.72   31.60
 -96719.150   102.201    25.83   33.17
 -96432.984   112.649    36.51   33.95
 -96146.807   126.136    47.13   32.85
 -95860.621   135.456    32.57   30.72
 -95574.425   143.412    27.80   28.02
 -95288.218   149.065    19.75   27.78
 -95002.001   158.750    33.84   29.64
 -94715.774   164.636    20.56   29.89
 -94429.537   171.485    23.93   28.77
 -94143.290   172.276     2.76   33.58
 -93857.033   167.568   -16.45   44.28
 -93570.765   165.467    -7.34   51.21
 -93284.488   162.343   -10.91   57.68
 -92998.200   164.664     8.11   61.22
 -92711.902   169.489    16.85   62.01
 -92425.594   177.406    27.65   61.48
 -92139.276   190.440    45.52   57.25
 -91852.948   202.629    42.57   47.77
 -91566.609   210.277    26.71   38.05
 -91280.261   211.839     5.45   34.96
 -90993.902   207.029   -16.80   39.75
 -90707.533   199.246   -27.18   45.60
 -90421.154   183.860   -53.72   47.24
 -90134.765   165.226   -65.06   48.22
 -89848.366   152.985   -42.74   46.99
 -89561.956   141.333   -40.68   47.88
 -89275.536   135.022   -22.03   48.55
 -88989.106   132.478    -8.88   45.88
 -88702.666   131.201    -4.46   46.09
 -88416.216   137.157    20.79   48.26
 -88129.756   143.748    23.01   46.33
 -87843.285   145.855     7.35   44.17
 -87556.805   149.179    11.60   39.67
 -87270.314   146.703    -8.64   38.83
 -86983.813   153.082    22.27   38.32
 -86697.302   155.891     9.80   38.06
 -86410.780   159.333    12.02   36.34
 -86124.249   163.414    14.24   33.22
 -85837.707   164.707     4.51   34.13
 -85551.155   167.066     8.23   37.92
 -85264.593   167.453     1.35   44.38
 -84978.021   166.786    -2.33   50.85
 -84691.438   164.963    -6.36   53.14
 -84404.846   173.514    29.84   59.49
 -84118.243   190.859    60.52   62.83
 -83831.630   212.336    74.93   67.09
 -83545.007   232.935    71.87   66.82
 -83258.373   250.664    61.85   62.20
 -82971.730   266.187    54.15   55.01
 -82685.076   280.187    48.84   49.24
 -82398.412   284.407    14.72   47.98
 -82111.738   281.355   -10.65   56.76
 -81825.053   274.089   -25.34   66.18
 -81538.359   261.814   -42.81   75.26
 -81251.654   249.839   -41.77   79.08
 -80964.939   237.119   -44.37   77.90
 -80678.214   237.471     1.23   80.43
 -80391.479   237.299    -0.60   79.94
 -80104.733   234.885    -8.42   80.85
 -79817.977   232.735    -7.50   79.60
 -79531.211   229.007   -13.00   76.29
 -79244.435   225.321   -12.85   76.50
 -78957.649   220.060   -18.35   70.03
 -78670.852   212.645   -25.85   61.35
 -78384.045   209.094   -12.38   53.81
 -78097.228   208.784    -1.08   46.51
 -77810.401   209.621     2.92   42.01
 -77523.563   211.537     6.68   38.60
 -77236.716   211.831     1.03   36.25
 -76949.858   211.743    -0.31   37.44
 -76662.990   215.604    13.46   37.97
 -76376.111   220.716    17.82   41.60
 -76089.223   231.735    38.41   45.68
 -75802.324   238.889    24.93   46.26
 -75515.415   247.396    29.65   45.81
 -75228.496   258.213    37.70   41.43
 -74941.566   262.842    16.13   38.78
 -74654.626   273.838    38.32   38.87
 -74367.676   285.481    40.57   48.68
 -74080.716   294.564    31.65   55.21
 -73793.746   305.514    38.16   53.51
 -73506.765   315.108    33.43   52.80
 -73219.774   326.836    40.86   48.68
 -72932.773   337.748    38.02   46.52
 -72645.762   339.833     7.27   49.62
 -72358.740   339.194    -2.23   51.09
 -72071.708   337.521    -5.83   54.42
 -71784.666   341.714    14.61   53.84
 -71497.614   348.362    23.16   49.80
 -71210.551   349.844     5.16   51.53
 -70923.478   350.627     2.73   52.36
 -70636.395   343.007   -26.54   53.30
 -70349.302   335.029   -27.79   54.33
 -70062.198   329.015   -20.95   56.69
 -69775.084   321.273   -26.96   57.67
 -69487.960   313.112   -28.42   58.62
 -69200.826   291.353   -75.78   55.87
 -68913.681   273.814   -61.08   55.89
 -68626.526   255.985   -62.09   55.56
 -68339.361   239.446   -57.59   53.01
 -68052.186   221.199   -63.54   44.98
 -67765.000   207.867   -46.42   32.02
 -67477.804   203.417   -15.49   28.74
 -67190.598   200.209   -11.17   28.72
 -66903.381   201.439     4.28   33.17
 -66616.154   199.426    -7.01   32.81
 -66328.917   194.956   -15.56   30.81
 -66041.670   189.065   -20.51   27.63
 -65754.412   178.828   -35.63   22.99
 -65467.145   171.109   -26.87   19.86
 -65179.866   166.265   -16.86   20.61
 -64892.578   163.851    -8.40   22.20
 -64605.279   161.457    -8.33   23.07
 -64317.970   162.941     5.16   25.00
 -64030.651   163.839     3.13   25.80
 -63743.322   161.309    -8.81   26.79
 -63455.982   156.733   -15.93   26.83
 -63168.632   152.129   -16.02   21.77
 -62881.271   152.708     2.02   20.63
 -62593.900   154.766     7.16   19.72
 -62306.519   155.557     2.75   16.28
 -62019.128   156.467     3.16   13.67
 -61731.726   158.404     6.74   10.79
 -61444.315   156.244    -7.51   11.71
 -61156.892   153.540    -9.41   13.76
 -60869.460   149.777   -13.09   12.94
 -60582.017   146.897   -10.02   10.59
 -60294.564   145.237    -5.77   10.10
 -60007.101   145.309     0.25    9.71
 -59719.627   146.336     3.57    9.14
 -59432.143   149.593    11.33    4.86
 -59144.649   150.599     3.50    5.57
 -58857.144   149.350    -4.34    9.44
 -58569.629   147.007    -8.15   11.88
 -58282.104   145.970    -3.61   11.85
 -57994.568   146.712     2.58   11.37
 -57707.022   147.910     4.17   11.35
 -57419.938   148.871     3.35   10.79
 -57134.496   150.050     4.13   10.33
 -56849.044   151.815     6.18    9.98
 -56563.583   153.626     6.34    8.73
 -56278.113   153.662     0.13    8.17
 -55992.633   152.888    -2.71    7.73
 -55707.144   152.864    -0.08    6.78
 -55421.645   152.635    -0.80    5.97
 -55136.137   153.449     2.85    6.15
 -54850.620   155.087     5.74    6.96
 -54565.093   157.385     8.05    7.49
 -54279.557   159.442     7.20    6.92
 -53994.012   160.630     4.16    6.24
 -53708.457   160.440    -0.67    5.38
 -53422.893   160.324    -0.41    4.83
 -53137.320   160.095    -0.80    5.38
 -52851.737   159.618    -1.67    6.37
 -52566.144   159.957     1.19    7.57
 -52280.543   160.835     3.07    8.77
 -51994.932   161.801     3.39    9.24
 -51709.311   162.518     2.51    9.37
 -51423.682   164.299     6.23    8.41
 -51138.043   166.329     7.11    5.83
 -50852.394   168.101     6.20    5.14
 -50566.736   168.493     1.37    4.50
 -50281.069   167.355    -3.98    5.27
 -49995.392   164.846    -8.78    8.39
 -49709.706   161.381   -12.13   11.81
 -49424.011   158.943    -8.53   11.84
 -49138.306   156.912    -7.11   11.37
 -48852.591   155.419    -5.23   10.92
 -48566.868   155.741     1.13   11.61
 -48281.135   157.822     7.28   12.05
 -47995.392   161.406    12.54    9.68
 -47709.641   162.862     5.10    9.29
 -47423.879   163.657     2.78    9.61
 -47138.109   164.540     3.09    9.45
 -46852.329   165.654     3.90    7.83
 -46566.539   166.235     2.03    6.80
 -46280.741   167.257     3.58    7.71
 -45994.932   166.386    -3.05   11.73
 -45709.115   162.204   -14.63   17.96
 -45423.288   158.411   -13.27   19.68
 -45137.451   157.296    -3.90   19.48
 -44851.605   157.355     0.20   20.26
 -44565.750   158.586     4.31   19.38
 -44279.885   159.793     4.22   17.36
 -43994.011   163.169    11.81   15.24
 -43708.128   165.219     7.17    9.57
 -43422.235   162.545    -9.35   11.37
 -43136.333   156.729   -20.34   13.88
 -42850.421   151.341   -18.84   15.00
 -42564.500   147.204   -14.47   14.87
 -42278.569   145.432    -6.20   15.93
 -41992.629   146.104     2.35   17.24
 -41706.680   148.763     9.30   18.35
 -41420.721   152.891    14.44   17.59
 -41134.753   157.545    16.27   13.24
 -40848.775   158.587     3.64   10.84
 -40562.788   155.037   -12.41   13.32
 -40276.791   151.073   -13.86   15.88
 -39990.785   144.873   -21.68   19.61
 -39704.770   138.822   -21.16   19.66
 -39418.745   136.407    -8.44   19.00
 -39132.711   137.314     3.17   19.03
 -38846.667   140.080     9.67   18.92
 -38560.614   143.108    10.58   17.18
 -38274.552   146.421    11.58   14.58
 -37988.480   149.381    10.34   11.61
 -37702.398   150.338     3.35    8.85
 -37416.307   150.176    -0.56    9.11
 -37130.207   145.822   -15.22   13.19
 -36844.097   140.554   -18.41   14.82
 -36557.978   136.356   -14.67   15.04
 -36271.849   133.787    -8.98   15.49
 -35985.711   131.907    -6.57   16.98
 -35699.564   131.739    -0.59   17.18
 -35413.407   132.971     4.31   17.69
 -35127.240   136.219    11.35   15.30
 -34841.064   138.526     8.06   13.50
 -34554.879   138.614     0.31   13.30
 -34268.684   134.955   -12.79   15.79
 -33982.480   129.090   -20.49   19.11
 -33696.266   120.092   -31.44   21.37
 -33410.043   114.485   -19.59   18.86
 -33123.811   113.179    -4.56   18.18
 -32837.569   113.816     2.23   18.41
 -32551.317   116.074     7.89   17.52
 -32265.056   118.157     7.28   16.30
 -31978.786   118.181     0.08   18.02
 -31692.506   117.060    -3.92   22.18
 -31406.216   110.257   -23.76   27.62
 -31119.918   104.588   -19.80   26.60
 -30833.609   102.241    -8.20   24.84
 -30547.291   101.324    -3.20   22.97
 -30260.964   103.156     6.40   22.87
 -29974.628   108.547    18.83   21.70
 -29688.281   112.275    13.02   19.76
 -29401.926   115.691    11.93   18.22
 -29115.561   115.878     0.65   19.12
 -28829.186   112.591   -11.48   23.17
 -28542.802   105.681   -24.13   27.59
 -28256.408    94.281   -39.81   32.56
 -27970.005    81.474   -44.71   32.67
 -27683.593    70.558   -38.11   31.73
 -27397.171    59.468   -38.72   28.40
 -27110.739    50.292   -32.03   23.74
 -26824.298    43.266   -24.53   20.24
 -26537.848    37.721   -19.36   17.15
 -26251.388    33.096   -16.15   13.30
 -25964.919    29.479   -12.63   11.44
 -25678.440    26.263   -11.23    9.28
 -25391.951    24.548    -5.98    8.36
 -25105.453    22.329    -7.75    7.49
 -24818.946    20.119    -7.71    5.33
 -24532.429    19.453    -2.32    5.04
 -24245.903    18.770    -2.38    4.88
 -23959.367    19.088     1.11    5.05
 -23672.822    19.461     1.30    5.83
 -23386.267    21.357     6.62    8.19
 -23099.702    23.920     8.94   10.11
 -22813.128    26.803    10.06   10.62
 -22526.545    29.515     9.46   10.81
 -22239.952    31.746     7.79   10.02
 -21953.350    33.700     6.82    8.73
 -21666.738    34.029     1.15    9.17
 -21380.117    32.818    -4.23   10.84
 -21093.486    30.143    -9.33   12.04
 -20806.845    27.459    -9.36   11.00
 -20520.195    26.521    -3.27    9.97
 -20233.536    25.913    -2.12    8.99
 -19946.867    25.807    -0.37    7.66
 -19660.189    26.100     1.02    6.95
 -19373.501    26.296     0.68    6.39
 -19086.803    26.316     0.07    6.17
 -18800.096    25.397    -3.21    5.85
 -18513.380    24.455    -3.29    4.92
 -18226.654    24.864     1.43    5.67
 -17939.918    24.816    -0.17    5.45
 -17653.173    24.185    -2.20    4.62
 -17366.419    24.303     0.41    4.44
 -17079.654    23.993    -1.08    3.69
 -16792.881    23.857    -0.47    3.68
 -16506.098    24.021     0.57    3.84
 -16219.305    23.515    -1.77    3.27
 -15932.503    23.613     0.34    3.71
 -15645.691    23.450    -0.57    3.50
 -15358.870    23.316    -0.47    2.93
 -15072.039    23.683     1.28    3.16
 -14785.198    24.855     4.08    4.52
 -14498.349    26.146     4.50    5.98
 -14211.489    27.279     3.95    7.97
 -13924.620    28.185     3.16    9.00
 -13637.742    30.163     6.89   10.63
 -13350.854    32.317     7.51   12.39
 -13063.956    35.431    10.85   14.12
 -12777.049    39.400    13.83   15.42
 -12490.132    43.106    12.92   16.22
 -12203.206    45.206     7.32   15.10
 -11916.270    49.827    16.11   15.51
 -11629.325    53.650    13.32   13.97
 -11342.370    57.733    14.23   13.18
 -11055.406    60.757    10.54   12.30
 -10768.432    61.926     4.07   11.46
 -10481.448    62.650     2.52   11.44
 -10194.455    61.472    -4.10   12.67
  -9907.452    57.430   -14.08   16.26
  -9620.440    51.121   -21.98   19.02
  -9333.418    43.421   -26.83   20.98
  -9046.387    35.870   -26.31   21.41
  -8759.346    28.430   -25.92   19.40
  -8472.296    21.423   -24.41   16.26
  -8185.236    15.881   -19.31   12.00
  -7898.166    11.866   -13.99    7.76
  -7611.087     9.783    -7.26    4.54
  -7323.999     8.642    -3.97    2.26
  -7036.900     8.576    -0.23    1.73
  -6749.792     8.791     0.75    1.55
  -6462.675     9.113     1.12    1.40
  -6175.548     9.173     0.21    1.39
  -5888.412     9.163    -0.03    1.37
  -5601.265     9.136    -0.09    2.10
  -5314.110     9.296     0.56    2.00
  -5026.945     9.222    -0.26    2.26
  -4739.770     9.099    -0.43    2.66
  -4452.585     9.858     2.64    3.16
  -4165.391    10.364     1.76    3.33
  -3878.188    11.000     2.21    3.52
  -3590.975    11.456     1.59    3.56
  -3303.752    11.603     0.51    3.69
  -3016.520    11.577    -0.09    3.76
  -2729.278    11.089    -1.70    3.47
  -2442.026    10.243    -2.95    2.09
  -2154.765     9.756    -1.70    0.60
  -1867.494     9.791     0.12    0.41
  -1580.214     9.872     0.28    0.33
  -1292.924     9.694    -0.62    1.40
  -1005.625     8.504    -4.14    3.85
   -718.316     6.871    -5.68    5.29
   -430.997     5.261    -5.60    6.00
   -143.669     3.454    -6.29    6.28
    143.669     1.574    -6.54    5.87
    431.016     0.185    -4.83    5.12
    718.373    -0.043    -0.79    4.96
   1005.740    -0.848    -2.80    4.24
   1293.116    -1.065    -0.76    4.00
   1580.502    -1.454    -1.35    3.70
   1867.898    -2.132    -2.36    2.62
   2155.303    -2.143    -0.04    2.54
   2442.717    -1.283     2.99    3.93
   2730.142     0.088     4.77    5.05
   3017.575     1.858     6.16    5.82
   3305.019     3.000     3.97    6.03
   3592.472     4.496     5.21    5.92
   3879.935     5.552     3.67    5.72
   4167.407     6.073     1.81    5.50
   4454.302     6.496     1.48    5.41
   4739.813     7.148     2.28    5.06
   5025.333     7.985     2.93    4.39
   5310.862     8.619     2.22    3.72
   5596.399     9.259     2.24    2.68
   5881.945     9.846     2.05    0.71
   6167.500     9.648    -0.69    0.88
   6453.063     9.326    -1.13    1.23
   6738.635     8.723    -2.11    1.80
   7024.215     7.748    -3.41    2.45
   7309.805     6.489    -4.41    3.05
   7595.403     4.874    -5.66    3.56
   7881.010     3.886    -3.46    3.44
   8166.625     3.464    -1.48    3.38
   8452.249     3.196    -0.94    3.61
   8737.882     3.539     1.20    4.31
   9023.524     3.864     1.14    4.72
   9309.174     4.037     0.60    4.85
   9594.833     4.326     1.01    4.75
   9880.500     4.275    -0.18    4.72
  10166.177     3.625    -2.28    4.29
  10451.862     3.014    -2.14    4.10
  10737.556     2.703    -1.09    3.83
  11023.258     2.778     0.26    3.49
  11308.969     2.301    -1.67    3.34
  11594.689     1.725    -2.02    3.30
  11880.418     0.809    -3.21    2.63
  12166.155     1.468     2.31    6.24
  12451.901     2.507     3.64    8.11
  12737.656     3.964     5.10    9.90
  13023.419     7.458    12.23   14.06
  13309.191    10.875    11.96   15.33
  13594.972    14.470    12.58   16.61
  13880.762    21.596    24.93   20.42
  14166.560    28.713    24.90   22.07
  14452.367    34.292    19.52   23.11
  14738.183    43.113    30.86   24.77
  15024.007    51.963    30.97   22.78
  15309.841    56.971    17.52   21.15
  15595.683    62.704    20.06   22.30
  15881.533    68.377    19.84   22.62
  16167.393    72.212    13.42   25.36
  16453.261    80.200    27.94   29.93
  16739.138    90.353    35.52   33.04
  17025.023   101.175    37.86   37.51
  17310.917   117.583    57.39   43.58
  17596.820   132.739    53.01   45.10
  17882.732   146.424    47.87   49.02
  18168.653   161.209    51.71   52.20
  18454.582   172.793    40.51   51.49
  18740.520   178.601    20.32   52.48
  19026.466   186.493    27.60   53.85
  19312.422   190.567    14.25   51.52
  19598.386   191.864     4.54   53.23
  19884.359   190.529    -4.67   52.52
  20170.340   190.441    -0.31   49.16
  20456.331   187.741    -9.44   50.34
  20742.330   183.021   -16.50   50.37
  21028.338   176.556   -22.61   50.23
  21314.354   171.407   -18.00   50.89
  21600.380   169.295    -7.38   48.33
  21886.414   168.855    -1.54   42.35
  22172.457   171.187     8.15   40.46
  22458.508   177.200    21.02   42.41
  22744.568   185.809    30.09   46.77
  23030.638   199.199    46.81   50.85
  23316.715   210.993    41.23   51.89
  23602.802   221.978    38.40   52.65
  23888.897   233.817    41.38   54.15
  24175.001   246.579    44.61   55.75
  24461.114   260.222    47.69   53.69
  24747.236   275.329    52.80   52.11
  25033.366   288.270    45.23   53.19
  25319.505   300.935    44.26   50.72
  25605.653   308.180    25.32   46.01
  25891.810   307.979    -0.70   47.12
  26177.975   295.044   -45.20   60.40
  26464.149   277.916   -59.85   69.23
  26750.332   256.835   -73.67   64.05
  27036.524   238.963   -62.45   49.89
  27322.724   233.229   -20.04   42.97
  27608.933   246.457    46.22   51.26
  27895.151   270.504    84.02   59.40
  28181.378   301.734   109.11   57.61
  28467.614   319.831    63.22   46.63
  28753.858   326.110    21.94   38.17
  29040.111   326.757     2.26   37.48
  29326.373   320.585   -21.56   42.77
  29612.643   310.985   -33.53   45.83
  29898.923   297.426   -47.37   46.38
  30185.211   286.191   -39.24   43.94
  30471.508   282.625   -12.46   45.81
  30757.814   287.864    18.30   52.83
  31044.128   296.030    28.52   56.14
  31330.451   297.159     3.95   60.78
  31616.783   304.245    24.75   68.99
  31903.124   303.030    -4.24   69.18
  32189.474   297.659   -18.75   67.41
  32475.832   288.137   -33.25   60.88
  32762.199   282.474   -19.77   54.20
  33048.575   278.518   -13.82   50.05
  33334.960   285.923    25.86   51.71
  33621.354   297.397    40.06   53.00
  33907.756   308.900    40.16   52.09
  34194.167   317.336    29.45   50.31
  34480.587   328.630    39.43   53.83
  34767.016   350.396    75.99   63.16
  35053.453   372.171    76.02   75.81
  35339.900   395.684    82.08   79.56
  35626.355   415.186    68.08   75.44
  35912.818   430.879    54.78   73.49
  36199.291   441.015    35.38   74.34
  36485.773   444.407    11.84   78.84
  36772.263   438.390   -21.00   81.02
  37058.762   420.794   -61.42   74.22
  37345.270   409.716   -38.67   69.96
  37631.787   397.429   -42.89   68.00
  37918.312   386.384   -38.55   64.01
  38204.846   386.282    -0.36   66.51
  38491.389   388.371     7.29   64.90
  38777.941   400.500    42.33   66.03
  39064.502   419.536    66.43   71.10
  39351.072   440.204    72.13   68.29
  39637.650   458.297    63.13   61.10
  39924.237   471.326    45.46   51.59
  40210.833   476.835    19.22   49.86
  40497.438   475.147    -5.89   48.89
  40784.051   466.887   -28.82   49.58
  41070.674   466.950     0.22   47.10
  41357.305   473.312    22.20   49.35
  41643.945   476.500    11.12   56.42
  41930.594   482.846    22.14   56.81
  42217.251   487.993    17.96   54.11
  42503.918   489.951     6.83   50.10
  42790.593   493.638    12.86   46.72
  43077.277   485.875   -27.08   51.46
  43363.970   468.447   -60.79   55.52
  43650.672   454.142   -49.90   52.21
  43937.383   434.141   -69.76   50.74
  44224.102   411.176   -80.10   59.19
  44510.830   391.145   -69.86   64.22
  44797.567   382.283   -30.91   61.41
  45084.313   380.936    -4.70   62.80
  45371.068   383.140     7.69   60.48
  45657.832   387.158    14.01   54.62
  45944.604   388.451     4.51   50.03
  46231.385   389.203     2.62   44.93
  46518.175   383.723   -19.11   47.38
  46804.974   370.936   -44.59   48.71
  47091.782   354.846   -56.10   45.62
  47378.599   344.246   -36.95   45.24
  47665.424   327.295   -59.10   53.27
  47952.258   300.781   -92.44   63.47
  48239.101   277.225   -82.12   63.15
  48525.953   260.472   -58.41   56.71
  48812.814   254.193   -21.89   53.13
  49099.684   246.085   -28.26   48.48
  49386.562   241.813   -14.89   47.56
  49673.450   242.283     1.64   45.51
  49960.346   244.043     6.14   43.94
  50247.251   244.557     1.79   39.86
  50534.165   241.787    -9.66   33.64
  50821.088   239.754    -7.09   26.34
  51108.019   237.326    -8.46   19.83
  51394.960   239.804     8.64   17.37
  51681.909   244.929    17.86   20.02
  51968.867   255.364    36.37   27.50
  52255.834   267.618    42.70   32.60
  52542.810   284.901    60.23   37.54
  52829.795   298.403    47.05   40.05
  53116.788   311.022    43.97   42.89
  53403.791   324.886    48.31   47.95
  53690.802   336.087    39.03   51.08
  53977.822   345.794    33.82   52.84
  54264.851   361.275    53.93   58.86
  54551.889   370.442    31.94   61.25
  54838.936   377.493    24.56   59.90
  55125.991   392.725    53.07   62.60
  55413.056   397.813    17.72   64.39
  55700.129   407.537    33.87   68.11
  55987.211   418.331    37.60   70.11
  56274.302   417.928    -1.41   66.92
  56561.402   423.130    18.12   66.28
  56848.511   427.514    15.27   64.24
  57135.629   427.355    -0.55   59.74
  57422.756   432.093    16.50   59.84
  57709.891   433.818     6.01   59.28
  57997.035   430.239   -12.46   49.37
  58284.189   434.471    14.74   46.37
  58571.351   436.907     8.48   40.11
  58858.522   439.728     9.82   35.23
  59145.702   448.129    29.25   34.72
  59432.890   455.535    25.79   32.68
  59720.088   459.804    14.87   28.89
  60007.294   467.729    27.59   29.79
  60294.510   473.379    19.67   30.63
  60581.734   479.051    19.75   30.02
  60868.967   489.582    36.66   32.54
  61156.209   500.277    37.23   32.30
  61443.460   511.920    40.54   32.94
  61730.720   525.986    48.97   32.02
  62017.989   539.177    45.92   29.36
  62305.266   551.182    41.79   26.28
  62592.553   560.000    30.69   25.94
  62879.848   569.482    33.01   28.42
  63167.153   581.022    40.17   32.30
  63454.466   592.118    38.62   34.54
  63741.788   606.094    48.64   32.33
  64029.119   617.279    38.93   26.09
  64316.459   626.871    33.38   24.23
  64603.808   631.321    15.49   24.16
  64891.165   627.594   -12.97   30.75
  65178.532   621.958   -19.61   38.43
  65465.908   614.577   -25.68   44.13
  65753.292   608.226   -22.10   51.12
  66040.685   601.629   -22.96   57.18
  66327.421   594.368   -25.32   63.73
  66613.006   597.599    11.31   71.29
  66898.598   601.639    14.15   77.54
  67184.199   604.486     9.97   77.60
  67469.807   604.007    -1.67   76.38
  67755.424   597.936   -21.26   79.48
  68041.048   600.411     8.67   76.49
  68326.681   600.428     0.06   74.77
  68612.321   597.050   -11.82   73.02
  68897.970   596.773    -0.97   71.56
  69183.626   602.304    19.36   70.23
  69469.291   617.979    54.87   70.19
  69754.964   633.583    54.62   66.79
  70040.644   644.419    37.93   65.05
  70326.333   670.079    89.82   73.27
  70612.030   700.203   105.44   78.95
  70897.734   729.596   102.88   81.44
  71183.447   761.772   112.62   74.89
  71469.168   784.369    79.09   57.40
  71754.896   792.594    28.79   45.80
  72040.633   792.275    -1.12   47.50
  72326.378   776.618   -54.80   60.71
  72612.131   751.993   -86.18   69.82
  72897.892   717.493  -120.73   71.04
  73183.661   689.451   -98.13   66.29
  73469.437   678.036   -39.94   63.58
  73755.222   678.181     0.51   74.55
  74041.015   684.640    22.60   87.02
  74326.816   681.401   -11.33   91.40
  74612.625   675.846   -19.44   95.58
  74898.442   682.123    21.96   97.99
  75184.267   683.564     5.04   96.40
  75470.100   671.235   -43.13   99.58
  75755.942   655.725   -54.26   97.35
  76041.791   634.535   -74.13   94.95
  76327.648   616.460   -63.23   96.72
  76613.513   597.287   -67.07  103.76
  76899.386   572.050   -88.28  108.60
  77185.268   542.589  -103.06  111.03
  77471.157   513.746  -100.89  113.67
  77757.054   475.170  -134.93  116.10
  78042.960   443.135  -112.05  102.91
  78328.873   427.853   -53.45   91.50
  78614.795   426.850    -3.51   92.61
  78900.724   437.314    36.60  110.97
  79186.662   447.652    36.15  123.77
  79472.608   457.094    33.02  124.67
  79758.561   451.924   -18.08  123.79
  80044.523   438.088   -48.38  122.54
  80330.493   411.176   -94.11  123.60
  80616.470   372.579  -134.97  111.50
  80902.456   346.162   -92.37   95.26
  81188.450   331.783   -50.28   75.34
  81474.452   331.678    -0.37   76.45
  81760.462   353.317    75.66   89.69
  82046.480   390.118   128.67  102.16
  82332.506   436.757   163.06   96.31
  82618.541   482.543   160.07   74.22
  82904.583   508.312    90.09   64.49
  83190.633   525.964    61.71   61.80
  83476.691   532.688    23.51   60.39
  83762.758   532.257    -1.51   65.22
  84048.832   528.843   -11.94   74.40
  84334.915   537.871    31.56   88.36
  84621.005   553.551    54.81   95.36
  84907.104   561.920    29.25   97.43
  85193.211   558.160   -13.14  105.28
  85479.325   546.066   -42.27  109.96
  85765.448   542.743   -11.61  103.28
  86051.579   527.121   -54.60   99.02
  86337.718   515.971   -38.97   87.52
  86623.865   511.515   -15.57   88.52
  86910.020   525.924    50.35   97.44
  87196.183   547.860    76.66  106.59
  87482.355   563.100    53.25  104.92
  87768.534   571.762    30.27  103.83
  88054.721   576.425    16.29   99.34
