-184443.719    -2.192     0.00    0.00
-184155.438    -2.192     0.00    0.00
-183867.137    -2.192     0.00    0.00
-183578.817    -2.192     0.00    0.00
-183290.477    -2.192     0.00    0.00
-183002.118    -2.192     0.00    0.00
-182713.740    -2.192     0.00    0.00
-182425.342    -2.176     0.06    0.13
-182136.925    -2.108     0.23    0.36
-181848.488    -2.091     0.06    0.40
-181560.032    -2.024     0.23    0.55
-181271.556    -2.004     0.07    0.58
-180983.061    -2.006    -0.01    0.58
-180694.546    -2.010    -0.02    0.58
-180406.012    -2.059    -0.17    0.47
-180117.458    -2.132    -0.25    0.30
-179828.885    -2.192    -0.21    0.00
-179540.293    -2.192     0.00    0.00
-179251.681    -2.052     0.49    0.54
-178963.049    -1.831     0.77    0.87
-178674.398    -1.498     1.15    1.14
-178385.727    -1.176     1.12    1.29
-178097.037    -0.784     1.36    1.38
-177809.957    -0.365     1.46    1.34
-177525.300    -0.060     1.07    1.24
-177240.624     0.241     1.06    1.06
-176955.930     0.466     0.79    0.84
-176671.218     0.682     0.76    0.56
-176386.488     0.808     0.44    0.00
-176101.739     0.808     0.00    0.00
-175816.972     0.808     0.00    0.00
-175532.187     0.808     0.00    0.00
-175247.384     0.808     0.00    0.00
-174962.563     0.808     0.00    0.00
-174677.723     0.808     0.00    0.00
-174392.865     0.808     0.00    0.00
-174107.989     0.808     0.00    0.00
-173823.095     0.808     0.00    0.00
-173538.182     0.808     0.00    0.00
-173253.251     0.808     0.00    0.00
-172968.302     0.808     0.00    0.00
-172683.335     0.808     0.00    0.00
-172398.349     0.808     0.00    0.00
-172113.346     0.808     0.00    0.00
-171828.323     0.808     0.00    0.00
-171543.283     0.808     0.00    0.00
-171258.224     0.799    -0.03    0.09
-170973.147     0.808     0.03    0.00
-170688.052     0.808     0.00    0.00
-170402.939     0.808     0.00    0.00
-170117.807     0.774    -0.12    0.18
-169832.657     0.691    -0.29    0.32
-169547.489     0.598    -0.33    0.41
-169262.302     0.616     0.06    0.54
-168977.097     0.718     0.36    0.72
-168691.874     0.825     0.37    0.86
-168406.632     1.124     1.05    1.17
-168121.372     1.461     1.18    1.45
-167836.094     1.799     1.19    1.54
-167550.797     2.372     2.01    1.74
-167265.482     2.775     1.41    1.86
-166980.149     3.177     1.41    1.81
-166694.797     3.655     1.67    1.81
-166409.427     4.066     1.44    1.74
-166124.039     4.458     1.37    1.57
-165838.633     4.661     0.71    1.49
-165553.208     4.718     0.20    1.54
-165267.764     4.800     0.29    1.62
-164982.302     4.706    -0.33    1.83
-164696.822     4.634    -0.25    1.92
-164411.324     4.556    -0.27    1.96
-164125.807     4.432    -0.43    2.02
-163840.272     4.401    -0.11    1.99
-163554.718     4.461     0.21    1.91
-163269.146     4.483     0.08    1.89
-162983.556     4.716     0.82    1.78
-162697.947     4.970     0.89    1.59
-162412.320     5.324     1.24    1.23
-162126.674     5.678     1.24    0.57
-161841.010     5.775     0.34    0.18
-161555.328     5.808     0.11    0.00
-161269.627     5.808     0.00    0.00
-160983.908     5.603    -0.72    0.76
-160698.170     5.056    -1.91    1.46
-160412.414     4.594    -1.62    1.71
-160126.639     4.124    -1.64    1.79
-159840.846     3.816    -1.08    1.76
-159555.035     3.783    -0.11    1.75
-159269.205     3.782    -0.01    1.78
-158983.357     4.231     1.57    1.80
-158697.490     4.808     2.02    1.61
-158411.605     5.341     1.87    1.16
-158125.701     5.673     1.16    0.62
-157839.779     5.799     0.44    0.09
-157553.838     5.808     0.03    0.00
-157267.879     5.739    -0.24    0.47
-156981.901     5.426    -1.10    1.13
-156695.905     5.204    -0.77    1.39
-156409.891     4.989    -0.75    1.57
-156123.857     4.920    -0.24    1.62
-155837.806     4.882    -0.13    1.62
-155551.736     4.574    -1.07    1.78
-155265.647     4.524    -0.17    1.80
-154979.540     4.379    -0.51    1.84
-154693.414     4.164    -0.75    1.91
-154407.270     4.087    -0.27    1.89
-154121.108     4.084    -0.01    1.86
-153834.926     4.216     0.46    1.80
-153548.727     4.503     1.00    1.71
-153262.508     4.760     0.90    1.57
-152976.271     4.833     0.25    1.50
-152690.016     4.608    -0.79    1.69
-152403.742     4.141    -1.63    1.97
-152117.450     4.031    -0.38    2.04
-151831.139     3.951    -0.28    2.05
-151544.809     4.014     0.22    2.02
-151258.461     3.931    -0.29    2.04
-150972.094     3.951     0.07    2.03
-150685.709     4.248     1.04    1.94
-150399.305     4.534     1.00    1.78
-150112.883     4.816     0.99    1.61
-149826.442     5.141     1.13    1.34
-149539.982     5.324     0.64    1.17
-149253.504     5.447     0.43    0.94
-148967.007     5.606     0.55    0.58
-148680.491     5.634     0.10    0.51
-148393.957     5.679     0.16    0.44
-148107.405     5.748     0.24    0.27
-147820.833     5.791     0.15    0.13
-147534.244     5.808     0.06    0.00
-147247.635     5.808     0.00    0.00
-146961.008     5.808     0.00    0.00
-146674.362     5.808     0.00    0.00
-146387.698     5.808     0.00    0.00
-146101.015     5.808     0.00    0.00
-145814.313     5.808     0.00    0.00
-145527.592     5.808     0.00    0.00
-145240.853     5.808     0.00    0.00
-144954.096     5.799    -0.03    0.09
-144667.319     5.531    -0.94    0.79
-144380.524     4.859    -2.35    1.80
-144093.711     4.011    -2.95    2.24
-143806.878     3.349    -2.31    2.43
-143520.027     2.591    -2.64    2.43
-143233.158     2.026    -1.97    2.26
-142946.269     1.751    -0.96    2.16
-142659.362     1.808     0.20    2.28
-142372.436     1.670    -0.48    2.30
-142085.492     2.171     1.75    2.54
-141798.528     2.857     2.39    2.67
-141511.546     3.107     0.87    2.65
-141224.546     3.698     2.06    2.47
-140937.526     4.242     1.90    2.17
-140650.488     4.898     2.28    1.68
-140363.432     5.380     1.68    1.01
-140076.356     5.469     0.31    0.86
-139789.262     5.448    -0.07    0.84
-139502.149     5.539     0.32    0.71
-139215.017     5.724     0.65    0.28
-138927.866     5.751     0.09    0.27
-138640.697     5.791     0.14    0.26
-138353.509     5.808     0.06    0.23
-138066.302     5.800    -0.03    0.24
-137779.077     5.783    -0.06    0.16
-137491.832     5.782    -0.00    0.16
-137204.569     5.808     0.09    0.00
-136917.287     5.808     0.00    0.00
-136629.987     5.799    -0.03    0.09
-136342.667     5.774    -0.09    0.18
-136055.329     5.709    -0.23    0.30
-135767.972     5.647    -0.22    0.37
-135480.596     5.649     0.01    0.37
-135193.201     5.632    -0.06    0.38
-134905.788     5.663     0.11    0.35
-134618.355     5.670     0.03    0.35
-134330.904     5.693     0.08    0.32
-134043.434     5.742     0.17    0.25
-133755.946     5.741    -0.00    0.25
-133468.438     5.596    -0.50    0.64
-133180.912     5.304    -1.02    1.04
-132893.366     5.062    -0.84    1.23
-132605.802     4.572    -1.70    1.43
-132318.219     4.220    -1.22    1.45
-132030.617     3.913    -1.07    1.40
-131742.997     3.724    -0.66    1.33
-131455.357     3.733     0.03    1.30
-131167.699     3.866     0.46    1.31
-130880.021     4.060     0.68    1.34
-130592.325     4.371     1.08    1.34
-130304.610     4.632     0.91    1.27
-130016.876     4.899     0.93    1.16
-129729.124     5.045     0.51    1.08
-129441.352     5.098     0.18    1.05
-129153.561     5.196     0.34    0.99
-128865.752     5.491     1.02    0.72
-128577.923     5.741     0.87    0.34
-128290.076     5.808     0.23    0.00
-128002.210     5.808     0.00    0.00
-127714.325     5.766    -0.15    0.27
-127426.420     5.570    -0.68    0.74
-127138.497     5.320    -0.87    0.98
-126850.556     4.916    -1.40    1.23
-126562.595     4.642    -0.95    1.27
-126274.615     4.458    -0.64    1.25
-125986.616     4.477     0.07    1.31
-125698.598     4.816     1.18    1.75
-125410.562     5.424     2.11    2.22
-125122.506     5.859     1.51    2.48
-124834.432     6.416     1.94    2.80
-124546.338     6.954     1.87    3.22
-124258.225     7.370     1.44    3.60
-123970.094     7.724     1.23    3.90
-123681.943     7.718    -0.02    4.13
-123393.774     7.923     0.71    4.24
-123105.586     8.483     1.94    4.27
-122817.378     9.226     2.58    4.22
-122529.152    10.042     2.83    4.06
-122240.906    10.782     2.57    3.71
-121952.642    11.732     3.29    3.01
-121664.358    12.391     2.29    2.36
-121376.056    13.074     2.37    1.85
-121087.734    13.758     2.37    1.77
-120799.394    14.450     2.40    2.52
-120511.034    15.435     3.41    2.95
-120222.656    16.613     4.09    3.15
-119934.258    17.708     3.80    2.92
-119645.841    18.550     2.92    2.60
-119357.406    19.231     2.36    2.59
-119068.951    19.825     2.06    2.69
-118780.477    20.461     2.20    2.81
-118491.984    20.897     1.51    2.97
-118203.472    21.282     1.33    2.49
-117914.941    21.146    -0.47    3.13
-117626.391    21.231     0.29    3.19
-117337.822    21.245     0.05    3.04
-117049.234    21.833     2.04    3.02
-116760.626    21.988     0.54    2.99
-116472.000    22.324     1.16    2.68
-116183.354    22.399     0.26    2.36
-115896.786    22.558     0.55    2.29
-115612.085    22.816     0.91    2.55
-115327.367    23.329     1.80    3.23
-115042.632    24.494     4.09    4.12
-114757.878    26.141     5.78    4.54
-114473.107    27.684     5.42    4.07
-114188.317    29.095     4.95    3.07
-113903.510    29.590     1.74    2.96
-113618.686    29.739     0.52    3.07
-113333.843    29.474    -0.93    3.17
-113048.983    28.865    -2.14    2.90
-112764.104    28.349    -1.81    2.11
-112479.208    27.858    -1.72    1.59
-112194.295    27.676    -0.64    1.12
-111909.363    27.574    -0.35    1.03
-111624.413    27.504    -0.25    0.95
-111339.446    27.292    -0.75    1.43
-111054.461    27.673     1.34    2.57
-110769.458    28.083     1.44    3.50
-110484.437    28.190     0.38    3.69
-110199.398    28.901     2.49    3.52
-109914.341    29.967     3.74    3.13
-109629.267    30.840     3.06    3.14
-109344.175    31.249     1.44    3.21
-109059.064    30.549    -2.46    4.33
-108773.936    29.501    -3.68    5.93
-108488.790    28.388    -3.91    7.11
-108203.626    27.248    -3.99    8.09
-107918.445    24.978    -7.96    8.46
-107633.245    23.072    -6.68    8.17
-107348.028    22.287    -2.75    7.41
-107062.792    22.117    -0.59    6.83
-106777.539    22.554     1.53    5.78
-106492.268    23.308     2.64    5.26
-106206.979    24.089     2.74    5.13
-105921.672    24.981     3.13    4.81
-105636.347    25.469     1.71    4.41
-105351.004    24.945    -1.84    5.03
-105065.643    23.437    -5.28    6.47
-104780.264    21.466    -6.91    7.18
-104494.868    19.100    -8.29    7.39
-104209.453    16.254    -9.97    6.90
-103924.021    13.899    -8.25    6.06
-103638.570    11.463    -8.53    5.34
-103353.102     9.531    -6.77    4.33
-103067.615     8.423    -3.88    3.34
-102782.111     8.300    -0.43    2.83
-102496.589     8.413     0.40    2.82
-102211.049     8.524     0.39    2.80
-101925.490     9.320     2.79    3.02
-101639.914     9.742     1.48    3.11
-101354.320     9.808     0.23    3.14
-101068.708    10.341     1.87    3.16
-100783.078    10.848     1.78    3.14
-100497.430    11.194     1.21    2.85
-100211.764    11.942     2.62    2.79
 -99926.079    12.388     1.56    2.76
 -99640.377    12.969     2.03    2.19
 -99354.657    13.799     2.91    1.71
 -99068.919    14.280     1.68    1.66
 -98783.163    14.735     1.59    1.34
 -98497.389    15.161     1.49    1.00
 -98211.597    15.296     0.47    0.77
 -97925.787    15.408     0.39    0.49
 -97639.958    15.320    -0.31    0.50
 -97354.112    15.287    -0.12    0.50
 -97068.248    15.247    -0.14    0.50
 -96782.365    15.153    -0.33    0.62
 -96496.465    14.784    -1.29    0.99
 -96210.547    14.390    -1.38    1.18
 -95924.610    13.939    -1.58    1.21
 -95638.656    13.542    -1.39    1.12
 -95352.683    13.204    -1.18    0.93
 -95066.692    12.949    -0.89    0.54
 -94780.684    12.816    -0.47    0.09
 -94494.657    12.808    -0.03    0.00
 -94208.612    12.808     0.00    0.00
 -93922.549    12.808     0.00    0.00
 -93636.468    12.808     0.00    0.00
 -93350.369    12.824     0.06    0.13
 -93064.252    12.858     0.12    0.22
 -92778.117    12.946     0.31    0.39
 -92491.963    13.166     0.77    0.76
 -92205.792    13.455     1.01    1.04
 -91919.602    13.759     1.06    1.18
 -91633.394    14.206     1.56    1.26
 -91347.168    14.633     1.49    1.16
 -91060.924    14.936     1.06    1.02
 -90774.662    15.267     1.16    0.85
 -90488.382    15.488     0.77    0.66
 -90202.084    15.566     0.27    0.62
 -89915.767    15.601     0.12    0.59
 -89629.433    15.666     0.23    0.49
 -89343.080    15.751     0.30    0.29
 -89056.709    15.743    -0.03    0.31
 -88770.320    15.730    -0.04    0.38
 -88483.912    15.645    -0.30    0.61
 -88197.487    15.627    -0.06    0.62
 -87911.043    15.599    -0.10    0.65
 -87624.582    15.535    -0.22    0.76
 -87338.102    15.409    -0.44    0.91
 -87051.604    15.127    -0.99    1.19
 -86765.087    14.800    -1.14    1.34
 -86478.553    14.576    -0.78    1.38
 -86192.000    14.424    -0.53    1.37
 -85905.429    14.248    -0.61    1.36
 -85618.840    14.509     0.91    1.38
 -85332.233    14.741     0.81    1.33
 -85045.608    14.774     0.12    1.33
 -84758.964    14.582    -0.67    1.41
 -84472.302    14.174    -1.42    1.44
 -84185.622    13.618    -1.94    1.29
 -83898.924    13.193    -1.48    0.96
 -83612.207    12.905    -1.00    0.49
 -83325.472    12.808    -0.34    0.00
 -83038.719    12.808     0.00    0.00
 -82751.948    12.808     0.00    0.00
 -82465.159    12.808     0.00    0.00
 -82178.351    12.792    -0.06    0.18
 -81891.525    12.613    -0.62    0.66
 -81604.681    12.411    -0.70    0.96
 -81317.818    12.017    -1.37    1.38
 -81030.937    11.601    -1.45    1.65
 -80744.038    11.216    -1.34    1.78
 -80457.121    10.905    -1.08    1.84
 -80170.185    10.857    -0.17    1.86
 -79883.231    11.066     0.73    1.90
 -79596.259    11.291     0.78    1.87
 -79309.269    11.588     1.04    1.74
 -79022.260    11.941     1.23    1.49
 -78735.233    12.158     0.75    1.16
 -78448.188    12.356     0.69    0.85
 -78161.124    12.329    -0.10    0.80
 -77874.042    12.333     0.01    0.76
 -77586.942    12.456     0.43    0.83
 -77299.823    12.840     1.34    1.23
 -77012.686    13.341     1.75    1.86
 -76725.531    14.004     2.31    2.44
 -76438.357    14.695     2.40    2.72
 -76151.165    15.283     2.05    2.64
 -75863.955    15.938     2.28    2.46
 -75576.727    16.608     2.33    2.40
 -75289.480    17.416     2.81    2.46
 -75002.214    17.890     1.65    2.43
 -74714.931    18.619     2.54    2.25
 -74427.629    19.304     2.38    2.02
 -74140.308    19.882     2.01    1.37
 -73852.970    20.114     0.81    0.83
 -73565.612    19.874    -0.83    1.08
 -73278.237    19.388    -1.69    1.41
 -72990.843    19.074    -1.09    1.80
 -72703.431    19.127     0.19    1.87
 -72416.000    19.324     0.69    2.04
 -72128.551    19.800     1.65    2.33
 -71841.084    20.619     2.85    2.69
 -71553.598    21.749     3.93    2.52
 -71266.094    22.328     2.01    2.45
 -70978.571    22.304    -0.08    2.68
 -70691.030    22.013    -1.01    2.89
 -70403.470    21.483    -1.84    2.91
 -70115.893    20.985    -1.73    2.53
 -69828.296    20.566    -1.46    1.99
 -69540.682    20.393    -0.60    1.62
 -69253.048    20.545     0.53    1.41
 -68965.397    20.733     0.65    1.25
 -68677.727    20.709    -0.09    1.14
 -68390.038    20.324    -1.34    1.41
 -68102.331    19.816    -1.76    1.48
 -67814.606    19.329    -1.69    1.58
 -67526.862    18.993    -1.17    1.59
 -67239.100    18.816    -0.62    1.51
 -66951.319    18.708    -0.38    1.39
 -66663.519    18.863     0.54    1.35
 -66375.702    19.114     0.87    1.33
 -66087.865    19.428     1.09    1.16
 -65800.011    19.791     1.26    0.94
 -65512.137    20.106     1.09    0.65
 -65224.246    20.259     0.53    0.52
 -64936.336    20.275     0.06    0.50
 -64648.407    20.236    -0.14    0.50
 -64360.460    20.266     0.10    0.71
 -64072.494    20.426     0.55    0.99
 -63784.510    20.751     1.13    1.26
 -63496.507    21.108     1.24    1.39
 -63208.486    21.308     0.69    1.33
 -62920.446    21.421     0.39    1.20
 -62632.388    21.433     0.04    1.06
 -62344.311    21.366    -0.23    0.91
 -62056.215    21.214    -0.53    0.78
 -61768.101    21.044    -0.59    0.62
 -61479.969    20.899    -0.50    0.39
 -61191.818    20.808    -0.32    0.00
 -60903.648    20.808     0.00    0.00
 -60615.460    20.808     0.00    0.00
 -60327.253    20.808     0.00    0.00
 -60039.028    20.840     0.11    0.22
 -59750.784    20.933     0.32    0.60
 -59462.522    21.074     0.49    0.96
 -59174.241    21.109     0.12    1.01
 -58885.941    21.080    -0.10    0.99
 -58597.623    20.942    -0.48    0.68
 -58309.286    20.880    -0.22    0.38
 -58020.931    20.808    -0.25    0.00
 -57732.557    20.808     0.00    0.00
 -57444.164    20.792    -0.06    0.13
 -57155.753    20.775    -0.06    0.18
 -56867.323    20.766    -0.03    0.20
 -56578.874    20.735    -0.11    0.26
 -56290.407    20.711    -0.08    0.30
 -56001.922    20.706    -0.02    0.30
 -55713.417    20.653    -0.18    0.36
 -55424.894    20.588    -0.23    0.42
 -55136.353    20.488    -0.35    0.47
 -54847.792    20.373    -0.40    0.50
 -54559.214    20.316    -0.20    0.50
 -54270.616    20.329     0.05    0.50
 -53984.531    20.349     0.07    0.50
 -53699.791    20.409     0.21    0.49
 -53415.032    20.527     0.41    0.45
 -53130.257    20.693     0.58    0.32
 -52845.464    20.792     0.35    0.13
 -52560.654    20.808     0.06    0.00
 -52275.826    20.808     0.00    0.00
 -51990.981    20.808     0.00    0.00
 -51706.118    20.808     0.00    0.00
 -51421.239    20.808     0.00    0.00
 -51136.342    20.808     0.00    0.00
 -50851.427    20.808     0.00    0.00
 -50566.495    20.808     0.00    0.00
 -50281.546    20.808     0.00    0.00
 -49996.579    20.808     0.00    0.00
 -49711.595    20.808     0.00    0.00
 -49426.593    20.808     0.00    0.00
 -49141.574    20.808     0.00    0.00
 -48856.538    20.808     0.00    0.00
 -48571.484    20.849     0.14    0.20
 -48286.413    20.899     0.17    0.29
 -48001.324    20.998     0.35    0.49
 -47716.218    21.235     0.83    0.96
 -47431.095    21.659     1.49    1.62
 -47145.954    21.841     0.64    1.83
 -46860.796    21.946     0.37    1.94
 -46575.620    21.808    -0.48    1.85
 -46290.427    21.736    -0.25    1.80
 -46005.216    21.406    -1.16    1.30
 -45719.988    21.080    -1.14    0.68
 -45434.742    20.944    -0.48    0.61
 -45149.479    20.749    -0.68    0.55
 -44864.198    20.583    -0.58    0.51
 -44578.900    20.539    -0.15    0.51
 -44293.585    20.466    -0.26    0.48
 -44008.252    20.408    -0.20    0.49
 -43722.902    20.364    -0.15    0.59
 -43437.534    20.358    -0.02    0.63
 -43152.148    20.332    -0.09    0.73
 -42866.745    20.432     0.35    0.69
 -42581.325    20.466     0.12    0.65
 -42295.887    20.452    -0.05    0.62
 -42010.431    20.426    -0.09    0.57
 -41724.959    20.358    -0.24    0.58
 -41439.468    20.356    -0.01    0.53
 -41153.960    20.368     0.04    0.50
 -40868.435    20.312    -0.20    0.50
 -40582.892    20.271    -0.14    0.50
 -40297.331    20.256    -0.05    0.50
 -40011.753    20.241    -0.05    0.50
 -39726.158    20.243     0.01    0.50
 -39440.544    20.308     0.23    0.55
 -39154.914    20.406     0.34    0.86
 -38869.266    20.491     0.30    0.85
 -38583.600    20.592     0.35    0.82
 -38297.916    20.681     0.31    0.79
 -38012.216    20.767     0.30    0.74
 -37726.497    20.808     0.14    0.71
 -37440.761    20.775    -0.11    0.69
 -37155.008    20.718    -0.20    0.34
 -36869.236    20.743     0.09    0.28
 -36583.448    20.816     0.26    0.09
 -36297.641    20.800    -0.06    0.16
 -36011.817    20.752    -0.17    0.23
 -35725.976    20.709    -0.15    0.30
 -35440.117    20.679    -0.11    0.36
 -35154.240    20.614    -0.23    0.42
 -34868.346    20.543    -0.25    0.46
 -34582.434    20.458    -0.30    0.50
 -34296.505    20.442    -0.06    0.52
 -34010.558    20.444     0.01    0.52
 -33724.593    20.363    -0.28    0.56
 -33438.610    20.187    -0.62    0.68
 -33152.611    20.023    -0.57    0.83
 -32866.593    19.857    -0.58    1.13
 -32580.558    19.629    -0.80    1.41
 -32294.505    19.374    -0.89    1.54
 -32008.434    19.125    -0.87    1.70
 -31722.346    19.125    -0.00    1.64
 -31436.240    19.250     0.44    1.59
 -31150.117    19.702     1.58    1.19
 -30863.976    20.050     1.21    1.10
 -30577.817    20.516     1.63    0.91
 -30291.641    20.959     1.55    0.94
 -30005.447    21.320     1.26    0.94
 -29719.235    21.535     0.75    0.89
 -29433.006    21.792     0.90    1.31
 -29146.758    21.816     0.08    1.46
 -28860.494    21.591    -0.79    1.86
 -28574.211    21.060    -1.86    2.07
 -28287.911    20.099    -3.35    2.45
 -28001.593    18.766    -4.66    2.85
 -27715.258    17.432    -4.66    2.90
 -27428.904    16.442    -3.46    2.71
 -27142.534    15.591    -2.97    2.37
 -26856.145    15.959     1.28    3.11
 -26569.738    16.949     3.46    4.25
 -26283.314    19.072     7.41    5.49
 -25996.873    21.760     9.38    6.29
 -25710.413    24.824    10.70    6.76
 -25423.936    28.601    13.18    7.53
 -25137.441    31.614    10.52    8.21
 -24850.928    34.039     8.46    8.02
 -24564.398    35.275     4.31    7.21
 -24277.849    35.339     0.23    6.98
 -23991.283    35.858     1.81    6.73
 -23704.700    34.941    -3.20    6.88
 -23418.098    32.887    -7.17    7.08
 -23131.479    30.521    -8.26    6.29
 -22844.842    28.419    -7.33    5.73
 -22558.187    28.195    -0.78    5.62
 -22271.515    27.458    -2.57    5.28
 -21984.824    28.466     3.52    6.11
 -21698.116    29.168     2.45    6.31
 -21411.390    27.428    -6.07    8.27
 -21124.647    24.757    -9.31   10.84
 -20837.885    20.871   -13.55   12.42
 -20551.106    17.966   -10.13   13.05
 -20264.309    13.193   -16.64   11.96
 -19977.494     9.208   -13.89    7.71
 -19690.662     6.841    -8.25    2.52
 -19403.811     6.659    -0.63    1.92
 -19116.943     6.928     0.94    1.37
 -18830.057     6.906    -0.08    0.89
 -18543.153     6.629    -0.97    0.90
 -18256.231     6.360    -0.94    0.96
 -17969.291     6.072    -1.00    0.94
 -17682.334     5.684    -1.35    0.95
 -17395.359     5.395    -1.01    0.98
 -17108.366     5.062    -1.16    0.94
 -16821.355     4.907    -0.54    0.77
 -16534.326     4.935     0.10    0.72
 -16247.279     5.023     0.31    0.72
 -15960.215     5.163     0.49    0.68
 -15673.132     5.308     0.51    0.67
 -15386.032     5.494     0.65    0.56
 -15098.914     5.684     0.66    0.33
 -14811.778     5.800     0.40    0.09
 -14524.624     5.800    -0.00    0.09
 -14237.453     5.808     0.03    0.00
 -13950.263     5.808     0.00    0.00
 -13663.055     5.800    -0.03    0.09
 -13375.830     5.734    -0.23    0.26
 -13088.587     5.650    -0.29    0.37
 -12801.326     5.603    -0.17    0.41
 -12514.046     5.586    -0.06    0.42
 -12226.749     5.498    -0.31    0.46
 -11939.434     5.469    -0.10    0.48
 -11652.102     5.491     0.08    0.47
 -11364.751     5.548     0.20    0.44
 -11077.382     5.593     0.16    0.41
 -10789.995     5.618     0.09    0.39
 -10502.591     5.704     0.30    0.31
 -10215.168     5.775     0.25    0.18
  -9927.728     5.808     0.11    0.00
  -9640.270     5.808     0.00    0.00
  -9352.793     5.808     0.00    0.00
  -9065.299     5.808     0.00    0.00
  -8777.787     5.808     0.00    0.00
  -8490.256     5.808     0.00    0.00
  -8202.708     5.808     0.00    0.00
  -7915.142     5.808     0.00    0.00
  -7627.558     5.808     0.00    0.00
  -7339.956     5.808     0.00    0.00
  -7052.336     5.808     0.00    0.00
  -6764.698     5.808     0.00    0.00
  -6477.042     5.808     0.00    0.00
  -6189.368     5.808     0.00    0.00
  -5901.676     5.808     0.00    0.00
  -5613.966     5.808     0.00    0.00
  -5326.238     5.808     0.00    0.00
  -5038.492     5.808     0.00    0.00
  -4750.727     5.808     0.00    0.00
  -4462.945     5.808     0.00    0.00
  -4175.145     5.808     0.00    0.00
  -3887.327     5.808     0.00    0.00
  -3599.491     5.808     0.00    0.00
  -3311.637     5.808     0.00    0.00
  -3023.764     5.808     0.00    0.00
  -2735.874     5.808     0.00    0.00
  -2447.966     5.808     0.00    0.00
  -2160.039     5.808     0.00    0.00
  -1872.095     5.808     0.00    0.00
  -1584.133     5.808     0.00    0.00
  -1296.152     5.799    -0.03    0.09
  -1008.153     5.327    -1.64    1.52
   -720.137     4.474    -2.96    2.61
   -432.102     2.972    -5.22    3.48
   -144.049     1.609    -4.73    3.68
    144.022     0.266    -4.66    3.35
    432.111    -0.928    -4.14    2.46
    720.218    -0.994    -0.23    2.34
   1008.343     0.037     3.58    3.55
   1296.486     1.907     6.49    4.26
   1584.648     3.728     6.32    4.45
   1872.827     5.715     6.89    4.06
   2161.025     7.601     6.54    2.89
   2449.241     8.847     4.32    1.90
   2737.474     9.576     2.53    1.37
   3025.726     9.923     1.20    1.03
   3313.997     9.920    -0.01    1.26
   3602.285     9.122    -2.77    2.99
   3890.591     8.119    -3.48    3.78
   4178.916     7.840    -0.97    4.08
   4467.258     8.275     1.51    4.46
   4755.619     9.283     3.49    5.25
   5043.998    11.387     7.30    6.82
   5332.395    14.259     9.96    8.42
   5620.810    17.857    12.48    9.30
   5909.244    22.300    15.40    9.09
   6197.695    25.630    11.55    9.59
   6486.165    28.588    10.25    9.90
   6774.653    31.078     8.63    9.90
   7063.159    33.074     6.92    9.89
   7351.683    33.998     3.20    9.88
   7640.226    34.736     2.56   10.22
   7925.876    35.287     1.93    9.81
   8210.661    35.866     2.03    9.21
   8495.462    37.233     4.80    9.22
   8780.281    38.328     3.85    9.37
   9065.116    38.144    -0.65    8.72
   9349.968    38.520     1.32    8.79
   9634.837    39.226     2.48    8.20
   9919.723    42.791    12.52   14.21
  10204.626    48.568    20.27   21.29
  10489.546    56.371    27.39   28.59
  10774.483    63.902    26.43   31.46
  11059.437    72.019    28.49   32.15
  11344.407    79.981    27.94   30.76
  11629.395    87.974    28.05   30.46
  11914.400    96.195    28.84   33.60
  12199.421   105.216    31.65   36.81
  12484.460   112.176    24.42   39.60
  12769.515   126.204    49.21   43.54
  13054.587   148.453    78.05   46.85
  13339.677   171.078    79.36   49.64
  13624.783   193.300    77.94   48.40
  13909.906   214.920    75.83   52.33
  14195.047   238.259    81.85   57.04
  14480.204   262.072    83.51   54.93
  14765.378   277.472    54.00   55.11
  15050.569   298.582    74.02   55.36
  15335.778   319.299    72.64   56.06
  15621.003   334.173    52.15   54.69
  15906.245   350.249    56.36   49.44
  16191.504   357.849    26.64   47.40
  16476.780   358.014     0.58   53.93
  16762.074   362.165    14.55   58.30
  17047.384   364.287     7.44   67.51
  17332.711   370.558    21.98   72.04
  17618.055   380.385    34.44   70.63
  17903.417   379.703    -2.39   70.92
  18188.795   368.719   -38.49   78.99
  18474.190   354.072   -51.32   83.58
  18759.603   330.247   -83.48   88.04
  19045.032   295.993  -120.01   84.62
  19330.478   265.523  -106.75   72.91
  19615.942   242.432   -80.89   70.19
  19901.422   225.674   -58.70   62.44
  20186.920   208.122   -61.48   53.54
  20472.435   200.480   -26.77   58.30
  20757.966   198.239    -7.85   59.17
  21043.515   203.856    19.67   67.70
  21329.081   220.190    57.20   81.25
  21614.664   234.295    49.39   85.37
  21900.264   241.171    24.07   84.23
  22185.881   241.477     1.07   83.39
  22471.515   236.119   -18.76   78.29
  22757.166   219.760   -57.27   80.20
  23042.835   193.332   -92.51   71.10
  23328.520   165.044   -99.02   55.09
  23614.222   143.936   -73.88   46.10
  23899.942   124.295   -68.74   33.23
  24185.679   108.419   -55.56   26.13
  24471.432    99.371   -31.66   23.03
  24757.203    91.708   -26.82   17.92
  25042.991    83.712   -27.98   13.93
  25328.796    78.086   -19.69   11.60
  25614.619    73.717   -15.28    9.82
  25900.458    70.284   -12.01    9.87
  26186.315    65.075   -18.22   11.05
  26472.188    59.604   -19.14   11.58
  26758.079    54.408   -18.18   11.43
  27043.987    49.864   -15.89   11.42
  27329.912    44.518   -18.70   10.29
  27615.854    40.117   -15.39    9.07
  27901.814    36.237   -13.57    7.13
  28187.790    33.783    -8.58    6.36
  28473.784    32.554    -4.30    5.40
  28759.794    31.535    -3.56    3.88
  29045.822    31.419    -0.40    3.15
  29331.868    32.209     2.76    3.10
  29617.930    33.295     3.80    2.92
  29904.009    34.348     3.68    2.10
  30190.106    34.966     2.16    1.63
  30476.220    35.221     0.89    1.31
  30762.351    35.421     0.70    1.46
  31048.499    35.601     0.63    1.42
  31334.665    35.848     0.86    1.30
  31620.847    36.107     0.90    0.82
  31907.047    36.122     0.05    0.68
  32193.264    35.983    -0.49    0.44
  32479.498    36.005     0.08    0.47
  32765.750    36.009     0.02    0.48
  33052.019    36.092     0.29    0.71
  33338.305    36.504     1.44    1.53
  33624.608    37.357     2.98    2.70
  33910.928    38.961     5.60    4.02
  34197.266    41.101     7.48    5.19
  34483.620    44.064    10.35    6.48
  34769.992    47.440    11.79    7.23
  35056.382    51.974    15.83    8.25
  35342.788    58.246    21.90   12.04
  35629.212    66.546    28.98   17.88
  35915.653    74.288    27.03   21.78
  36202.111    83.614    32.56   26.63
  36488.587    94.176    36.87   30.11
  36775.080   109.501    53.49   38.40
  37061.590   127.262    61.99   44.35
  37348.117   136.650    32.77   46.03
  37634.662   143.064    22.38   45.35
  37921.224   148.513    19.01   44.90
  38207.803   151.038     8.81   47.18
  38494.400   152.685     5.75   49.57
  38781.013   151.009    -5.85   52.31
  39067.645   144.863   -21.44   53.23
  39354.293   138.849   -20.98   53.30
  39640.959   137.714    -3.96   53.36
  39927.642   134.503   -11.20   49.75
  40214.342   129.742   -16.61   46.01
  40501.060   119.720   -34.95   37.44
  40787.794   112.582   -24.90   28.67
  41074.547   109.663   -10.18   22.88
  41361.316   107.576    -7.28   21.81
  41648.103   105.138    -8.50   18.78
  41934.907   104.965    -0.61   16.26
  42221.729   105.973     3.52   14.10
  42508.568   109.651    12.82   14.15
  42795.424   115.578    20.66   17.40
  43082.298   123.384    27.21   20.11
  43369.189   128.784    18.82   20.60
  43656.097   134.752    20.80   24.99
  43943.023   139.546    16.71   31.26
  44229.966   136.692    -9.95   33.25
  44516.926   133.768   -10.19   34.06
  44803.904   126.737   -24.50   33.07
  45090.899   119.726   -24.43   29.47
  45377.912   116.008   -12.95   25.44
  45664.942   112.034   -13.85   23.80
  45951.989   110.824    -4.21   27.00
  46239.054   111.989     4.06   33.90
  46526.136   110.316    -5.83   35.27
  46813.235   105.439   -16.99   35.19
  47100.352    99.730   -19.89   29.28
  47387.486    96.450   -11.42   23.43
  47674.638    99.596    10.96   24.11
  47961.807   112.159    43.75   34.76
  48248.994   131.250    66.48   46.13
  48536.197   155.058    82.90   52.36
  48823.419   175.760    72.08   51.90
  49110.658   196.070    70.71   46.11
  49397.914   205.284    32.08   37.34
  49685.187   206.448     4.05   33.45
  49972.478   195.742   -37.26   36.98
  50259.787   184.472   -39.23   42.75
  50547.113   171.839   -43.97   44.53
  50834.456   160.899   -38.08   39.91
  51121.817   148.570   -42.91   32.14
  51409.196   139.106   -32.93   29.40
  51696.591   135.255   -13.40   27.76
  51984.005   134.474    -2.72   28.55
  52271.435   134.369    -0.37   27.56
  52558.884   135.957     5.52   28.01
  52846.349   135.020    -3.26   25.63
  53133.832   135.735     2.48   22.59
  53421.333   139.190    12.02   21.32
  53708.851   144.720    19.23   21.19
  53996.387   150.751    20.98   20.93
  54283.940   158.136    25.68   21.15
  54571.510   168.673    36.64   26.68
  54859.098   187.111    64.11   39.96
  55146.704   208.482    74.31   50.01
  55434.327   233.816    88.08   56.62
  55721.968   251.791    62.50   52.21
  56009.626   258.674    23.93   44.92
  56297.302   254.506   -14.49   46.58
  56584.995   246.221   -28.80   45.15
  56872.706   235.665   -36.69   40.75
  57160.434   225.106   -36.70   33.73
  57448.180   218.499   -22.96   23.94
  57735.943   218.911     1.43   21.84
  58023.724   227.905    31.25   28.88
  58311.522   240.023    42.11   45.45
  58599.338   255.521    53.85   59.03
  58887.172   277.718    77.12   65.40
  59175.023   298.035    70.58   61.05
  59462.892   317.768    68.55   58.77
  59750.778   342.426    85.65   61.40
  60038.682   366.544    83.77   61.29
  60326.603   383.792    59.91   61.93
  60614.542   404.168    70.77   60.29
  60902.498   420.656    57.26   60.07
  61190.473   431.896    39.03   57.71
  61478.464   434.119     7.72   58.93
  61766.474   417.629   -57.26   70.09
  62054.500   397.933   -68.39   78.83
  62342.545   386.316   -40.33   77.45
  62630.607   377.086   -32.04   68.19
  62918.687   372.152   -17.13   57.20
  63206.784   358.627   -46.94   48.99
  63494.899   346.784   -41.11   48.12
  63783.032   335.469   -39.27   52.90
  64071.182   318.296   -59.60   59.79
  64359.350   297.144   -73.40   56.95
  64647.535   282.548   -50.65   45.91
  64935.738   276.987   -19.30   40.18
  65223.959   278.598     5.59   39.34
  65512.197   280.717     7.35   39.91
  65800.453   297.424    57.96   45.90
  66088.727   314.903    60.64   48.91
  66377.019   328.493    47.14   52.12
  66665.328   342.000    46.85   50.88
  66953.654   359.387    60.31   53.05
  67241.999   370.676    39.15   51.69
  67530.361   384.131    46.66   47.95
  67818.740   397.138    45.11   47.17
  68107.138   405.215    28.01   44.39
  68395.553   409.817    15.96   44.01
  68683.985   414.250    15.37   43.34
