-142545.582   308.070     0.00   36.46
-142258.419   298.814   -32.23   31.25
-141971.264   295.537   -11.41   26.43
-141684.116   290.250   -18.41   23.30
-141396.976   293.521    11.39   28.34
-141109.844   302.688    31.93   34.93
-140822.719   317.472    51.49   38.65
-140535.602   334.224    58.35   44.18
-140248.493   348.826    50.86   45.01
-139961.391   367.601    65.40   48.51
-139674.297   382.650    52.42   50.55
-139387.211   396.957    49.83   46.93
-139100.132   406.500    33.24   41.75
-138813.061   409.648    10.97   38.86
-138525.998   402.197   -25.96   39.38
-138238.942   389.964   -42.62   40.66
-137951.894   376.203   -47.94   42.68
-137664.854   364.586   -40.47   42.63
-137377.821   350.101   -50.47   42.95
-137090.796   338.493   -40.45   43.92
-136803.779   331.814   -23.27   47.79
-136516.769   322.716   -31.70   47.59
-136229.767   313.543   -31.96   45.18
-135942.772   304.823   -30.39   40.91
-135655.786   293.261   -40.29   39.07
-135368.807   277.580   -54.64   36.28
-135081.835   264.064   -47.10   31.28
-134794.871   253.401   -37.16   25.20
-134507.915   246.650   -23.53   17.24
-134220.966   246.428    -0.77   14.38
-133934.026   254.279    27.36   22.78
-133647.092   268.465    49.44   32.57
-133360.167   284.623    56.32   38.69
-133073.249   304.451    69.11   41.58
-132786.338   319.664    53.03   40.55
-132499.436   336.239    57.77   33.90
-132212.541   344.173    27.65   27.93
-131925.653   346.669     8.70   25.65
-131638.774   348.500     6.38   25.42
-131351.901   349.314     2.84   24.81
-131065.037   349.859     1.90   23.99
-130778.180   356.133    21.87   27.17
-130491.331   365.396    32.29   31.64
-130204.489   373.453    28.09   29.49
-129917.656   379.833    22.24   30.78
-129630.829   381.934     7.33   31.02
-129344.011   381.654    -0.98   33.08
-129057.200   376.972   -16.33   34.27
-128770.396   367.721   -32.25   30.81
-128483.600   358.108   -33.52   29.36
-128196.812   347.845   -35.79   33.91
-127910.032   338.688   -31.93   38.52
-127623.259   325.217   -46.97   42.91
-127336.494   308.766   -57.37   42.42
-127049.736   291.305   -60.89   34.73
-126762.986   279.810   -40.09   23.20
-126476.244   280.073     0.92   24.73
-126189.509   289.809    33.95   36.67
-125902.782   302.783    45.25   44.35
-125616.063   313.921    38.85   45.05
-125329.351   319.511    19.50   46.14
-125042.646   318.662    -2.96   51.49
-124755.950   315.819    -9.92   55.81
-124469.261   303.885   -41.63   60.88
-124182.580   287.900   -55.76   62.00
-123895.906   270.897   -59.31   56.74
-123609.240   258.633   -42.78   50.40
-123322.581   248.153   -36.56   44.35
-123035.930   237.022   -38.83   42.02
-122749.287   226.094   -38.12   42.35
-122462.651   210.585   -54.11   44.15
-122176.023   193.950   -58.04   44.90
-121889.403   180.616   -46.52   43.99
-121602.790   168.934   -40.76   40.75
-121316.185   156.887   -42.03   34.17
-121029.587   146.650   -35.72   20.53
-120742.997   140.283   -22.22    6.55
-120456.415   138.324    -6.83    6.20
-120169.840   136.667    -5.78    6.71
-119883.273   134.314    -8.21    5.86
-119596.714   132.300    -7.03    4.79
-119310.162   130.564    -6.06    3.54
-119023.617   129.246    -4.60    2.33
-118737.081   129.167    -0.28    2.34
-118450.551   129.869     2.45    3.13
-118164.030   130.950     3.77    3.74
-117877.516   132.993     7.13    5.00
-117591.010   136.455    12.08    9.90
-117304.511   139.163     9.45    9.93
-117018.020   142.551    11.82   10.98
-116731.536   148.015    19.07   16.57
-116445.061   156.944    31.17   24.59
-116158.592   169.493    43.81   32.68
-115872.132   184.072    50.90   36.48
-115585.678   196.810    44.47   33.35
-115299.233   207.105    35.94   26.07
-115012.795   213.365    21.86   20.44
-114726.365   215.571     7.70   18.67
-114439.942   217.259     5.89   18.05
-114153.527   220.511    11.35   15.69
-113867.119   222.486     6.89   14.73
-113580.719   227.646    18.02   16.81
-113294.327   235.264    26.60   20.84
-113007.942   244.861    33.51   24.47
-112721.565   257.331    43.54   31.68
-112435.195   274.535    60.08   42.19
-112148.833   299.825    88.32   55.84
-111862.479   330.243   106.23   67.87
-111576.132   366.201   125.58   74.89
-111289.793   399.007   114.57   66.21
-111003.461   418.993    69.80   51.80
-110717.137   426.613    26.61   41.91
-110430.821   421.674   -17.25   47.55
-110144.512   408.463   -46.14   54.68
-109858.211   391.496   -59.26   53.99
-109571.917   372.401   -66.70   44.91
-109285.631   355.913   -57.60   37.15
-108999.352   340.486   -53.89   35.01
-108713.081   332.490   -27.93   34.48
-108426.818   326.626   -20.48   34.83
-108140.562   323.504   -10.91   35.67
-107854.313   323.021    -1.69   37.77
-107568.073   317.567   -19.05   39.16
-107281.840   310.362   -25.17   41.08
-106995.614   300.849   -33.24   42.23
-106709.396   295.027   -20.34   40.75
-106423.186   289.591   -18.99   39.95
-106136.983   281.752   -27.39   35.72
-105850.788   277.460   -14.99   32.86
-105564.600   275.700    -6.15   30.49
-105278.420   281.460    20.13   29.45
-104992.247   291.099    33.68   31.26
-104706.082   304.986    48.53   39.62
-104419.925   324.051    66.62   47.47
-104133.775   342.784    65.47   50.17
-103847.633   362.154    67.69   53.53
-103561.498   379.219    59.64   55.93
-103275.371   395.746    57.76   56.82
-102989.251   418.723    80.31   67.08
-102703.139   437.872    66.93   66.85
-102417.035   455.978    63.29   65.62
-102130.938   476.086    70.29   60.85
-101844.848   500.556    85.53   60.90
-101558.766   524.860    84.96   51.70
-101272.692   530.124    18.40   48.57
-100986.625   524.457   -19.81   57.98
-100700.566   502.723   -75.98   72.42
-100414.515   471.109  -110.52   90.62
-100128.471   422.099  -171.34   99.87
 -99842.434   379.113  -150.29   89.87
 -99556.405   348.949  -105.46   66.96
 -99270.384   341.266   -26.86   57.84
 -98984.370   351.157    34.58   67.61
 -98698.364   379.368    98.64   77.83
 -98412.365   409.529   105.46   73.07
 -98126.374   443.676   119.40   63.56
 -97840.390   463.928    70.82   58.33
 -97554.414   480.594    58.28   60.69
 -97268.446   496.718    56.39   68.52
 -96982.485   510.757    49.09   75.44
 -96696.531   516.188    18.99   73.55
 -96410.586   512.919   -11.43   68.92
 -96124.647   510.084    -9.92   60.94
 -95838.716   500.721   -32.74   54.36
 -95552.793   486.942   -48.19   53.94
 -95266.878   470.894   -56.13   59.27
 -94980.969   454.801   -56.29   68.43
 -94695.069   436.511   -63.98   72.85
 -94409.176   423.257   -46.36   72.03
 -94123.290   416.944   -22.08   67.63
 -93837.412   415.190    -6.14   63.35
 -93551.542   422.522    25.65   62.10
 -93265.679   439.042    57.79   66.98
 -92979.823   461.338    78.00   63.43
 -92693.975   482.912    75.47   56.49
 -92408.135   503.643    72.53   52.89
 -92122.302   520.050    57.40   51.52
 -91836.477   536.601    57.91   46.92
 -91550.659   545.855    32.38   44.63
 -91264.849   549.882    14.09   53.86
 -90979.046   543.754   -21.44   61.21
 -90693.251   535.507   -28.85   60.47
 -90407.464   534.873    -2.22   59.50
 -90121.684   539.950    17.77   52.59
 -89835.911   552.978    45.59   55.18
 -89550.146   579.820    93.93   73.50
 -89264.389   618.274   134.57   89.89
 -88978.639   667.482   172.21   96.53
 -88692.896   715.088   166.61   99.04
 -88407.161   762.643   166.43   93.90
 -88121.434   798.857   126.75   79.42
 -87835.714   815.103    56.86   65.76
 -87550.002   817.521     8.46   64.34
 -87264.297   804.303   -46.26   70.89
 -86978.599   772.051  -112.89   83.40
 -86692.910   732.642  -137.94   88.38
 -86407.227   691.610  -143.63   91.53
 -86121.553   644.237  -165.83  103.62
 -85835.885   592.654  -180.57  109.40
 -85550.226   539.599  -185.73  108.13
 -85264.573   486.721  -185.11  103.52
 -84978.929   434.877  -181.50  100.14
 -84693.291   392.262  -149.19   87.07
 -84407.388   351.271  -143.38   67.94
 -84120.047   321.101  -105.00   49.16
 -83832.713   299.168   -76.34   29.19
 -83545.389   285.275   -48.35   17.66
 -83258.072   276.688   -29.88   12.64
 -82970.764   270.572   -21.29   11.04
 -82683.465   265.169   -18.81   10.06
 -82396.174   259.515   -19.68   10.62
 -82108.891   254.686   -16.81    9.79
 -81821.616   250.921   -13.11    7.24
 -81534.350   249.674    -4.34    5.27
 -81247.093   250.688     3.53    6.79
 -80959.843   253.993    11.50    9.40
 -80672.603   258.216    14.70   10.52
 -80385.370   262.868    16.20   10.33
 -80098.146   267.800    17.17    8.76
 -79810.930   273.716    20.60    9.28
 -79523.723   278.679    17.28    9.68
 -79236.524   282.296    12.59    9.18
 -78949.333   283.849     5.41    9.12
 -78662.151   285.051     4.18   10.72
 -78374.977   288.993    13.73   16.29
 -78087.812   294.404    18.84   24.77
 -77800.655   302.713    28.94   34.09
 -77513.506   313.217    36.58   40.58
 -77226.366   327.305    49.06   42.07
 -76939.234   343.101    55.02   40.12
 -76652.110   356.028    45.02   36.56
 -76364.995   370.291    49.68   37.15
 -76077.888   385.029    51.34   44.00
 -75790.790   402.736    61.68   52.38
 -75503.700   423.886    73.67   57.49
 -75216.618   446.355    78.27   57.69
 -74929.545   465.216    65.70   51.08
 -74642.480   480.357    52.74   45.95
 -74355.423   498.875    64.51   40.94
 -74068.375   514.051    52.87   46.27
 -73781.335   528.539    50.47   51.68
 -73494.304   550.380    76.09   57.99
 -73207.281   573.328    79.96   61.14
 -72920.266   602.110   100.28   60.83
 -72633.259   630.197    97.86   53.72
 -72346.261   644.176    48.71   44.39
 -72059.272   648.007    13.35   45.52
 -71772.290   632.403   -54.37   63.25
 -71485.317   604.854   -96.00   84.76
 -71198.353   569.729  -122.40   87.98
 -70911.396   536.986  -114.11   79.03
 -70624.448   509.478   -95.86   68.44
 -70337.509   501.043   -29.40   71.22
 -70050.578   505.307    14.86   80.34
 -69763.655   517.701    43.20   79.87
 -69476.740   530.592    44.93   73.08
 -69189.834   537.213    23.08   58.78
 -68902.936   531.029   -21.55   54.72
 -68616.047   517.667   -46.58   57.12
 -68329.166   494.064   -82.27   60.90
 -68042.293   465.699   -98.88   58.74
 -67755.428   445.214   -71.41   49.82
 -67468.572   430.225   -52.25   43.45
 -67181.724   419.058   -38.93   43.27
 -66894.885   412.312   -23.52   47.14
 -66608.054   408.908   -11.86   49.67
 -66321.231   402.324   -22.96   51.59
 -66034.417   394.630   -26.82   49.80
 -65747.611   383.793   -37.79   46.08
 -65460.813   374.438   -32.62   43.29
 -65174.023   361.326   -45.72   39.01
 -64887.242   349.601   -40.88   34.25
 -64600.470   338.314   -39.36   29.21
 -64313.705   328.632   -33.76   23.72
 -64026.949   319.679   -31.22   16.74
 -63740.201   313.478   -21.62   10.70
 -63453.462   308.978   -15.69    7.42
 -63166.731   306.757    -7.75    5.16
 -62880.008   308.500     6.08    9.89
 -62593.294   313.654    17.98   17.57
 -62306.588   322.928    32.35   26.14
 -62019.890   335.029    42.21   32.91
 -61733.200   348.104    45.61   35.03
 -61446.519   362.361    49.73   32.07
 -61159.847   372.920    36.83   27.16
 -60873.182   376.043    10.90   24.12
 -60586.526   372.397   -12.72   27.35
 -60299.878   357.093   -53.39   41.58
 -60013.239   333.847   -81.10   58.47
 -59726.607   304.489  -102.42   65.20
 -59439.984   282.236   -77.64   58.56
 -59153.370   275.717   -22.74   53.23
 -58866.764   281.662    20.74   63.10
 -58580.166   304.277    78.91   81.32
 -58293.576   342.540   133.52   89.19
 -58006.995   383.312   142.27   78.82
 -57720.422   414.340   108.27   62.54
 -57433.857   437.080    79.35   46.87
 -57147.301   444.216    24.90   38.54
 -56860.753   440.514   -12.92   40.09
 -56574.213   427.891   -44.05   48.13
 -56287.681   404.051   -83.20   59.35
 -56001.158   372.479  -110.19   66.54
 -55714.643   339.594  -114.78   71.41
 -55428.137   304.263  -123.32   70.54
 -55141.638   274.246  -104.77   64.62
 -54855.149   241.735  -113.48   60.86
 -54568.667   212.221  -103.03   57.35
 -54282.194   185.279   -94.05   48.19
 -53995.729   165.842   -67.85   43.14
 -53709.272   146.428   -67.77   40.62
 -53422.823   135.347   -38.68   41.06
 -53136.383   123.596   -41.03   39.44
 -52849.951   116.591   -24.45   35.16
 -52563.528   113.411   -11.10   31.05
 -52277.112   114.775     4.76   29.66
 -51990.705   118.225    12.05   33.48
 -51704.307   127.284    31.63   36.68
 -51417.916   139.282    41.89   38.17
 -51131.534   149.735    36.50   37.13
 -50845.160   159.000    32.35   39.68
 -50558.795   165.664    23.27   43.34
 -50272.438   169.394    13.03   42.74
 -49986.089   177.288    27.57   44.53
 -49699.748   186.303    31.48   46.51
 -49413.416   197.985    40.80   52.79
 -49127.092   216.436    64.44   62.17
 -48840.776   242.712    91.78   70.82
 -48554.468   275.301   113.83   72.68
 -48268.169   305.920   106.95   69.00
 -47981.878   333.014    94.64   62.28
 -47695.595   361.125    98.19   54.01
 -47409.321   379.993    65.91   56.20
 -47123.055   398.764    65.57   59.33
 -46836.797   419.263    71.61   52.89
 -46550.547   424.761    19.21   51.60
 -46264.306   427.664    10.14   52.19
 -45978.073   418.739   -31.18   58.65
 -45691.848   395.904   -79.78   71.01
 -45405.632   363.288  -113.96   78.78
 -45119.423   320.193  -150.57   82.05
 -44833.223   280.029  -140.34   79.18
 -44547.032   235.986  -153.89   68.45
 -44260.848   204.986  -108.32   55.79
 -43974.673   182.963   -76.96   41.02
 -43688.506   170.592   -43.23   30.65
 -43402.348   170.426    -0.58   30.31
 -43116.197   179.435    31.48   39.59
 -42830.055   197.633    63.60   50.06
 -42543.921   218.248    72.05   54.22
 -42257.796   241.522    81.34   55.63
 -41971.678   259.464    62.71   54.57
 -41685.569   277.993    64.76   54.36
 -41399.468   291.346    46.67   54.50
 -41113.376   300.036    30.38   53.25
 -40827.292   302.472     8.52   53.12
 -40541.216   302.933     1.61   51.86
 -40255.148   306.036    10.85   54.01
 -39969.088   307.586     5.42   59.33
 -39683.037   309.360     6.20   60.82
 -39396.994   313.664    15.05   61.19
 -39110.959   307.853   -20.32   59.36
 -38824.933   296.161   -40.88   62.76
 -38538.914   276.022   -70.41   74.96
 -38252.904   251.350   -86.26   76.66
 -37966.903   235.681   -54.79   67.98
 -37680.909   229.043   -23.21   59.25
 -37394.924   230.406     4.76   60.10
 -37108.947   246.669    56.87   69.03
 -36822.978   273.919    95.29   70.88
 -36537.017   310.671   128.52   60.64
 -36251.065   346.872   126.60   58.72
 -35965.121   376.978   105.29   62.53
 -35679.185   404.871    97.55   60.26
 -35393.258   424.028    67.00   53.22
 -35107.338   435.243    39.22   46.68
 -34821.427   434.993    -0.87   50.47
 -34535.524   424.364   -37.18   61.66
 -34249.630   404.066   -71.00   69.83
 -33963.743   381.496   -78.95   72.16
 -33677.865   356.528   -87.34   70.90
 -33391.995   332.199   -85.11   64.71
 -33106.133   312.181   -70.03   65.39
 -32820.280   291.021   -74.02   66.37
 -32534.435   271.103   -69.68   61.41
 -32248.598   261.993   -31.87   54.75
 -31962.769   256.627   -18.77   55.05
 -31676.948   261.375    16.61   57.46
 -31391.136   270.769    32.87   58.97
 -31105.332   280.390    33.66   56.04
 -30819.536   278.153    -7.83   52.16
 -30533.748   268.681   -33.14   59.12
 -30247.969   243.979   -86.44   68.99
 -29962.198   221.400   -79.01   63.52
 -29676.435   208.511   -45.10   51.17
 -29390.680   204.288   -14.78   45.00
 -29104.933   210.586    22.04   48.18
 -28819.195   223.268    44.38   54.61
 -28533.465   240.277    59.53   57.79
 -28247.743   256.901    58.18   54.66
 -27962.029   270.522    47.68   51.49
 -27676.324   279.170    30.27   52.33
 -27390.626   283.553    15.34   48.92
 -27104.937   287.449    13.64   42.77
 -26819.256   289.964     8.80   39.17
 -26533.584   291.171     4.23   36.12
 -26247.919   291.485     1.10   35.43
 -25962.263   285.050   -22.53   38.51
 -25676.615   272.688   -43.28   45.53
 -25390.975   258.551   -49.49   54.51
 -25105.344   235.241   -81.61   63.93
 -24819.720   204.050  -109.20   66.82
 -24534.105   170.239  -118.38   61.37
 -24248.498   142.801   -96.07   50.36
 -23962.899   114.057  -100.65   42.00
 -23677.309    90.153   -83.70   38.54
 -23391.727    70.044   -70.41   36.84
 -23106.152    54.850   -53.21   34.70
 -22820.586    41.471   -46.85   31.07
 -22534.625    29.356   -42.37   22.42
 -22247.208    20.350   -31.33   11.33
 -21959.800    16.246   -14.28    4.72
 -21672.401    14.537    -5.95    1.81
 -21385.011    13.864    -2.34    1.45
 -21097.630    13.566    -1.04    1.51
 -20810.259    13.370    -0.68    1.51
 -20522.896    13.364    -0.02    1.63
 -20235.542    13.855     1.71    2.65
 -19948.198    15.245     4.84    4.56
 -19660.863    17.151     6.64    6.26
 -19373.537    19.706     8.89    7.87
 -19086.219    23.845    14.41   10.09
 -18798.911    28.921    17.67   13.79
 -18511.613    36.812    27.47   20.73
 -18224.323    45.207    29.22   24.91
 -17937.042    52.129    24.09   25.44
 -17649.770    55.618    12.15   23.98
 -17362.508    55.261    -1.24   23.61
 -17075.254    52.971    -7.97   21.86
 -16788.010    49.957   -10.49   19.88
 -16500.775    45.750   -14.64   16.43
 -16213.548    42.935    -9.80   12.07
 -15926.331    42.713    -0.77   10.91
 -15639.123    47.810    17.75   14.89
 -15351.924    52.920    17.79   18.63
 -15064.734    57.471    15.84   21.53
 -14777.554    64.693    25.15   23.87
 -14490.382    73.219    29.69   23.89
 -14203.219    80.630    25.81   22.79
 -13916.066    89.118    29.56   21.66
 -13628.921    97.058    27.65   18.27
 -13341.786   101.352    14.96   15.86
 -13054.660   102.085     2.55   15.15
 -12767.542   100.360    -6.01   18.96
 -12480.434    92.404   -27.71   26.50
 -12193.335    81.993   -36.26   32.68
 -11906.245    69.270   -44.32   35.05
 -11619.164    56.414   -44.78   34.21
 -11332.092    45.243   -38.92   31.80
 -11045.029    35.412   -34.25   26.57
 -10757.975    27.873   -26.26   21.29
 -10470.931    24.201   -12.79   18.41
 -10183.895    24.235     0.12   16.67
  -9896.868    25.379     3.98   15.10
  -9609.851    28.404    10.54   15.09
  -9322.842    31.515    10.84   13.89
  -9035.843    34.879    11.72   10.18
  -8748.852    37.674     9.74    6.65
  -8461.871    38.235     1.96    6.23
  -8174.899    36.964    -4.43    6.28
  -7887.936    35.574    -4.85    7.47
  -7600.981    34.014    -5.43   10.52
  -7314.036    31.155    -9.97   14.53
  -7027.100    28.584    -8.96   16.63
  -6740.173    24.607   -13.86   17.74
  -6453.255    20.754   -13.43   17.90
  -6166.346    17.221   -12.31   17.42
  -5879.447    13.390   -13.35   16.14
  -5592.556     9.489   -13.60   13.39
  -5305.674     6.618   -10.01   10.21
  -5018.801     4.475    -7.47    7.51
  -4731.938     3.129    -4.69    5.15
  -4445.083     2.015    -3.88    3.16
  -4158.237     1.715    -1.04    2.77
  -3871.401     1.290    -1.48    2.20
  -3584.573     1.162    -0.45    1.94
  -3297.755     1.029    -0.46    1.81
  -3010.945     0.743    -1.00    1.40
  -2724.145     0.779     0.13    1.48
  -2437.353     0.730    -0.17    1.46
  -2150.571     0.551    -0.62    1.13
  -1863.798     0.561     0.03    1.17
  -1577.033     0.532    -0.10    1.21
  -1290.278     0.403    -0.45    0.97
  -1003.532     0.406     0.01    1.04
   -716.794     0.305    -0.35    0.90
   -430.066     0.119    -0.65    0.42
   -143.347     0.064    -0.19    0.30
    143.363     0.014    -0.17    0.12
    430.064     0.000    -0.05    0.00
    716.756     0.000     0.00    0.00
   1003.440     0.021     0.07    0.15
   1290.114     0.037     0.05    0.19
   1576.779     0.050     0.05    0.22
   1863.435     0.051     0.00    0.22
   2150.082     0.051     0.00    0.22
   2436.720     0.098     0.16    0.30
   2723.349     0.265     0.58    0.69
   3009.969     0.813     1.91    1.71
   3296.580     1.603     2.75    2.51
   3583.182     2.346     2.59    2.88
   3869.775     2.964     2.16    3.07
   4156.359     3.923     3.35    3.26
   4442.934     4.933     3.53    3.40
   4729.500     5.688     2.63    3.84
   5016.057     6.220     1.85    4.42
   5302.605     6.739     1.81    4.89
   5589.144     7.043     1.06    5.37
   5875.674     7.157     0.40    5.73
   6162.194     6.809    -1.22    5.96
   6448.706     6.121    -2.40    5.99
   6735.209     5.547    -2.00    5.86
   7021.703     4.659    -3.10    5.45
   7308.188     4.536    -0.43    5.33
   7594.664     4.193    -1.20    5.23
   7881.131     4.126    -0.23    5.34
   8167.589     4.577     1.58    5.71
   8454.038     5.413     2.92    6.16
   8740.478     6.215     2.80    6.39
   9026.909     7.564     4.71    6.52
   9313.331     8.066     1.75    6.52
   9599.744     8.526     1.61    6.56
   9886.148     8.851     1.14    6.50
  10172.543     9.103     0.88    6.55
  10458.930     9.963     3.00    6.40
  10745.307    10.450     1.70    6.26
  11031.675    11.422     3.40    6.47
  11318.034    12.647     4.28    7.00
  11604.384    12.979     1.16    6.89
  11890.725    14.067     3.80    7.09
  12177.057    15.121     3.68    7.50
  12463.381    15.314     0.67    7.26
  12749.695    15.139    -0.61    6.10
  13036.000    15.007    -0.46    5.33
  13322.297    14.921    -0.30    3.90
  13608.584    15.331     1.43    3.18
  13894.862    15.199    -0.46    1.53
  14181.132    15.114    -0.29    0.32
  14467.392    15.094    -0.07    0.29
  14753.644    15.078    -0.06    0.27
  15039.886    15.057    -0.07    0.23
  15326.120    15.088     0.11    0.28
  15612.344    15.079    -0.03    0.27
  15898.560    15.086     0.03    0.28
  16184.766    14.978    -0.38    0.56
  16470.964    14.707    -0.95    1.05
  16757.153    14.326    -1.33    1.45
  17043.333    13.985    -1.19    1.56
  17329.503    13.688    -1.04    1.55
  17615.665    13.221    -1.63    2.01
  17901.818    12.263    -3.35    2.59
  18187.962    11.254    -3.53    3.10
  18474.097    10.060    -4.17    3.46
  18760.223     9.153    -3.17    3.28
  19046.340     8.545    -2.12    2.92
  19332.448     8.489    -0.20    2.95
  19618.548     8.929     1.54    3.35
  19904.638     9.693     2.67    3.43
  20190.719     9.804     0.39    3.51
  20476.792     9.667    -0.48    3.59
  20762.855     9.457    -0.73    3.81
  21048.909     9.215    -0.85    3.87
  21334.955     8.721    -1.72    3.72
  21620.992     8.203    -1.81    3.57
  21907.019     8.123    -0.28    3.14
  22193.038     8.184     0.21    2.85
  22479.048     8.403     0.76    2.43
  22765.048     8.304    -0.35    1.72
  23051.040     8.282    -0.08    1.24
  23337.023     8.182    -0.35    1.14
  23622.997     7.919    -0.92    1.29
  23908.962     7.614    -1.06    1.47
  24194.919     7.526    -0.31    1.47
  24480.866     7.585     0.21    1.58
  24766.804     7.836     0.88    1.59
  25052.734     8.103     0.93    1.79
  25338.654     8.533     1.50    2.05
  25624.565     9.007     1.66    2.28
  25910.468     9.612     2.12    2.31
  26196.362    10.232     2.17    2.08
  26482.246    10.549     1.11    2.08
  26768.122    10.970     1.47    1.92
  27053.989    11.171     0.70    1.82
  27339.847    11.554     1.34    1.84
  27625.696    12.095     1.89    1.75
  27911.536    12.597     1.76    1.76
  28197.368    12.965     1.29    1.98
  28483.190    13.311     1.21    2.11
  28769.003    13.429     0.41    2.24
  29054.808    13.591     0.57    2.59
  29340.603    13.803     0.74    3.55
  29626.390    13.986     0.64    4.67
  29912.168    13.935    -0.18    5.14
  30197.937    13.674    -0.91    4.98
  30483.697    13.577    -0.34    5.30
  30769.448    12.438    -3.99    2.29
  31055.190    12.066    -1.30    1.36
  31340.923    11.300    -2.68    2.33
  31626.647    10.126    -4.11    2.64
  31912.363     9.153    -3.40    2.84
  32198.069     8.246    -3.17    2.74
  32483.767     7.393    -2.99    2.36
  32769.456     6.638    -2.64    1.63
  33055.135     6.336    -1.06    1.26
  33340.806     6.065    -0.95    0.32
  33626.468     6.022    -0.15    0.15
  33912.122     6.000    -0.08    0.00
  34197.766     6.000     0.00    0.00
  34483.401     6.000     0.00    0.00
  34769.028     6.007     0.03    0.08
  35054.645     6.684     2.37    1.76
  35340.254     7.914     4.31    2.94
  35625.854     9.321     4.93    3.57
  35911.445    11.360     7.14    5.12
  36197.027    14.971    12.64    7.88
  36482.600    19.116    14.51    9.80
  36768.164    23.741    16.20   11.20
  37053.719    28.597    17.01   12.87
  37339.266    34.467    20.56   13.44
  37624.803    40.312    20.47   13.50
  37910.332    42.858     8.92   13.89
  38195.852    44.321     5.12   14.58
  38481.363    44.393     0.25   14.99
  38766.865    42.324    -7.25   15.46
  39052.358    38.419   -13.68   13.44
  39338.393    35.637    -9.73   10.95
  39625.892    33.144    -8.67    7.75
  39913.382    32.382    -2.65    5.62
  40200.862    33.489     3.85    6.86
  40488.332    36.652    11.00    9.70
  40775.792    41.142    15.62   12.06
  41063.242    45.367    14.70   14.27
  41350.683    48.481    10.84   16.24
  41638.113    52.301    13.29   17.81
  41925.534    54.476     7.56   18.07
  42212.945    55.881     4.89   17.23
  42500.347    57.171     4.49   16.89
  42787.738    57.291     0.42   14.50
  43075.120    56.853    -1.52   11.41
  43362.492    60.168    11.54   12.24
  43649.854    61.889     5.99   13.39
  43937.206    66.164    14.88   15.83
  44224.549    72.807    23.12   18.62
  44511.881    78.072    18.32   18.93
  44799.204    83.514    18.94   17.80
  45086.518    87.532    13.98   16.84
  45373.821    90.444    10.14   16.50
  45661.114    90.200    -0.85   17.82
  45948.398    88.846    -4.71   19.06
  46235.672    87.301    -5.38   19.11
  46522.936    83.657   -12.69   17.09
  46810.191    81.272    -8.30   12.17
  47097.435    81.471     0.69    8.13
  47384.670    83.094     5.65    8.12
  47671.895    85.582     8.66    8.17
  47959.111    87.403     6.34    7.78
  48246.316    88.664     4.39    7.04
  48533.512    87.735    -3.23    7.46
  48820.698    83.489   -14.78   11.08
  49107.874    78.978   -15.71   13.13
  49395.040    74.036   -17.21   13.11
  49682.197    69.800   -14.75   10.78
  49969.344    67.511    -7.97    8.44
  50256.481    65.175    -8.14    5.95
  50543.608    63.890    -4.48    4.30
  50830.726    64.187     1.03    4.27
  51117.834    66.100     6.66    6.32
  51404.932    69.413    11.54    9.67
  51692.020    74.255    16.87   12.47
  51979.098    79.972    19.91   14.95
  52266.167    88.919    31.17   17.89
  52553.226    99.560    37.07   18.93
  52840.275   109.759    35.53   19.92
  53127.315   119.178    32.81   20.77
  53414.345   129.122    34.65   21.63
  53701.364   139.388    35.77   20.98
  53988.375   147.613    28.66   20.08
  54275.375   153.551    20.69   19.37
  54562.366   158.430    17.00   19.63
  54849.347   161.664    11.27   20.82
  55136.318   163.730     7.20   20.72
  55423.279   166.603    10.01   21.17
  55710.231   166.923     1.11   21.24
  55997.173   166.903    -0.07   18.14
  56284.105   168.864     6.84   16.84
  56571.028   170.036     4.08   15.14
  56857.941   171.855     6.34   15.12
  57144.844   175.607    13.08   17.38
  57431.737   183.377    27.08   21.84
  57718.621   191.728    29.11   22.83
  58005.494   203.634    41.50   23.09
  58292.358   214.043    36.29   25.14
  58579.213   226.929    44.92   30.32
  58866.057   243.824    58.90   39.85
  59152.892   266.289    78.32   55.47
  59439.717   300.600   119.62   73.52
  59726.533   340.862   140.38   84.61
  60013.339   384.037   150.53   89.32
  60300.135   421.329   130.03   83.87
  60586.921   451.178   104.08   73.28
  60873.697   466.206    52.40   71.17
  61160.464   469.664    12.06   80.52
  61447.221   469.548    -0.40   86.50
  61733.969   452.807   -58.38   94.61
  62020.706   430.066   -79.31   91.68
  62307.434   412.544   -61.11   84.53
  62594.152   393.121   -67.74   83.55
  62880.861   368.433   -86.11   78.17
  63167.560   339.073  -102.41   81.78
  63454.249   298.833  -140.36   87.63
  63740.928   268.316  -106.45   85.16
  64027.598   242.943   -88.51   81.78
  64314.258   222.979   -69.64   78.17
  64600.908   207.404   -54.33   76.12
  64887.549   188.899   -64.56   86.58
  65174.180   161.319   -96.22   88.28
  65460.801   149.138   -42.50   91.77
  65747.412   133.421   -54.83   89.57
  66034.014   111.839   -75.30   82.12
  66320.606    92.616   -67.08   78.09
  66607.188    73.357   -67.20   70.58
  66893.761    58.149   -53.07   61.45
  67180.324    43.507   -51.10   49.29
  67466.877    26.963   -57.73   27.18
  67753.421    20.416   -22.85   10.52
  68039.955    18.022    -8.36    1.08
  68326.479    17.889    -0.46    0.42
  68612.993    17.971     0.29    0.17
  68899.498    18.000     0.10    0.00
  69185.993    18.000     0.00    0.00
  69472.479    17.950    -0.17    0.22
  69758.955    17.926    -0.08    0.26
  70045.421    17.926     0.00    0.29
  70331.877    17.863    -0.22    0.40
  70618.324    17.836    -0.10    0.41
  70904.761    17.835    -0.00    0.37
  71191.188    17.819    -0.05    0.39
  71477.606    17.761    -0.20    0.43
  71764.014    17.683    -0.27    0.47
  72050.412    17.679    -0.02    0.53
  72336.801    17.741     0.22    0.60
  72623.180    17.872     0.46    0.73
  72909.549    17.955     0.29    0.81
  73195.909    18.086     0.46    0.86
  73482.259    18.216     0.45    0.89
  73768.599    18.355     0.49    0.89
  74054.930    18.514     0.56    0.83
  74341.251    18.679     0.57    0.70
  74627.562    18.763     0.29    0.59
  74913.864    18.716    -0.16    0.59
  75200.156    18.664    -0.18    0.56
  75486.439    18.493    -0.60    0.64
  75772.711    18.254    -0.84    0.73
  76058.974    18.044    -0.73    0.72
  76345.228    17.801    -0.85    0.66
  76631.472    17.632    -0.59    0.56
  76917.706    18.338     2.47    4.83
  77203.930    22.007    12.82   15.51
  77490.145    27.824    20.32   25.68
  77776.350    35.117    25.48   34.93
  78062.546    41.321    21.68   40.20
  78348.731    46.381    17.68   43.26
  78634.908    47.230     2.97   43.67
  78921.074    42.182   -17.64   42.69
  79207.231    34.926   -25.36   37.43
  79493.378    26.564   -29.22   25.82
  79779.516    20.496   -21.21   12.84
  80065.644    17.759    -9.57    0.43
  80351.763    17.779     0.07    0.42
  80637.871    17.851     0.25    0.36
  80923.970    17.900     0.17    0.30
  81210.060    17.949     0.17    0.22
  81496.140    17.993     0.15    0.09
  81782.210    17.950    -0.15    0.22
  82068.271    17.940    -0.04    0.24
  82354.322    17.934    -0.02    0.25
  82640.363    17.929    -0.02    0.26
  82926.395    17.948     0.07    0.22
  83212.417    17.979     0.11    0.14
  83498.429    18.000     0.07    0.00
  83784.432    18.000     0.00    0.00
  84070.425    18.000     0.00    0.00
  84356.409    18.000     0.00    0.00
  84642.383    18.000     0.00    0.00
  84928.347    18.000     0.00    0.00
  85214.302    18.000     0.00    0.00
  85500.247    18.000     0.00    0.00
  85786.183    18.000     0.00    0.00
  86072.108    18.000     0.00    0.00
  86358.025    18.000     0.00    0.00
  86643.931    18.000     0.00    0.00
  86929.829    18.007     0.03    0.09
  87215.716    18.014     0.02    0.12
  87501.594    18.007    -0.02    0.09
  87787.462    18.109     0.36    0.59
  88073.321    18.312     0.71    1.16
  88359.170    18.575     0.92    1.81
  88645.009    18.693     0.41    1.99
  88930.839    18.774     0.28    2.21
  89216.659    18.925     0.53    2.54
  89502.470    19.407     1.69    3.34
  89788.271    22.237     9.90    9.17
  90074.063    29.577    25.68   19.49
  90359.845    43.050    47.14   33.03
  90645.617    63.252    70.69   47.17
  90931.380    89.379    91.43   54.06
  91217.133   110.348    73.38   50.79
  91502.876   127.104    58.64   40.31
  91788.610   142.443    53.68   31.18
  92074.334   155.874    47.01   31.90
  92360.049   164.708    30.92   35.83
  92645.754   164.693    -0.05   39.73
  92931.450   167.187     8.73   43.78
  93217.136   174.864    26.87   44.15
  93502.812   184.703    34.44   49.08
  93788.479   190.882    21.63   53.25
  94074.137   198.064    25.14   58.63
  94359.784   213.254    53.17   63.85
  94645.422   231.356    63.37   61.62
  94931.051   236.353    17.49   63.41
  95216.670   227.672   -30.39   72.37
  95502.279   205.879   -76.30   84.89
  95787.879   177.854   -98.12   85.45
  96073.469   150.029   -97.43   76.01
  96359.050   127.410   -79.20   59.61
  96644.621   116.145   -39.45   43.79
  96930.183   120.007    13.53   47.26
  97215.735   141.949    76.84   63.99
  97501.277   174.274   113.20   77.50
  97786.810   210.279   126.09   84.83
  98072.334   246.814   127.96   82.81
  98357.847   281.911   122.92   79.29
  98643.352   311.493   103.61   85.38
  98928.846   344.564   115.84   89.05
  99214.331   376.507   111.89   88.37
  99499.807   401.781    88.53   79.96
  99785.273   420.619    65.99   70.98
 100070.729   432.226    40.66   63.40
