# NaN NaN NaN ;Mean Elev.(m), Avg Gradient(m/km), RMS Gradient(m/km) - SRTM1     
#    6.096 -14.338  42.343 ;Mean Elev.(m), Avg Gradient(m/km), RMS Gradient(m/km) - ASTER GDEM
#   23.559 -13.830  42.159 ;Mean Elev.(m), Avg Gradient(m/km), RMS Gradient(m/km) - GMTED2010 
   2 200.572945  63.574332   107.966   110.278  4 54670.02783923 14.913
   3 200.572831  63.574959    19.972    19.967  4 54679.94348319 22.401
   4 200.574242  63.576189    89.287    91.952  5 54689.85912612 17.082
   5 200.575294  63.577200    21.854    21.931  5 54699.77476688 17.674
   6 200.574219  63.576544    89.637    91.072  5 54709.69041173 20.303
   7 200.573343  63.574242    20.537    21.091  4 54719.60606331 18.967
   8 200.571372  63.571986    88.128    88.210  4 54729.52171213 25.198
   9 200.569382  63.571273    80.332    73.849  3 54739.43735917  3.799
  10 200.569762  63.571505    80.595    80.595  2 54749.35300628  6.730
  11 200.571681  63.571844    76.225    76.233  4 54759.26865327 21.903
  12 200.570245  63.572382    76.790    76.498  4 54769.18429762 16.108
  13 200.570537  63.571699    82.462    89.716  4 54779.09993888 10.662
  14 200.568092  63.571313    94.579    94.989  4 54789.01557743  5.805
  15 200.570195  63.570963    91.979    92.170  4 54798.93121541  2.415
  17 200.571945  63.574469    25.244    25.212  5 54818.76249054 26.646
  18 200.572679  63.574864    25.356    25.348  5 54828.67814255 27.919
  19 200.574155  63.574040    25.579    25.573  4 54838.59378170 22.004
  21 200.572031  63.574113    27.182    26.499  5 54858.42507937 14.305
  22 200.571972  63.574727    27.418    27.233  5 54868.34072804 11.890
  23 200.572916  63.574271    28.609    28.517  5 54878.25637608 14.712
  24 200.573112  63.572980    24.702    24.220  4 54888.17202104 22.354
  25 200.569993  63.571597    30.278    30.282  4 54898.08766242 11.926
  26 200.569175  63.570643    30.611    30.549  4 54908.00330147 10.632
  27 200.568252  63.571316    30.391    30.391  5 54917.91893917  9.099
  28 200.570404  63.572048    30.108    30.063  5 54927.83457704  9.273
  29 200.570110  63.572793    30.217    30.217  5 54937.75021403 10.612
  30 200.569489  63.572984    23.705    23.712  4 54947.66584927 25.521
  31 200.567597  63.573100    74.501    74.211  4 54957.58148415 14.138
  33 200.570012  63.572350    88.489    88.840  5 54977.41278046 19.069
  34 200.571703  63.572792    28.037    27.990  5 54987.32842805 50.666
  36 200.573243  63.573398    86.755    86.714  4 55007.15972163  4.168
  37 200.576361  63.573033    81.646    81.369  3 55017.07536575  4.778
  38 200.572670  63.574394    29.532    29.646  5 55026.99100771 28.850
  40 200.573339  63.575964   101.132   105.718  5 55046.82229070 20.571
  41 200.577992  63.574559    83.709    83.709  2 55056.73793046  2.090
  44 200.570610  63.571177    76.457    75.065  4 55086.48486482 26.728
  45 200.570017  63.571785    86.509    86.631  5 55096.40051080 26.099
  47 200.569606  63.572322    92.132    98.284  5 55116.23180177 20.779
  48 200.568163  63.571462    91.379    92.257  4 55126.14744471 13.747
  49 200.568423  63.570557    87.401    87.248  5 55136.06308537 14.215
  50 200.568092  63.570974    24.194    24.172  5 55145.97872384 36.293
  51 200.569442  63.572465    26.967    26.948  4 55155.89436171 24.511
  52 200.571158  63.573818    27.388    27.327  5 55165.80999981 23.252
  53 200.572140  63.574869    27.353    27.328  5 55175.72563764 21.472
  54 200.572473  63.574775    27.115    26.669  5 55185.64127910 21.063
  55 200.571734  63.574318    25.519    25.657  4 55195.55693022 20.096
  56 200.572354  63.574329    25.602    25.737  4 55205.47258009 20.223
  57 200.575010  63.574720    26.326    26.446  4 55215.38822943 17.445
  58 200.572889  63.575294    26.010    26.209  4 55225.30387776 17.647
  59 200.570697  63.574085    26.083    26.287  4 55235.21952417 16.638
  60 200.569446  63.571690    26.207    26.269  5 55245.13516747 15.599
  61 200.567454  63.570008    27.966    27.897  5 55255.05080784 17.720
  62 200.569444  63.569823    28.168    28.236  4 55264.96644689 16.941
  63 200.571525  63.571592    28.442    28.029  4 55274.88208494 16.797
  64 200.571992  63.573301    29.287    29.064  4 55284.79772217 15.224
  65 200.571214  63.573341    29.365    29.483  5 55294.71335775 15.705
  66 200.569229  63.571971    29.061    29.168  5 55304.62899609 11.146
  67 200.571145  63.569750    24.681    23.474  4 55314.54464384 23.444
  68 200.568169  63.571016    91.291    90.300  5 55324.46028893 10.408
  69 200.570053  63.572766    88.651    89.581  5 55334.37593308 24.732
  70 200.570791  63.574323    92.396    92.396  2 55344.29157687  3.835
  71 200.575087  63.573548    87.510    87.227  3 55354.20722053  2.026
  73 200.570682  63.574066    74.427    74.931  4 55374.03850066  8.695
  78 200.569346  63.572662    27.450    27.477  4 55423.61671458 29.799
  79 200.566066  63.570865    90.449    91.018  4 55433.53236068 17.918
  85 200.568049  63.570792    88.399    83.987  5 55493.02620319 11.537
  86 200.568779  63.571748    86.070    85.511  5 55502.94183694  9.417
  87 200.571796  63.573355    23.451    23.485  5 55512.85748376 36.613
  88 200.572505  63.575178    23.692    23.718  5 55522.77313330 45.922
  89 200.573174  63.575272    23.592    23.563  4 55532.68878153 28.781
  90 200.572842  63.574057    27.113    27.149  4 55542.60442807 21.527
  91 200.570947  63.573453    26.511    26.528  4 55552.52007236 20.216
  92 200.571783  63.573695    27.539    27.528  5 55562.43571548 18.596
  93 200.572404  63.574989    26.771    26.755  4 55572.35135776 19.125
  94 200.571727  63.575660    27.565    27.544  4 55582.26699873 17.630
  95 200.573356  63.573960    27.294    27.300  4 55592.18263685 17.089
  96 200.570797  63.572301    23.269    22.831  5 55602.09827130 25.842
  97 200.569939  63.571288    25.020    25.156  5 55612.01390377 19.176
  98 200.571164  63.572052    27.187    27.181  4 55621.92953778 16.312
  99 200.570910  63.573433    26.735    26.299  4 55631.84519062 15.166
 100 200.573199  63.573818    28.351    28.243  4 55641.76084163 10.922
 101 200.571094  63.573485    26.016    25.848  5 55651.67648951 15.471
 102 200.569760  63.571459    29.299    29.231  5 55661.59213367 11.704
 103 200.568038  63.570453    29.345    29.552  4 55671.50777447 10.739
 104 200.569709  63.570925    27.300    26.566  5 55681.42341380 19.666
 108 200.573313  63.575195    83.312    83.747  4 55721.08597777  0.924
 110 200.569052  63.574833    90.916    87.270  4 55740.91727160 18.321
 113 200.572763  63.573511    75.920    75.336  4 55770.66420031 23.247
 115 200.568971  63.571729    89.563    90.637  4 55790.49547073 25.211
 117 200.572412  63.573065    82.667    83.646  4 55810.32675199  3.006
 118 200.571629  63.574231    75.233    75.597  4 55820.24240055 25.516
 119 200.571070  63.574186    75.618    75.477  4 55830.15804462 22.591
 120 200.567079  63.573636    75.700    75.700  2 55840.07368391 10.245
 121 200.562261  63.573601    94.768    94.768  2 55849.98932008 11.476
 123 200.573264  63.574027    89.171    89.603  4 55869.82060613 14.747
 124 200.572422  63.575801    23.109    23.069  4 55879.73625699 24.946
 125 200.573516  63.576044    23.037    23.052  4 55889.65190148 21.946
 126 200.572174  63.575949    19.477    19.605  4 55899.56753992 22.510
 127 200.573471  63.575613    25.824    25.806  4 55909.48317374 21.036
 128 200.572633  63.575177    23.842    23.400  5 55919.39882469 19.882
 129 200.574365  63.574259    25.630    26.166  4 55929.31447756 18.500
 130 200.573481  63.573461    25.251    25.804  4 55939.23012651 18.634
 131 200.570146  63.572384    28.344    28.296  4 55949.14577046 13.257
 132 200.570587  63.571020    29.147    29.044  4 55959.06141042 12.525
 133 200.569072  63.571376    28.397    28.619  5 55968.97704771 12.267
 134 200.570537  63.572396    28.147    28.251  4 55978.89268435 11.675
 135 200.571115  63.573690    29.838    29.857  5 55988.80832021 12.955
 136 200.572456  63.573736    28.538    28.541  4 55998.72396198 12.504
 137 200.572069  63.572641    29.609    29.936  4 56008.63961318 11.662
 138 200.569732  63.572024    29.631    29.553  5 56018.55525993 12.225
 139 200.568996  63.571967    30.344    30.528  4 56028.47090379 12.408
 142 200.572056  63.575578    75.296    75.120  4 56058.21782345 17.734
 143 200.573101  63.576440    79.896    79.530  4 56068.13345650 13.422
 144 200.571980  63.575832    95.153    95.301  3 56078.04910725 12.454
 147 200.571984  63.574480    89.958    90.011  4 56107.79604624 22.094
 151 200.570191  63.572466    75.425    75.236  5 56147.45859290 19.584
 154 200.575230  63.572106    90.518    97.457  3 56177.20553634  3.674
 155 200.570287  63.572306    86.603    86.723  4 56187.12117673 13.775
 156 200.569131  63.572241    94.084    95.017  4 56197.03681388  8.026
 157 200.572347  63.572876    88.110    87.800  4 56206.95244844  6.351
 158 200.574397  63.574843    73.931    73.844  4 56216.86808129 15.400
 160 200.574307  63.576014    24.024    24.004  5 56236.69937814 41.758
 161 200.571540  63.575429    28.630    28.585  4 56246.61502900 24.431
 162 200.571078  63.574795    29.067    29.092  4 56256.53067496 21.798
 163 200.573466  63.574740    29.560    29.480  5 56266.44631743 19.615
 164 200.571840  63.575694    28.577    28.273  4 56276.36195773 19.537
 165 200.573595  63.574618    29.138    29.526  5 56286.27760474 17.631
 166 200.570904  63.572883    28.581    28.852  4 56296.19325458 16.844
 167 200.568629  63.570914    28.765    28.851  5 56306.10890043 15.008
 168 200.568620  63.570201    28.271    27.988  5 56316.02454319 14.842
 169 200.569945  63.571520    28.679    28.679  5 56325.94018419 14.007
 170 200.571178  63.573499    28.694    28.623  4 56335.85582424 14.417
 171 200.571924  63.574310    29.015    29.201  4 56345.77146315 14.303
 172 200.572438  63.573511    28.980    28.872  4 56355.68709979 14.173
 173 200.569243  63.572253    27.529    27.687  4 56365.60274603 16.848
 174 200.568291  63.571706    29.869    29.826  4 56375.51839480 13.546
 176 200.571556  63.574622    29.995    29.947  4 56395.34968427 14.339
 177 200.572156  63.575886    30.019    29.898  4 56405.26532580  8.549
 180 200.573492  63.574352    27.015    27.046  4 56435.01224561 33.360
 181 200.572880  63.574012    91.875    91.605  4 56444.92789762 24.164
 182 200.573014  63.574555    90.647    90.101  5 56454.84354718 25.030
 185 200.566533  63.571548    77.932    75.869  3 56484.59047628 16.480
 186 200.568101  63.570817    26.413    26.571  5 56494.50611297 45.248
 188 200.574108  63.575033    82.545    85.041  3 56514.33738033  0.287
 189 200.572520  63.575883    82.193    81.994  4 56524.25303158 21.286
 193 200.571411  63.573014    85.145    87.170  4 56563.91561800  2.604
 194 200.571739  63.575842    80.100    78.996  4 56573.83125930  2.045
 196 200.574292  63.577251    29.016    29.794  4 56593.66253288 29.499
 197 200.573732  63.574874    86.337    86.156  4 56603.57818610 17.687
 198 200.571656  63.573666    22.674    22.648  4 56613.49383480 43.291
 199 200.572811  63.573830    23.621    23.603  5 56623.40947953 37.936
 200 200.572736  63.574768    23.890    23.922  5 56633.32512119 35.710
 201 200.574989  63.574858    23.919    23.922  4 56643.24075848 31.088
 202 200.572473  63.573174    25.188    25.279  4 56653.15640951 26.280
 203 200.568730  63.571384    25.738    25.462  5 56663.07205850 25.035
 204 200.568896  63.570175    25.698    25.821  5 56672.98770507 25.301
 205 200.569580  63.571529    26.915    27.475  4 56682.90335008 17.390
 206 200.571539  63.573415    26.966    26.807  4 56692.81899309 16.112
 207 200.573944  63.574585    29.109    28.977  4 56702.73463207 13.094
 208 200.572893  63.574412    29.075    29.230  4 56712.65026574 13.882
 209 200.571851  63.572542    28.698    28.355  4 56722.56591297 14.715
 210 200.570341  63.571630    29.122    29.175  5 56732.48156405 14.170
 211 200.570889  63.573041    29.264    29.372  5 56742.39721149 14.150
 212 200.574943  63.574866    29.130    29.288  4 56752.31285485 14.027
 214 200.573863  63.577230    79.390    79.114  4 56772.14412349  4.443
 215 200.572853  63.574597    24.797    24.769  5 56782.05978088 40.173
 217 200.570701  63.572427    88.378    88.279  5 56801.89108674 23.170
 218 200.572484  63.572922    79.184    76.890  4 56811.80673096 27.132
 219 200.572050  63.573429    77.180    77.214  4 56821.72237083 23.148
 220 200.571732  63.572805    29.104    29.623  4 56831.63800663 31.091
 222 200.571245  63.571836    76.724    76.454  4 56851.46927667 24.888
 224 200.572895  63.573241    79.582    77.146  4 56871.30058459 25.386
 226 200.571533  63.573277    87.503    87.526  4 56891.13188219 22.982
 227 200.563952  63.573409    76.703    76.703  2 56901.04752561  5.709
 230 200.571926  63.575837    74.754    73.991  4 56930.79444739 16.389
 232 200.575195  63.576524    86.035    85.913  4 56950.62572058 17.578
 233 200.573241  63.574694    74.164    74.034  5 56960.54137234 24.618
 234 200.571747  63.573584    24.261    24.272  5 56970.45701902 31.447
 235 200.571615  63.573576    24.717    24.716  4 56980.37266172 32.182
 236 200.572392  63.574175    25.253    25.224  5 56990.28830001 34.219
 237 200.574172  63.574497    24.988    25.004  4 57000.20393208 24.422
 238 200.569963  63.573806    24.712    24.710  4 57010.11958641 24.437
 239 200.570957  63.571870    24.957    24.957  5 57020.03523880 19.657
 240 200.569260  63.571746    26.553    26.496  5 57029.95088787 17.789
 241 200.570529  63.572157    26.112    26.376  4 57039.86653547 18.126
 242 200.571473  63.573259    27.812    27.828  5 57049.78218080 15.250
 243 200.572221  63.573991    27.783    27.937  5 57059.69782212 13.923
 244 200.571979  63.574337    28.051    27.839  4 57069.61345769 13.260
 245 200.570792  63.574867    28.442    28.354  4 57079.52908880 13.017
 246 200.574341  63.574847    29.173    29.213  4 57089.44472694 14.297
 247 200.575008  63.575037    29.518    29.613  4 57099.36038503 14.441
 248 200.575439  63.575532    29.427    29.369  4 57109.27604005 13.553
 249 200.572751  63.575915    28.935    28.912  4 57119.19168944 16.253
 250 200.572929  63.574790    29.431    29.513  5 57129.10733327 10.785
 252 200.565793  63.575830    77.312    77.312  2 57148.93860540  8.294
 253 200.566724  63.576626    94.365    94.365  2 57158.85423734  0.499
 254 200.572297  63.574841    89.456    89.327  4 57168.76988759 24.833
 255 200.572931  63.573040    88.829    90.725  4 57178.68554386  4.725
 256 200.569162  63.572236    80.111    79.604  3 57188.60119555  9.094
 257 200.568746  63.571928    88.480    89.116  5 57198.51684351 16.971
 258 200.571850  63.571985    73.829    73.728  4 57208.43247801 28.016
 259 200.570230  63.573437    26.010    25.985  4 57218.34812207 48.700
 263 200.568501  63.575653    79.890    77.741  3 57258.01067961 13.181
 264 200.573518  63.576358    88.223    88.067  4 57267.92631428 14.182
 266 200.567995  63.578104    75.909    75.909  2 57287.75761817 15.101
 267 200.574851  63.575131    75.719    75.712  4 57297.67327257 22.476
 269 200.571489  63.573113    87.130    88.030  4 57317.50456841 23.711
 270 200.572261  63.572968    88.146    88.531  4 57327.42021131  9.425
 271 200.572408  63.573756    74.347    74.314  4 57337.33585190 15.361
 272 200.572269  63.573214    24.210    24.111  4 57347.25149965 34.647
 273 200.570222  63.572144    24.357    24.346  5 57357.16714624 28.792
 274 200.568721  63.571169    24.747    24.514  4 57367.08278943 21.211
 275 200.570030  63.571168    24.722    24.699  4 57376.99842969 24.731
 276 200.570674  63.573071    28.406    28.310  4 57386.91406796 16.974
 277 200.573006  63.574698    28.285    28.408  4 57396.82970576 12.691
 278 200.573801  63.575613    28.372    28.363  4 57406.74534229 12.336
 279 200.572217  63.574569    27.865    27.710  4 57416.66099334 11.800
 280 200.570619  63.573649    27.590    27.364  4 57426.57664440 12.974
 281 200.571734  63.573599    27.967    28.116  5 57436.49229269 12.573
 282 200.574268  63.574794    27.814    27.757  4 57446.40793934 14.067
 283 200.573406  63.576536    28.394    28.500  4 57456.32358470 11.911
 284 200.574631  63.576338    28.455    28.359  5 57466.23922817 11.981
 285 200.573132  63.575205    28.955    29.063  5 57476.15486760 11.830
 289 200.573740  63.575516    88.599    88.333  5 57515.81742876 24.211
 290 200.571694  63.574811    86.260    87.210  4 57525.73308254  2.347
 291 200.569499  63.572786    80.048    77.536  4 57535.64873400 23.185
 292 200.570193  63.570626    90.194    90.841  4 57545.56438290 24.967
 293 200.568870  63.571032    89.367    89.185  4 57555.48002933 26.675
 295 200.572541  63.574333    76.434    76.014  4 57575.31131882 16.734
 297 200.572789  63.573802    26.881    26.824  5 57595.14260410 39.797
