# NaN NaN NaN ;Mean Elev.(m), Avg Gradient(m/km), RMS Gradient(m/km) - SRTM1     
#   17.853  -5.382  28.088 ;Mean Elev.(m), Avg Gradient(m/km), RMS Gradient(m/km) - ASTER GDEM
#    8.216  -5.783  27.073 ;Mean Elev.(m), Avg Gradient(m/km), RMS Gradient(m/km) - GMTED2010 
   1    59.042 54661.12797189  9.38 198.796332  61.878402 10.256  267.23  267.49  264.88
   1    80.402 54661.12797248  1.59 198.801053  61.877009  3.428  267.23  267.49  264.88
   1    61.342 54661.12797307 12.79 198.805774  61.875616 15.163  267.23  267.49  264.88
   3    13.214 54680.95926106 21.42 198.795579  61.878551 10.580 -100.00 -100.00 -100.00
   3    13.840 54680.95926165 20.48 198.800299  61.877158 10.164 -100.00 -100.00 -100.00
   3    14.185 54680.95926224 19.77 198.805020  61.875764  7.484 -100.00 -100.00 -100.00
   4    13.730 54690.87490440 21.11 198.801567  61.878194 12.376  266.73  266.23  264.01
   4    14.087 54690.87490499 21.55 198.806287  61.876800 12.551  266.73  266.23  264.01
   4    14.353 54690.87490558 23.99 198.811007  61.875407 14.318  266.73  266.23  264.01
   5    13.181 54700.79054482 39.64 198.802052  61.879178   -100 -100.00 -100.00 -100.00
   5    13.216 54700.79054541 41.00 198.806773  61.877785   -100 -100.00 -100.00 -100.00
   5    13.217 54700.79054600 45.40 198.811493  61.876391   -100 -100.00 -100.00 -100.00
   6    12.577 54710.70619112 37.30 198.800677  61.878382   -100  262.80  262.86  260.08
   6    12.272 54710.70619171 41.95 198.805398  61.876989  4.211  262.80  262.86  260.08
   6    12.671 54710.70619230 42.03 198.810117  61.875596   -100  262.80  262.86  260.08
   7    12.428 54720.62184189 46.96 198.794025  61.877737   -100 -100.00 -100.00 -100.00
   7    12.411 54720.62184248 47.24 198.798745  61.876344   -100 -100.00 -100.00 -100.00
   7    12.403 54720.62184307 53.22 198.803465  61.874951   -100 -100.00 -100.00 -100.00
   8    14.088 54730.53749066 20.80 198.792688  61.875402  8.901  258.30  257.64  256.25
   8    13.872 54730.53749125 21.12 198.797408  61.874009  8.497  258.30  257.64  256.25
   9    11.030 54740.45313716 23.03 198.788139  61.875631 10.028  258.78  258.98  257.58
   9    10.898 54740.45313775 25.33 198.792859  61.874238 15.695  258.78  258.98  257.58
   9    13.582 54740.45313834 23.72 198.797579  61.872844 11.270  258.78  258.98  257.58
  10    10.623 54750.36878421 24.12 198.789619  61.875334 11.354  255.87  253.64  252.27
  10    11.059 54750.36878480 23.57 198.794339  61.873941  8.739  255.87  253.64  252.27
  10    10.749 54750.36878540 30.81 198.799059  61.872548 27.463  255.87  253.64  252.27
  11    10.324 54760.28443112 48.19 198.791751  61.875168  8.813  255.82  253.67  251.95
  11    10.588 54760.28443171 45.12 198.796471  61.873774   -100  255.82  253.67  251.95
  12    12.161 54770.20007513 36.93 198.789333  61.875853 32.096  256.49  254.68  251.77
  12    12.916 54770.20007572 38.94 198.794054  61.874459 18.098  256.49  254.68  251.77
  12    12.033 54770.20007631 41.20 198.798774  61.873066   -100  256.49  254.68  251.77
  13    10.839 54780.11571607 33.78 198.788106  61.875821   -100  256.62  254.82  250.70
  13    11.415 54780.11571666 35.10 198.792827  61.874427 21.993  256.62  254.82  250.70
  13    11.497 54780.11571725 36.69 198.797547  61.873034 31.262  256.62  254.82  250.70
  14    11.083 54790.03135468 30.63 198.788250  61.875339 24.087  252.51  249.48  244.42
  14    11.046 54790.03135527 34.22 198.792971  61.873946   -100  252.51  249.48  244.42
  14    11.479 54790.03135586 34.89 198.797692  61.872553 31.708  252.51  249.48  244.42
  15    10.844 54799.94699219 24.32 198.788535  61.875910 15.506  250.74  246.99  239.18
  15    11.006 54799.94699278 24.66 198.793256  61.874517 15.934  250.74  246.99  239.18
  15    10.890 54799.94699338 23.08 198.797977  61.873123 10.602  250.74  246.99  239.18
  16    10.874 54809.86263032 27.03 198.793430  61.876133 22.551  248.57  245.46  236.33
  16    11.028 54809.86263091 27.82 198.798151  61.874740 24.710  248.57  245.46  236.33
  16    10.728 54809.86263150 28.60 198.802871  61.873346   -100  248.57  245.46  236.33
  17    10.953 54819.77826908 15.75 198.795913  61.877540  6.327 -100.00 -100.00 -100.00
  17    10.663 54819.77826967 21.30 198.800634  61.876146 12.867 -100.00 -100.00 -100.00
  17    11.164 54819.77827027 17.94 198.805355  61.874753  8.663 -100.00 -100.00 -100.00
  18    11.334 54829.69392159 13.09 198.796855  61.877326  5.397 -100.00 -100.00 -100.00
  18    12.962 54829.69392218 12.64 198.801576  61.875933  4.102 -100.00 -100.00 -100.00
  18    13.015 54829.69392277 12.89 198.806296  61.874539  4.870  244.24  238.47  228.20
  19    12.114 54839.60956018 11.11 198.794000  61.877573  5.039 -100.00 -100.00 -100.00
  19    13.316 54839.60956077 10.30 198.798720  61.876180  3.379 -100.00 -100.00 -100.00
  19    13.393 54839.60956136 10.92 198.803440  61.874787  4.064 -100.00 -100.00 -100.00
  20    10.774 54849.52520927 12.96 198.793505  61.877209  7.592  229.36  222.21  209.17
  20    13.037 54849.52520986 13.84 198.798226  61.875816  7.776  229.36  222.21  209.17
  20    11.581 54849.52521045 14.98 198.802945  61.874422  8.689  229.36  222.21  209.17
  21    13.145 54859.44085809 11.97 198.795787  61.876823  7.197  230.28  222.43  210.33
  21    13.822 54859.44085868 10.54 198.800507  61.875430  4.720  230.28  222.43  210.33
  21    14.212 54859.44085927 10.14 198.805227  61.874036  4.349  230.28  222.43  210.33
  22    11.960 54869.35650637 11.38 198.793358  61.878024  4.443  233.46  228.15  216.17
  22    13.689 54869.35650697 10.34 198.798078  61.876631  3.203  233.46  228.15  216.17
  22    13.494 54869.35650756 12.04 198.802798  61.875237  4.526  233.46  228.15  216.17
  23    14.820 54879.27215409 12.33 198.793710  61.877333  3.249  224.28  216.25  204.22
  23    14.950 54879.27215468 12.47 198.798430  61.875939  3.577  224.28  216.25  204.22
  23    15.199 54879.27215527 12.49 198.803150  61.874545  3.820  224.28  216.25  204.22
  24    15.105 54889.18779838 15.65 198.790727  61.876574  3.127  206.31  201.77  194.54
  24    14.899 54889.18779897 15.73 198.795448  61.875181  3.413  206.31  201.77  194.54
  24    15.074 54889.18779956 15.75 198.800168  61.873788  3.048  206.31  201.77  194.54
  26    15.739 54909.01907874 12.96 198.788465  61.874256  2.363  200.95  195.48  190.18
  26    15.388 54909.01907934 12.99 198.793185  61.872863  2.469  200.95  195.48  190.18
  28    15.067 54928.85035443 12.73 198.792901  61.875469  3.041  226.43  226.06  221.41
  28    15.207 54928.85035502 12.85 198.797621  61.874076  3.167  226.43  226.06  221.41
  29    15.273 54938.76599137 12.68 198.794473  61.875589  3.027  211.47  208.70  202.40
  29    15.448 54938.76599196 13.71 198.799193  61.874195  4.785  211.47  208.70  202.40
  30    10.347 54948.68162610 40.08 198.791034  61.876434 19.613  256.23  258.31  259.04
  30    10.078 54948.68162669 40.01 198.795754  61.875041 28.208  256.23  258.31  259.04
  30    10.044 54948.68162728 42.16 198.800474  61.873648   -100  256.23  258.31  259.04
  31    15.106 54958.59726294 30.77 198.790655  61.876217 11.262  250.26  246.29  236.68
  31    14.756 54958.59726353 30.42 198.795375  61.874824 14.403  250.26  246.29  236.68
  31    12.106 54958.59726412 36.67 198.800095  61.873431 27.534  250.26  246.29  236.68
  32    15.613 54968.51291165 45.41 198.791752  61.875613   -100  251.15  251.42  249.44
  32    17.137 54968.51291224 39.75 198.796472  61.874220 23.429  251.15  251.42  249.44
  32    16.646 54968.51291283 37.58 198.801192  61.872827 22.532  251.15  251.42  249.44
  33    69.598 54978.42855884  5.29 198.791073  61.876609  5.522  241.40  242.81  239.09
  33    81.634 54978.42855943  1.55 198.795793  61.875216  5.224  241.40  242.81  239.09
  33    81.076 54978.42856002  0.67 198.800512  61.873823  3.606  241.40  242.81  239.09
  35    60.754 54998.25985390 23.83 198.794602  61.876492 13.838  258.11  258.87  255.23
  35    61.073 54998.25985449 25.89 198.799323  61.875099 15.226  258.11  258.87  255.23
  35    60.385 54998.25985508 22.03 198.804042  61.873706   -100  258.11  258.87  255.23
  36    15.819 55008.17549957 28.64 198.794747  61.876423 16.516  260.28  260.76  257.77
  36    16.279 55008.17550016 28.40 198.799468  61.875030 14.019  260.28  260.76  257.77
  36    16.318 55008.17550075 32.40 198.804188  61.873637 23.852  260.28  260.76  257.77
  37    15.725 55018.09114322 26.86 198.794214  61.876834 15.154 -100.00 -100.00 -100.00
  37    15.985 55018.09114381 28.92 198.798935  61.875441 17.368 -100.00 -100.00 -100.00
  37    16.092 55018.09114440 33.55 198.803655  61.874047   -100 -100.00 -100.00 -100.00
  38    15.511 55028.00678582 27.23 198.796624  61.877014 16.919 -100.00 -100.00 -100.00
  38    15.879 55028.00678641 29.69 198.801345  61.875620 20.403 -100.00 -100.00 -100.00
  38    15.907 55028.00678700 33.35 198.806065  61.874227 31.851 -100.00 -100.00 -100.00
  39    15.803 55037.92242794 25.52 198.799165  61.877498 11.511 -100.00 -100.00 -100.00
  39    15.880 55037.92242853 29.46 198.803885  61.876104 22.596 -100.00 -100.00 -100.00
  39    15.941 55037.92242912 31.59 198.808605  61.874711 27.572 -100.00 -100.00 -100.00
  40    72.187 55047.83806846  1.19 198.797152  61.879038  2.811  269.86  271.02  267.20
  40    69.365 55047.83806905  2.07 198.801873  61.877645  3.414  269.86  271.02  267.20
  40    64.098 55047.83806964  5.78 198.806593  61.876251  5.562  269.86  271.02  267.20
  41    61.151 55057.75370768 14.16 198.799094  61.878005  8.065 -100.00 -100.00 -100.00
  41    61.343 55057.75370827 20.54 198.803814  61.876611  9.479 -100.00 -100.00 -100.00
  41    58.173 55057.75370886 25.77 198.808534  61.875218 20.369 -100.00 -100.00 -100.00
  42    11.083 55067.66934508 46.21 198.794240  61.877551   -100  258.88  258.61  256.32
  42    11.059 55067.66934567 47.23 198.798961  61.876158   -100  258.88  258.61  256.32
  42    10.876 55067.66934626 48.38 198.803681  61.874765   -100  258.88  258.61  256.32
  43    11.015 55077.58499533 31.69 198.791539  61.875463 23.266  264.06  264.42  261.52
  43    11.560 55077.58499592 34.23 198.796259  61.874070 19.896  264.06  264.42  261.52
  43    15.856 55077.58499651 36.07 198.800979  61.872677 18.273  264.06  264.42  261.52
  44    11.206 55087.50064300 33.29 198.789995  61.874770 27.714  260.43  260.51  257.49
  44    11.466 55087.50064359 37.82 198.794715  61.873377   -100  260.43  260.51  257.49
  45    11.079 55097.41628924 30.10 198.792031  61.874833 21.508  259.11  258.46  257.29
  45    15.479 55097.41628983 31.99 198.796751  61.873439 12.674  259.11  258.46  257.29
  46    26.763 55107.33193475  9.76 198.792363  61.875827 10.854  257.77  258.00  256.84
  46    62.309 55107.33193534  0.43 198.797084  61.874434  3.955  257.77  258.00  256.84
  46    60.668 55107.33193593  3.24 198.801803  61.873040  5.090  257.77  258.00  256.84
  47    11.101 55117.24757949 49.48 198.790530  61.876125 30.149  259.13  260.28  259.10
  47    10.905 55117.24758008 50.38 198.795251  61.874731   -100  259.13  260.28  259.10
  47    10.671 55117.24758067 51.00 198.799971  61.873338   -100  259.13  260.28  259.10
  48    10.103 55127.16322188 47.50 198.787035  61.875586   -100  259.20  258.21  258.04
  48     9.601 55127.16322247 47.01 198.791755  61.874193   -100  259.20  258.21  258.04
  48     9.832 55127.16322306 43.48 198.796476  61.872800   -100  259.20  258.21  258.04
  49     8.404 55137.07886232 32.42 198.786271  61.874535 19.133  255.69  253.80  252.34
  49    14.542 55137.07886291 28.71 198.790992  61.873142 11.817  255.69  253.80  252.34
  49    14.853 55137.07886350 28.70 198.795712  61.871748 12.566  255.69  253.80  252.34
  50     9.511 55146.99450079 30.82 198.785882  61.875221 32.066 -100.00 -100.00 -100.00
  50     9.723 55146.99450138 31.68 198.790603  61.873828   -100 -100.00 -100.00 -100.00
  50    14.466 55146.99450197 27.06 198.795324  61.872434 19.017 -100.00 -100.00 -100.00
  51     9.884 55156.91013936 18.61 198.793050  61.875627  7.447  242.56  238.29  230.13
  51    13.962 55156.91013995 17.87 198.797771  61.874234  6.516  242.56  238.29  230.13
  51    14.795 55156.91014054 17.46 198.802491  61.872840  6.484  242.56  238.29  230.13
  52     8.837 55166.82577753 20.66 198.796645  61.876932 14.002  253.25  250.77  243.97
  52    13.966 55166.82577812 18.58 198.801366  61.875538  8.742  253.25  250.77  243.97
  52    14.564 55166.82577871 17.87 198.806086  61.874145  8.139  253.25  250.77  243.97
  53    13.213 55176.74141513 26.97 198.797620  61.877961 10.308 -100.00 -100.00 -100.00
  53    13.817 55176.74141572 26.06 198.802341  61.876568  8.372 -100.00 -100.00 -100.00
  53    14.322 55176.74141631 25.70 198.807061  61.875174  7.416 -100.00 -100.00 -100.00
  54    10.010 55186.65705775 32.36 198.794488  61.878290  8.941  255.93  256.62  255.34
  54     9.822 55186.65705834 31.86 198.799209  61.876897  8.186  255.93  256.62  255.34
  54     9.560 55186.65705893 33.04 198.803929  61.875503  9.926  255.93  256.62  255.34
  55    77.854 55196.57270913  2.95 198.796018  61.876671  2.700  247.75  244.79  239.51
  55    78.321 55196.57270972  4.51 198.800739  61.875277  3.059  247.75  244.79  239.51
  55    78.700 55196.57271031  3.90 198.805458  61.873884  3.015  247.75  244.79  239.51
  56    77.471 55206.48835889  0.38 198.795822  61.876790  2.623 -100.00 -100.00 -100.00
  56    77.744 55206.48835948  1.24 198.800542  61.875397  2.667 -100.00 -100.00 -100.00
  56    78.439 55206.48836007  1.90 198.805262  61.874003  2.852 -100.00 -100.00 -100.00
  57    77.457 55216.40400819  1.29 198.798196  61.877238  2.793 -100.00 -100.00 -100.00
  57    77.750 55216.40400878  0.50 198.802916  61.875845  2.553 -100.00 -100.00 -100.00
  58    13.868 55226.31965624 22.30 198.794706  61.878452  5.783 -100.00 -100.00 -100.00
  58    14.111 55226.31965683 22.44 198.799426  61.877058  5.742 -100.00 -100.00 -100.00
  58    14.411 55226.31965742 22.35 198.804146  61.875665  5.804 -100.00 -100.00 -100.00
  60     9.619 55246.15094498 23.42 198.790175  61.875006  9.398  257.15  254.44  248.02
  60    14.311 55246.15094557 22.44 198.794896  61.873613  6.854  257.15  254.44  248.02
  60     9.790 55246.15094616 22.30 198.799616  61.872220  6.466  257.15  254.44  248.02
  61    76.229 55256.06658450  1.36 198.783612  61.874576  3.401  238.43  231.92  221.02
  61    75.638 55256.06658509  2.54 198.788332  61.873183  3.820  238.43  231.92  221.02
  61    61.297 55256.06658568  2.92 198.793053  61.871790  3.355  238.43  231.92  221.02
  63    14.746 55275.89786200 22.76 198.789420  61.875688 11.083  251.16  247.24  238.90
  63     9.702 55275.89786260 24.89 198.794140  61.874295 15.893  251.16  247.24  238.90
  63    10.502 55275.89786319 24.57 198.798860  61.872902 14.328  251.16  247.24  238.90
  64    14.935 55285.81349932 23.32 198.791483  61.877346 12.209 -100.00 -100.00 -100.00
  64    14.418 55285.81349991 23.16 198.796203  61.875953 12.402 -100.00 -100.00 -100.00
  64    14.352 55285.81350050 22.67 198.800923  61.874559 11.107 -100.00 -100.00 -100.00
  65    14.781 55295.72913484 20.21 198.793433  61.877083  9.793  245.49  239.02  228.32
  65    14.922 55295.72913543 19.31 198.798153  61.875690  7.474  245.49  239.02  228.32
  65    14.770 55295.72913602 19.49 198.802873  61.874297  7.945  245.49  239.02  228.32
  66    91.629 55305.64477420  1.41 198.789277  61.876296  3.179  260.98  258.74  251.59
  66    81.845 55305.64477479  0.07 198.793998  61.874903  3.429  260.98  258.74  251.59
  66    78.503 55305.64477538  0.46 198.798717  61.873510  3.973  260.98  258.74  251.59
  67    14.759 55315.56042115 34.78 198.785847  61.875031   -100  256.33  253.38  244.60
  67    14.981 55315.56042174 28.93 198.790567  61.873638 14.328  256.33  253.38  244.60
  67    15.966 55315.56042233 26.97 198.795286  61.872246  8.934  256.33  253.38  244.60
  68    10.194 55325.47606675 43.35 198.787021  61.875090   -100  260.39  259.78  258.50
  68     9.619 55325.47606734 45.34 198.791741  61.873697   -100  260.39  259.78  258.50
  68     9.802 55325.47606793 46.11 198.796461  61.872304   -100  260.39  259.78  258.50
  69    15.782 55335.39171124 39.96 198.791301  61.876221   -100  254.36  255.44  253.60
  69    15.972 55335.39171183 36.83 198.796021  61.874828   -100  254.36  255.44  253.60
  69    15.665 55335.39171242 37.47 198.800740  61.873435   -100  254.36  255.44  253.60
  71    12.158 55355.22299843 38.36 198.797852  61.876754   -100  267.11  267.22  264.51
  71    12.116 55355.22299902 40.47 198.802572  61.875361   -100  267.11  267.22  264.51
  72    14.522 55365.13863865 22.31 198.792600  61.877783 14.499  264.40  263.72  261.77
  72    14.734 55365.13863925 23.20 198.797321  61.876390 12.078  264.40  263.72  261.77
  72    14.759 55365.13863984 24.72 198.802041  61.874997 12.334  264.40  263.72  261.77
  73    14.216 55375.05427838 19.48 198.795909  61.876601  8.579 -100.00 -100.00 -100.00
  73    14.099 55375.05427897 24.31 198.800630  61.875208 18.849 -100.00 -100.00 -100.00
  73    14.696 55375.05427956 27.04 198.805349  61.873814 21.402 -100.00 -100.00 -100.00
  74    12.062 55384.96991633 42.98 198.794547  61.878217   -100 -100.00 -100.00 -100.00
  74    12.277 55384.96991692 42.30 198.799267  61.876824 26.416 -100.00 -100.00 -100.00
  74    12.197 55384.96991751 45.47 198.803987  61.875431 32.468 -100.00 -100.00 -100.00
  75    13.617 55394.88555393 20.70 198.797374  61.879074 14.892 -100.00 -100.00 -100.00
  75    13.559 55394.88555452 20.27 198.802094  61.877681 12.224  267.35  267.00  265.40
  75    14.483 55394.88555511 22.13 198.806814  61.876287 12.983  267.35  267.00  265.40
  76    68.160 55404.80119346  1.99 198.801467  61.879009  3.910 -100.00 -100.00 -100.00
  76    66.027 55404.80119405 10.87 198.806187  61.877616 12.350 -100.00 -100.00 -100.00
  76    65.888 55404.80119464 11.22 198.810907  61.876223  8.285 -100.00 -100.00 -100.00
  77    12.981 55414.71684476 27.12 198.796853  61.878176 25.164 -100.00 -100.00 -100.00
  77    13.129 55414.71684535 30.69 198.801574  61.876783   -100 -100.00 -100.00 -100.00
  77    13.555 55414.71684594 31.45 198.806294  61.875390 26.810 -100.00 -100.00 -100.00
  78    13.423 55424.63249310 30.64 198.792206  61.876000 21.566  262.47  262.67  260.03
  78    13.328 55424.63249369 36.25 198.796926  61.874607   -100  262.47  262.67  260.03
  78    13.200 55424.63249428 37.00 198.801646  61.873214   -100  262.47  262.67  260.03
  79    13.928 55434.54813847 46.64 198.785820  61.875045 31.683  264.77  265.21  262.19
  79    13.859 55434.54813906 49.35 198.790540  61.873652   -100  264.77  265.21  262.19
  79    13.512 55434.54813965 53.44 198.795260  61.872259 11.092  264.77  265.21  262.19
  80    13.305 55444.46378307 22.96 198.788045  61.874071  9.608  263.49  264.49  262.10
  80    14.079 55444.46378366 24.03 198.792765  61.872678 10.531  263.49  264.49  262.10
  81    61.746 55454.37942646 14.80 198.792026  61.874642 11.150  261.86  262.32  260.26
  81    59.294 55454.37942705 23.10 198.796746  61.873248 26.658  261.86  262.32  260.26
  82    32.416 55464.29506838  8.48 198.791099  61.877168  6.586  256.69  256.50  254.94
  82    14.410 55464.29506897 15.88 198.795819  61.875774 18.568  256.69  256.50  254.94
  82    14.801 55464.29506956 16.18 198.800539  61.874381 12.307  256.69  256.50  254.94
  83    58.325 55474.21070847 16.86 198.794265  61.876587  7.806  257.29  256.79  255.61
  83    56.374 55474.21070906 23.05 198.798986  61.875194 11.511  257.29  256.79  255.61
  83    56.458 55474.21070965 27.14 198.803706  61.873800 25.008  257.29  256.79  255.61
  84     9.486 55484.12634532 45.64 198.793045  61.875409  6.601  258.61  257.79  257.74
  84     9.824 55484.12634591 46.86 198.797766  61.874016  1.082  258.61  257.79  257.74
  85     8.322 55494.04197971 42.48 198.788468  61.875108   -100  261.84  261.16  261.21
  85     8.285 55494.04198030 39.50 198.793189  61.873715   -100  261.84  261.16  261.21
  85     8.405 55494.04198089 37.17 198.797910  61.872321   -100  261.84  261.16  261.21
  86     9.432 55503.95761366 40.94 198.791469  61.875325   -100  255.45  252.13  244.96
  86     9.578 55503.95761425 38.19 198.796190  61.873932   -100  255.45  252.13  244.96
  86     9.293 55503.95761484 36.66 198.800911  61.872539   -100  255.45  252.13  244.96
  87     9.253 55513.87326205 32.84 198.791640  61.877342 26.265  254.31  251.49  244.23
  87     9.321 55513.87326264 32.46 198.796361  61.875949 27.769  254.31  251.49  244.23
  87     9.088 55513.87326323 34.65 198.801082  61.874555   -100  254.31  251.49  244.23
  88    57.128 55523.78891214 18.83 198.796799  61.877971  8.655  255.38  257.25  256.65
  88    55.830 55523.78891273 25.96 198.801520  61.876578 30.911  255.38  257.25  256.65
  88    56.107 55523.78891332 10.81 198.806240  61.875185 18.930  255.38  257.25  256.65
  90     9.884 55543.62020639 21.96 198.796631  61.876923 10.293  253.25  250.33  245.96
  90    12.844 55543.62020698 21.00 198.801351  61.875530  8.299  253.25  250.33  245.96
  90    13.432 55543.62020757 20.13 198.806071  61.874136  7.163  253.25  250.33  245.96
  91    10.513 55553.53585026 19.06 198.793191  61.876734  7.693 -100.00 -100.00 -100.00
  91    12.772 55553.53585085 18.14 198.797912  61.875340  6.303  249.68  245.16  237.79
  91    13.150 55553.53585144 17.51 198.802631  61.873947  4.735  249.68  245.16  237.79
  92    10.432 55563.45149313 13.05 198.792714  61.877134  7.316 -100.00 -100.00 -100.00
  92     9.329 55563.45149372 17.96 198.797434  61.875741 15.258  257.46  256.38  254.31
  92     9.298 55563.45149431 17.07 198.802154  61.874348 12.633  257.46  256.38  254.31
  93    13.795 55573.36713547 11.71 198.794337  61.878008  3.509  239.57  233.15  220.81
  93    14.241 55573.36713606 11.80 198.799057  61.876615  3.330  239.57  233.15  220.81
  93    14.682 55573.36713665 11.69 198.803777  61.875222  3.573  239.57  233.15  220.81
  94    13.952 55583.28277687 11.04 198.798704  61.877210  3.750  234.25  227.28  212.80
  94    14.179 55583.28277746 11.11 198.803424  61.875816  3.297  234.25  227.28  212.80
  94    14.625 55583.28277805 11.32 198.808144  61.874423  3.235  234.25  227.28  212.80
  95     9.113 55593.19841425 14.84 198.796507  61.876764  7.966  247.76  242.40  228.58
  95     9.114 55593.19841484 14.67 198.801228  61.875371  7.815  247.76  242.40  228.58
  95     9.079 55593.19841543 15.36 198.805948  61.873978  8.506  247.76  242.40  228.58
  96    12.927 55603.11404787 14.11 198.790219  61.876816  5.007  231.34  221.57  205.15
  96    13.594 55603.11404846 13.83 198.794940  61.875423  4.161  231.34  221.57  205.15
  96    13.793 55603.11404905 13.43 198.799661  61.874029  4.187  231.34  221.57  205.15
  97    14.035 55613.02968034 12.26 198.791841  61.875530  3.988  239.77  233.51  221.21
  97    14.072 55613.02968093 12.13 198.796562  61.874137  3.947  239.77  233.51  221.21
  97    14.333 55613.02968152 11.94 198.801283  61.872744  3.394  239.77  233.51  221.21
  98    13.394 55622.94531641 14.40 198.792743  61.876150  4.588  231.03  223.54  206.95
  98    13.775 55622.94531700 14.46 198.797464  61.874757  4.907  231.03  223.54  206.95
  98    14.160 55622.94531760 13.82 198.802184  61.873364  4.356  231.03  223.54  206.95
  99    13.697 55632.86096950 13.34 198.794341  61.876414  4.135  233.59  224.29  208.46
  99    13.694 55632.86097009 13.42 198.799062  61.875021  4.023  233.59  224.29  208.46
  99    14.082 55632.86097068 13.44 198.803782  61.873628  3.965  233.59  224.29  208.46
 100    13.515 55642.77661999 14.11 198.792951  61.877348  6.626  251.07  246.63  236.24
 100    13.554 55642.77662058 13.28 198.797672  61.875955  5.326  251.07  246.63  236.24
 100    10.306 55642.77662117 14.17 198.802392  61.874561  5.803  251.07  246.63  236.24
 101    13.130 55652.69226776 13.65 198.791597  61.877138  4.741 -100.00 -100.00 -100.00
 101    13.328 55652.69226835 12.92 198.796318  61.875745  3.659 -100.00 -100.00 -100.00
 101    13.928 55652.69226894 13.13 198.801038  61.874352  3.760  229.50  218.42  200.28
 102    14.717 55662.60791155 11.30 198.791167  61.875301  3.551  228.18  218.19  201.96
 102    14.524 55662.60791214 11.38 198.795887  61.873908  3.131  228.18  218.19  201.96
 102    14.871 55662.60791273 11.24 198.800607  61.872515  3.322  228.18  218.19  201.96
 103    15.193 55672.52355193 14.12 198.788960  61.874705  9.697  232.18  223.64  206.67
 103     8.363 55672.52355252 16.47 198.793679  61.873312 15.104  232.18  223.64  206.67
 103     8.502 55672.52355311 19.96 198.798399  61.871919 25.205  232.18  223.64  206.67
 104    14.759 55682.43919106 30.52 198.791059  61.874726 15.401 -100.00 -100.00 -100.00
 104    14.666 55682.43919165 27.37 198.795778  61.873333  9.515 -100.00 -100.00 -100.00
 105     9.848 55692.35482862 36.97 198.795190  61.876306 27.748  259.77  259.04  257.23
 105     9.976 55692.35482921 35.35 198.799910  61.874913 25.672  259.77  259.04  257.23
 105     9.940 55692.35482980 34.19 198.804630  61.873519 21.964  259.77  259.04  257.23
 106    13.665 55702.27046416 33.94 198.796220  61.878975 22.647  258.83  258.85  257.97
 106    13.709 55702.27046475 32.43 198.800940  61.877582 20.400  258.83  258.85  257.97
 106    13.903 55702.27046534 31.29 198.805660  61.876189 14.269  258.83  258.85  257.97
 107    59.001 55712.18610743 20.96 198.802033  61.878237  7.597  267.06  267.87  266.83
 107    57.268 55712.18610802 19.35 198.806754  61.876844  9.052  267.06  267.87  266.83
 107    58.728 55712.18610861 15.71 198.811474  61.875451 10.793  267.06  267.87  266.83
 108    85.131 55722.10175727  1.65 198.803854  61.876389  3.024  266.02  266.05  264.51
 108    58.303 55722.10175786 11.41 198.808574  61.874996  6.311  266.02  266.05  264.51
 109    13.736 55732.01740420 26.79 198.798226  61.876809 30.500 -100.00 -100.00 -100.00
 109    14.193 55732.01740479 24.46 198.802946  61.875416 19.478 -100.00 -100.00 -100.00
 110    13.674 55741.93304994 21.62 198.793543  61.877765 13.543 -100.00 -100.00 -100.00
 110    13.497 55741.93305053 22.74 198.798264  61.876371 17.754 -100.00 -100.00 -100.00
 110    14.051 55741.93305113 21.47 198.802984  61.874978 12.484 -100.00 -100.00 -100.00
 111    13.764 55751.84869524 27.12 198.795631  61.877235 30.001 -100.00 -100.00 -100.00
 111    13.974 55751.84869583 25.35 198.800352  61.875842 20.143 -100.00 -100.00 -100.00
 111    14.156 55751.84869642 24.09 198.805072  61.874449 15.646 -100.00 -100.00 -100.00
 112    14.112 55761.76433805 46.60 198.796033  61.876971   -100  266.75  265.88  264.59
 112    13.992 55761.76433864 49.85 198.800754  61.875578   -100  266.75  265.88  264.59
 112    13.750 55761.76433923 53.52 198.805473  61.874184  1.889  266.75  265.88  264.59
 113    13.617 55771.67997799 20.69 198.795584  61.876271 11.939 -100.00 -100.00 -100.00
 113    13.910 55771.67997858 22.98 198.800304  61.874878 17.770 -100.00 -100.00 -100.00
 114    13.537 55781.59561400 22.22 198.791200  61.876046 12.627  261.24  261.36  260.39
 114    13.606 55781.59561459 21.67 198.795920  61.874653  9.786  261.24  261.36  260.39
 114    13.687 55781.59561518 23.59 198.800640  61.873260 13.268  261.24  261.36  260.39
 115    13.757 55791.51124781 29.71 198.791871  61.875568 19.854  261.25  261.36  258.57
 115    13.571 55791.51124840 29.90 198.796591  61.874175 22.477  261.25  261.36  258.57
 115    13.866 55791.51124899 27.74 198.801311  61.872782 16.555  261.25  261.36  258.57
 116    13.191 55801.42687998 24.26 198.791472  61.877074 11.013  261.39  261.62  258.60
 116    13.523 55801.42688057 23.60 198.796193  61.875681 10.013  261.39  261.62  258.60
 116    14.322 55801.42688117 23.00 198.800913  61.874288  7.844  261.39  261.62  258.60
 117    31.647 55811.34253069  9.12 198.797226  61.876021  7.312  262.09  262.32  259.64
 117    34.868 55811.34253128  6.07 198.801946  61.874628  6.178  262.09  262.32  259.64
 118    12.908 55821.25817909 41.48 198.796725  61.876645 22.290  258.26  258.57  256.63
 118    12.382 55821.25817968 47.88 198.801446  61.875251   -100  258.26  258.57  256.63
 118    12.140 55821.25818027 51.49 198.806166  61.873858   -100  258.26  258.57  256.63
 119    80.728 55831.17382233  1.71 198.792250  61.877665  4.797  254.83  254.85  253.66
 119    81.308 55831.17382292  0.26 198.796971  61.876272  3.277  254.83  254.85  253.66
 120    11.700 55841.08946172 23.54 198.792657  61.876500  7.264  259.08  258.97  258.83
 120    13.321 55841.08946231 24.37 198.797378  61.875107  7.379  259.08  258.97  258.83
 120    13.685 55841.08946291 25.49 198.802099  61.873714  9.439  259.08  258.97  258.83
 121    10.793 55851.00509813 38.11 198.793638  61.875730   -100  254.76  254.61  254.26
 121    11.044 55851.00509872 38.95 198.798359  61.874337   -100  254.76  254.61  254.26
 122     9.963 55860.92073244 48.96 198.795248  61.876756   -100 -100.00 -100.00 -100.00
 122    10.092 55860.92073303 50.06 198.799969  61.875363   -100 -100.00 -100.00 -100.00
 122     9.775 55860.92073362 51.33 198.804690  61.873970 29.001 -100.00 -100.00 -100.00
 123     9.674 55870.83638496 35.13 198.796121  61.877475   -100  254.02  252.76  249.05
 123     9.754 55870.83638555 32.54 198.800842  61.876082 27.263  254.02  252.76  249.05
 123     9.645 55870.83638614 33.55 198.805562  61.874689   -100  254.02  252.76  249.05
 124     9.461 55880.75203565 37.06 198.798134  61.878058   -100 -100.00 -100.00 -100.00
 124     9.401 55880.75203624 35.38 198.802855  61.876665 27.797 -100.00 -100.00 -100.00
 124     9.399 55880.75203683 28.84 198.807576  61.875271   -100 -100.00 -100.00 -100.00
 125    10.056 55890.66767980 31.02 198.800357  61.877794   -100 -100.00 -100.00 -100.00
 125    10.069 55890.66768039 22.30 198.805078  61.876400 23.589 -100.00 -100.00 -100.00
 125     9.750 55890.66768098 21.91 198.809798  61.875007 23.510  241.68  237.01  228.29
 126     9.917 55900.58331785 26.73 198.800628  61.877730 30.205 -100.00 -100.00 -100.00
 126    10.264 55900.58331845 20.75 198.805349  61.876337 11.923 -100.00 -100.00 -100.00
 126    10.075 55900.58331904 20.68 198.810069  61.874944 11.476  243.88  240.32  231.21
 127    13.595 55910.49895080 13.66 198.798577  61.878839  3.856  229.31  223.68  209.76
 127    13.892 55910.49895139 13.70 198.803298  61.877446  3.648  229.31  223.68  209.76
 127    14.137 55910.49895198 13.49 198.808018  61.876053  3.418  229.31  223.68  209.76
 128    12.584 55920.41460398 17.55 198.797606  61.878102  9.455  226.62  219.52  208.07
 128    12.912 55920.41460457 16.95 198.802326  61.876708  8.383  226.62  219.52  208.07
 128    14.527 55920.41460516 14.18 198.807046  61.875315  4.794  226.62  219.52  208.07
 129    14.077 55930.33025620 13.66 198.796631  61.877380  3.879  221.51  213.69  200.19
 129    13.945 55930.33025679 14.09 198.801351  61.875987  3.890  221.51  213.69  200.19
 129    14.704 55930.33025738 13.71 198.806072  61.874594  3.202  221.51  213.69  200.19
 130    14.302 55940.24590431 12.19 198.793114  61.876913  3.231  226.20  219.04  206.57
 130    15.050 55940.24590490 11.69 198.797835  61.875520  2.553  226.20  219.04  206.57
 130    14.747 55940.24590549 12.24 198.802555  61.874127  3.056  226.20  219.04  206.57
 131    14.827 55950.16154826 10.59 198.792999  61.874933  2.920  229.26  222.09  209.18
 131    15.118 55950.16154885 10.48 198.797720  61.873540  3.005  229.26  222.09  209.18
 132    14.690 55960.07718779 10.20 198.791101  61.874462  2.603  227.91  220.01  205.38
 132    14.954 55960.07718838 10.03 198.795821  61.873069  2.380  227.91  220.01  205.38
 134    14.410 55979.90846177 10.69 198.794595  61.875829  4.020  239.13  234.47  222.99
 134    13.913 55979.90846236 12.08 198.799316  61.874435  6.059  239.13  234.47  222.99
 136    15.150 55999.73974105  9.21 198.797179  61.876404  2.480  233.34  226.38  212.71
 136    15.495 55999.73974164  9.20 198.801899  61.875011  2.692  233.34  226.38  212.71
 137    15.521 56009.65539164  8.45 198.793198  61.875854  2.663  236.30  232.02  215.97
 137    15.704 56009.65539223  8.31 198.797918  61.874462  2.352  236.30  232.02  215.97
 137    15.767 56009.65539282  8.46 198.802637  61.873069  2.519  236.30  232.02  215.97
 138    14.977 56019.57103793 10.32 198.788553  61.876171  4.580  239.73  234.05  220.55
 138    12.982 56019.57103852 13.72 198.793273  61.874778  7.872  239.73  234.05  220.55
 138    12.930 56019.57103911 14.15 198.797993  61.873385  8.946  239.73  234.05  220.55
 139     7.927 56029.48668186 17.82 198.790344  61.875719 19.671  244.48  241.04  229.26
 139     8.169 56029.48668245 19.01 198.795064  61.874326 23.075  244.48  241.04  229.26
 139     8.363 56029.48668304 20.00 198.799783  61.872933 25.596  244.48  241.04  229.26
 140     9.444 56039.40232407 26.32 198.795036  61.875666 28.102  248.81  242.00  221.13
 140     9.660 56039.40232466 24.96 198.799756  61.874272 23.516  248.81  242.00  221.13
 141     9.452 56049.31796383 32.01 198.796750  61.876860 28.825 -100.00 -100.00 -100.00
 141    12.947 56049.31796442 27.94 198.801470  61.875467 14.885 -100.00 -100.00 -100.00
 141    14.568 56049.31796501 26.08 198.806189  61.874074 10.134 -100.00 -100.00 -100.00
 142    12.316 56059.23360090 31.74 198.798410  61.878013 19.250  256.41  255.57  253.36
 142    14.203 56059.23360149 29.13 198.803130  61.876620 12.263  256.41  255.57  253.36
 142    12.583 56059.23360208 36.95 198.807850  61.875227 27.021  256.41  255.57  253.36
 143    15.266 56069.14923549 51.74 198.800785  61.878287   -100  258.22  259.21  257.60
 143    15.493 56069.14923608 50.31 198.805505  61.876894   -100  258.22  259.21  257.60
 143    15.447 56069.14923667 50.33 198.810225  61.875501   -100  258.22  259.21  257.60
 145    61.058 56088.98053462 13.42 198.796053  61.877861   -100  264.87  265.14  262.95
 145    83.869 56088.98053521  5.69 198.800774  61.876468  4.044  264.87  265.14  262.95
 145    61.828 56088.98053580 17.74 198.805494  61.875074  9.637  264.87  265.14  262.95
 146    15.272 56098.89618078 29.72 198.797589  61.877497 25.600  266.54  266.40  264.64
 146    14.973 56098.89618137 29.14 198.802309  61.876104 20.459  266.54  266.40  264.64
 146    14.661 56098.89618196 27.84 198.807029  61.874710 16.244  266.54  266.40  264.64
 147    14.870 56108.81182411 44.29 198.794626  61.877904   -100 -100.00 -100.00 -100.00
 147    14.472 56108.81182470 44.80 198.799347  61.876511   -100 -100.00 -100.00 -100.00
 147    14.635 56108.81182529 39.89 198.804066  61.875118   -100 -100.00 -100.00 -100.00
 148    14.308 56118.72745334 24.39 198.793598  61.876890 17.231  264.82  264.27  262.80
 148    13.854 56118.72745393 24.09 198.798319  61.875497 16.898  264.82  264.27  262.80
 148    14.037 56118.72745452 22.08 198.803039  61.874103 12.595  264.82  264.27  262.80
 149    54.375 56128.64309058 13.63 198.793439  61.875600 11.822  264.16  266.06  263.00
 149    80.742 56128.64309117 26.78 198.798159  61.874207 18.890  264.16  266.06  263.00
 151    13.543 56148.47437195 42.79 198.794073  61.875419 31.050  261.26  261.56  258.71
 151    13.392 56148.47437254 48.00 198.798793  61.874027   -100  261.26  261.56  258.71
 152    13.572 56158.39002054 22.13 198.791916  61.877287  8.655  264.36  265.48  264.95
 152    13.757 56158.39002113 22.07 198.796637  61.875894  8.444  264.36  265.48  264.95
 152    14.085 56158.39002172 23.20 198.801356  61.874501  8.323  264.36  265.48  264.95
 153    60.454 56168.30566873 15.51 198.795052  61.876930  9.237  261.72  263.39  260.16
 153    59.836 56168.30566932 17.68 198.799772  61.875537  9.490  261.72  263.39  260.16
 153    57.795 56168.30566991 23.53 198.804492  61.874143 24.612  261.72  263.39  260.16
 154    13.044 56178.22131372 25.52 198.794587  61.876045  6.645  254.94  254.92  252.25
 154    14.820 56178.22131431 25.08 198.799307  61.874651  5.928  254.94  254.92  252.25
 154    15.399 56178.22131490 25.95 198.804027  61.873258  6.504  254.94  254.92  252.25
 155    13.567 56188.13695408 36.97 198.792612  61.875291 28.327  252.91  252.54  250.70
 155    13.702 56188.13695467 39.72 198.797332  61.873898 29.299  252.91  252.54  250.70
 156    14.377 56198.05259072 21.41 198.789073  61.876088  5.905  250.09  249.78  249.62
 156    15.257 56198.05259131 22.55 198.793794  61.874695  7.402  250.09  249.78  249.62
 156    15.548 56198.05259190 24.60 198.798515  61.873302  7.524  250.09  249.78  249.62
 157    15.372 56207.96822559 21.60 198.795884  61.876100  5.686  252.67  254.92  253.20
 157    15.554 56207.96822618 24.89 198.800605  61.874707  8.749  252.67  254.92  253.20
 158    14.576 56217.88385799 24.93 198.796459  61.879112  8.537  255.32  254.11  254.76
 158    14.914 56217.88385858 25.72 198.801180  61.877719  7.813  255.32  254.11  254.76
 158    15.047 56217.88385917 28.50 198.805901  61.876326 10.913  255.32  254.11  254.76
 159    10.300 56227.79950263 41.69 198.799390  61.879753   -100  255.40  254.91  254.26
 159    10.411 56227.79950322 43.85 198.804112  61.878359   -100  255.40  254.91  254.26
 159    10.587 56227.79950381 44.90 198.808832  61.876966   -100  255.40  254.91  254.26
 160    10.812 56237.71515718 30.82 198.799122  61.878791 14.982  250.83  249.07  248.09
 160    14.099 56237.71515777 32.06 198.803843  61.877398 16.022  250.83  249.07  248.09
 160    14.497 56237.71515836 31.08 198.808564  61.876005 13.827  250.83  249.07  248.09
 161    78.248 56247.63080781  2.20 198.797866  61.877485  3.078 -100.00 -100.00 -100.00
 161    78.943 56247.63080840  1.35 198.802586  61.876091  2.641  249.55  247.91  245.77
 161    79.172 56247.63080899  0.20 198.807306  61.874698  2.461  249.55  247.91  245.77
 162    11.262 56257.54645330 23.52 198.796629  61.876938  6.657  249.86  248.08  245.46
 162    11.246 56257.54645389 24.07 198.801349  61.875545  8.408  249.86  248.08  245.46
 162    11.993 56257.54645448 23.13 198.806069  61.874152  5.788  249.86  248.08  245.46
 163    10.995 56267.46209546 23.10 198.797487  61.877332  7.091  247.59  245.31  240.51
 163    10.933 56267.46209605 23.11 198.802207  61.875938  6.490  247.59  245.31  240.51
 163    11.316 56267.46209664 22.92 198.806927  61.874545  6.276  247.59  245.31  240.51
 164    11.093 56277.37773555 17.90 198.795697  61.878673  5.721  231.55  225.34  215.80
 164    12.374 56277.37773614 18.03 198.800417  61.877280  5.627  231.55  225.34  215.80
 164    13.325 56277.37773673 17.85 198.805137  61.875886  4.840  231.55  225.34  215.80
 165    13.723 56287.29338349 15.12 198.795085  61.878130  3.952  239.04  234.98  226.80
 165    13.271 56287.29338408 15.36 198.799806  61.876737  4.729  239.04  234.98  226.80
 165    13.557 56287.29338467 15.47 198.804526  61.875343  4.209  239.04  234.98  226.80
 166    13.309 56297.20903282 14.66 198.792852  61.876206  3.384 -100.00 -100.00 -100.00
 166    13.568 56297.20903341 14.68 198.797573  61.874813  3.597 -100.00 -100.00 -100.00
 166    13.732 56297.20903400 15.00 198.802293  61.873419  3.907 -100.00 -100.00 -100.00
 167    13.302 56307.12467819 16.26 198.790413  61.874178  6.933  243.51  239.13  231.50
 167    13.725 56307.12467878 16.13 198.795133  61.872785  5.776  243.51  239.13  231.50
 168    13.509 56317.04032023 11.76 198.785346  61.874692  4.445  231.24  225.27  214.81
 168    13.937 56317.04032082 11.85 198.790066  61.873299  4.499  231.24  225.27  214.81
 168    14.489 56317.04032141 11.54 198.794787  61.871905  4.322  231.24  225.27  214.81
 169    13.660 56326.95596172 11.79 198.790055  61.875062  4.410  238.78  235.51  225.24
 169    13.995 56326.95596231 11.37 198.794776  61.873668  3.658  238.78  235.51  225.24
 169    14.229 56326.95596290 11.55 198.799496  61.872275  4.510  238.78  235.51  225.24
 170    13.757 56336.87160205 10.63 198.793951  61.876630  3.963 -100.00 -100.00 -100.00
 170    13.956 56336.87160264 10.51 198.798672  61.875237  3.673 -100.00 -100.00 -100.00
 170    14.282 56336.87160323 10.60 198.803392  61.873844  3.910 -100.00 -100.00 -100.00
 171    14.190 56346.78724092 10.45 198.797479  61.877180  3.528 -100.00 -100.00 -100.00
 171    14.496 56346.78724151 10.46 198.802200  61.875787  3.368 -100.00 -100.00 -100.00
 171    14.691 56346.78724210 10.62 198.806920  61.874394  3.564 -100.00 -100.00 -100.00
 172    13.834 56356.70287674 10.66 198.794761  61.877450  3.999  248.22  246.78  239.48
 172    14.364 56356.70287733 10.65 198.799482  61.876057  4.015  248.22  246.78  239.48
 172    14.696 56356.70287792 10.35 198.804202  61.874664  3.277  248.22  246.78  239.48
 173    12.088 56366.61852450 12.07 198.790797  61.875930  5.699  234.77  229.26  216.87
 173    13.169 56366.61852509 12.08 198.795517  61.874538  5.089  234.77  229.26  216.87
 173    12.429 56366.61852568 11.90 198.800237  61.873145  4.886  234.77  229.26  216.87
 176     8.483 56396.36546232 17.90 198.793954  61.877854 15.017  237.87  233.55  223.26
 176    10.647 56396.36546291 14.80 198.798674  61.876461  9.297  237.87  233.55  223.26
 176    14.678 56396.36546350 10.94 198.803394  61.875067  3.727  237.87  233.55  223.26
 177     9.858 56406.28110369 33.45 198.796357  61.879032 21.149  265.39  263.85  259.60
 177     9.879 56406.28110428 29.99 198.801077  61.877639 19.091  265.39  263.85  259.60
 177     9.768 56406.28110487 30.52 198.805797  61.876245 20.004  265.39  263.85  259.60
 178    15.208 56416.19674170 25.04 198.798419  61.878764 15.895 -100.00 -100.00 -100.00
 178    15.510 56416.19674229 21.26 198.803140  61.877370  7.307 -100.00 -100.00 -100.00
 178    15.366 56416.19674288 20.26 198.807860  61.875977  6.188 -100.00 -100.00 -100.00
 179    14.465 56426.11237508 34.65 198.800458  61.877651 24.774  258.10  256.03  253.88
 179     9.076 56426.11237567 33.68 198.805179  61.876258 24.920  258.10  256.03  253.88
 179    15.647 56426.11237626 31.62 198.809899  61.874864 16.998  258.10  256.03  253.88
 180    10.292 56436.02802437 42.07 198.794912  61.877576 22.287 -100.00 -100.00 -100.00
 180    10.329 56436.02802496 42.78 198.799633  61.876183 27.179 -100.00 -100.00 -100.00
 180     9.864 56436.02802555 46.39 198.804353  61.874790   -100 -100.00 -100.00 -100.00
 181    59.715 56445.94367650 24.35 198.796650  61.876354 22.017  262.59  263.62  262.15
 181    59.749 56445.94367709 20.19 198.801370  61.874961 20.331  262.59  263.62  262.15
 182    16.357 56455.85932603 37.52 198.797425  61.876766 29.257  264.13  265.15  263.01
 182    16.236 56455.85932662 39.63 198.802145  61.875373   -100  264.13  265.15  263.01
 183    15.900 56465.77497200 36.57 198.793304  61.877652   -100  260.83  262.76  259.39
 183    15.777 56465.77497259 33.81 198.798024  61.876259   -100  260.83  262.76  259.39
 183    15.533 56465.77497318 31.60 198.802744  61.874865 23.496  260.83  262.76  259.39
 184    15.074 56475.69061446 33.67 198.790311  61.876780 29.934  260.30  260.70  259.53
 184    14.891 56475.69061505 30.00 198.795032  61.875387 26.548  260.30  260.70  259.53
 184    14.362 56475.69061564 34.28 198.799751  61.873993   -100  260.30  260.70  259.53
 185    85.269 56485.60625340  1.01 198.787165  61.875577  6.321  265.02  265.41  262.98
 185    56.007 56485.60625399  1.68 198.791886  61.874184  8.139  265.02  265.41  262.98
 185    53.751 56485.60625458 16.55 198.796605  61.872791 11.628  265.02  265.41  262.98
 186    14.016 56495.52188952 22.80 198.786799  61.875303  8.614  266.40  267.66  264.14
 186    14.304 56495.52189011 22.98 198.791519  61.873910  8.504  266.40  267.66  264.14
 186    15.166 56495.52189071 22.86 198.796239  61.872518  6.457  266.40  267.66  264.14
 187    13.059 56505.43752423 47.15 198.791670  61.876252   -100 -100.00 -100.00 -100.00
 187    12.872 56505.43752482 50.47 198.796390  61.874859   -100 -100.00 -100.00 -100.00
 187    12.556 56505.43752541 53.83 198.801110  61.873466 19.444 -100.00 -100.00 -100.00
 188    58.725 56515.35315772 13.01 198.800454  61.877542  8.198  264.51  264.74  262.39
 188    69.694 56515.35315831 17.78 198.805175  61.876148  9.598  264.51  264.74  262.39
 189    12.452 56525.26881114 44.04 198.798750  61.878410 23.718 -100.00 -100.00 -100.00
 189    12.350 56525.26881173 48.31 198.803471  61.877017   -100 -100.00 -100.00 -100.00
 189    12.067 56525.26881232 52.35 198.808191  61.875623   -100 -100.00 -100.00 -100.00
 190    61.960 56535.18446184 15.50 198.796639  61.877196  6.894  264.33  264.42  262.04
 190    60.720 56535.18446243 19.65 198.801360  61.875803  8.527  264.33  264.42  262.04
 190    58.911 56535.18446302 24.74 198.806081  61.874410 16.642  264.33  264.42  262.04
 192    57.486 56555.01575294 22.90 198.791931  61.874781 11.185  258.97  258.21  257.31
 192    56.523 56555.01575353 29.92 198.796651  61.873388 28.309  258.97  258.21  257.31
 193    14.023 56564.93139536 21.34 198.790468  61.876995  7.270  256.01  255.16  255.23
 193    14.994 56564.93139595 20.39 198.795189  61.875602  5.941  256.01  255.16  255.23
 193    15.143 56564.93139654 22.34 198.799910  61.874208  8.400  256.01  255.16  255.23
 194    13.575 56574.84703760 25.24 198.799142  61.877599 11.125  253.06  252.70  252.00
 194    13.889 56574.84703819 26.63 198.803863  61.876206 12.797  253.06  252.70  252.00
 194    15.309 56574.84703878 30.82 198.808583  61.874812 23.203  253.06  252.70  252.00
 195    14.453 56584.76267649 27.52 198.803139  61.878791 11.960  254.74  255.35  253.14
 195    15.180 56584.76267708 26.80 198.807860  61.877398 10.434  254.74  255.35  253.14
 195    15.325 56584.76267767 30.13 198.812580  61.876004 16.622  254.74  255.35  253.14
 196    13.333 56594.67831222 48.31 198.802927  61.879221 18.877  249.26  249.13  248.84
 196    13.206 56594.67831281 50.39 198.807648  61.877828 22.287  249.26  249.13  248.84
 196    13.036 56594.67831340 50.31 198.812368  61.876434 32.132  249.26  249.13  248.84
 197    10.573 56604.59396506 47.83 198.798423  61.877674   -100  257.59  256.98  256.41
 197    10.772 56604.59396565 48.91 198.803143  61.876280   -100  257.59  256.98  256.41
 197    10.614 56604.59396624 50.48 198.807863  61.874887   -100  257.59  256.98  256.41
 198     8.960 56614.50961297 44.97 198.794097  61.876918  4.429  252.20  250.28  249.51
 198     9.476 56614.50961356 44.65 198.798817  61.875525   -100  252.20  250.28  249.51
 198     9.175 56614.50961415 46.49 198.803537  61.874132   -100  252.20  250.28  249.51
 199     9.015 56624.42525731 33.01 198.794547  61.876914 26.679  254.93  253.14  252.56
 199    14.466 56624.42525790 31.70 198.799267  61.875521 18.274  254.93  253.14  252.56
 199    14.855 56624.42525849 30.08 198.803987  61.874128 13.643  254.93  253.14  252.56
 200    60.613 56634.34089876 15.39 198.795303  61.877586  7.296  258.79  259.41  257.57
 200    56.739 56634.34089935 18.60 198.800024  61.876193 28.902  258.79  259.41  257.57
 200    57.024 56634.34089994  6.59 198.804744  61.874800 11.963  258.79  259.41  257.57
 201    13.024 56644.25653556 26.18 198.798050  61.877786  7.010  255.65  254.32  253.77
 201    12.981 56644.25653615 26.06 198.802771  61.876393  6.786  255.65  254.32  253.77
 201    13.842 56644.25653674 25.49 198.807491  61.874999  5.418  255.65  254.32  253.77
 202    12.567 56654.17218807 20.22 198.792703  61.877037  5.655 -100.00 -100.00 -100.00
 202    13.443 56654.17218866 20.31 198.797424  61.875644  5.049 -100.00 -100.00 -100.00
 202    13.929 56654.17218925 19.89 198.802145  61.874250  4.857 -100.00 -100.00 -100.00
 203    12.946 56664.08783693 15.76 198.791647  61.874711  5.271  242.69  240.78  231.51
 203    13.474 56664.08783752 15.05 198.796368  61.873317  4.360  242.69  240.78  231.51
 204    11.717 56674.00348265 14.37 198.787683  61.874553  4.821  237.32  235.77  227.46
 204    13.616 56674.00348324 13.99 198.792403  61.873160  4.350  237.32  235.77  227.46
 204    14.086 56674.00348383 14.84 198.797124  61.871766  5.554  237.32  235.77  227.46
 205     9.939 56683.91912738 48.06 198.787192  61.875893   -100 -100.00 -100.00 -100.00
 205    10.068 56683.91912797 47.49 198.791913  61.874500   -100 -100.00 -100.00 -100.00
 205    10.175 56683.91912856 44.14 198.796633  61.873107   -100  250.50  251.09  250.01
 206    14.112 56693.83477102 25.85 198.795420  61.875834  9.532 -100.00 -100.00 -100.00
 206     9.682 56693.83477161 26.76 198.800140  61.874441 12.998 -100.00 -100.00 -100.00
 210    14.894 56733.49734251 16.72 198.792107  61.875048  5.346  242.24  240.59  236.92
 210    14.497 56733.49734310 16.67 198.796827  61.873655  5.352  242.24  240.59  236.92
 211    12.021 56743.41298953 19.34 198.792477  61.876222  7.650  243.57  240.91  237.72
 211    10.028 56743.41299012 23.30 198.797197  61.874829 15.115  243.57  240.91  237.72
 211    10.381 56743.41299071 20.21 198.801916  61.873436  8.105  243.57  240.91  237.72
 212    14.100 56753.32863223 22.40 198.794579  61.878404 12.080 -100.00 -100.00 -100.00
 212     8.291 56753.32863282 25.72 198.799300  61.877010 19.539 -100.00 -100.00 -100.00
 212    13.835 56753.32863341 23.31 198.804019  61.875617 14.694 -100.00 -100.00 -100.00
 213    15.534 56763.24427028 29.83 198.802161  61.878495 11.335 -100.00 -100.00 -100.00
 213    15.502 56763.24427087 30.52 198.806881  61.877101 11.700 -100.00 -100.00 -100.00
 213    15.062 56763.24427147 34.77 198.811601  61.875708 20.337 -100.00 -100.00 -100.00
 214     9.012 56773.15990311 36.18 198.801810  61.879056 26.250  259.13  258.80  258.22
 214     9.429 56773.15990370 41.61 198.806531  61.877662   -100  259.13  258.80  258.22
 214     9.490 56773.15990429 41.97 198.811251  61.876269 28.234  259.13  258.80  258.22
 215     9.812 56783.07555999 45.89 198.793806  61.878244   -100  262.71  261.76  262.03
 215     9.969 56783.07556058 46.25 198.798526  61.876851   -100  262.71  261.76  262.03
 215     9.812 56783.07556117 48.43 198.803246  61.875457   -100  262.71  261.76  262.03
 216    46.268 56792.99121419  1.75 198.793939  61.875806  5.003  269.39  269.14  268.51
 216    46.832 56792.99121478  2.00 198.798659  61.874413  5.196  269.39  269.14  268.51
 217    13.893 56802.90686495 24.71 198.789713  61.876153 14.418  264.66  264.18  263.81
 217    14.158 56802.90686554 22.79 198.794433  61.874760 11.030  264.66  264.18  263.81
 217    14.025 56802.90686613 25.52 198.799152  61.873367 15.458  264.66  264.18  263.81
 218    62.885 56812.82250855 13.21 198.792960  61.875895  8.972  269.21  269.24  267.55
 218    60.305 56812.82250914 22.12 198.797679  61.874501 13.229  269.21  269.24  267.55
 218    59.752 56812.82250973 23.34 198.802399  61.873108   -100  269.21  269.24  267.55
 221    14.456 56842.56941579 26.10 198.792464  61.875982 20.879  267.46  267.81  265.06
 221    14.327 56842.56941638 25.39 198.797184  61.874589 15.495  267.46  267.81  265.06
 221    14.505 56842.56941697 26.56 198.801904  61.873196 19.096  267.46  267.81  265.06
 223    14.697 56862.40070970 40.15 198.792226  61.876133   -100  265.21  266.42  263.43
 223    14.630 56862.40071029 41.23 198.796946  61.874740   -100  265.21  266.42  263.43
 223    14.743 56862.40071088 44.34 198.801665  61.873347   -100  265.21  266.42  263.43
 224    14.796 56872.31636308 40.88 198.792071  61.876890 27.188  268.81  270.26  267.10
 224    14.792 56872.31636367 46.38 198.796792  61.875497   -100  268.81  270.26  267.10
 224    14.540 56872.31636426 54.79 198.801511  61.874104  4.088  268.81  270.26  267.10
 225    60.895 56882.23201371 13.65 198.794034  61.876484  5.972  270.46  270.87  268.24
 225    60.501 56882.23201430 16.64 198.798754  61.875091  7.600  270.46  270.87  268.24
 225    59.115 56882.23201489 20.23 198.803474  61.873697 13.890  270.46  270.87  268.24
 226    13.050 56892.14766055 39.13 198.793847  61.875977   -100 -100.00 -100.00 -100.00
 226    13.037 56892.14766114 40.52 198.798567  61.874584   -100 -100.00 -100.00 -100.00
 226    13.010 56892.14766173 43.10 198.803287  61.873190   -100 -100.00 -100.00 -100.00
 227    12.750 56902.06330398 22.95 198.790040  61.875981 18.177  267.50  268.53  266.79
 227    13.426 56902.06330457 22.32 198.794760  61.874588 13.040  267.50  268.53  266.79
 227    14.018 56902.06330516 26.09 198.799480  61.873195 21.172  267.50  268.53  266.79
 228    13.019 56911.97894572 21.78 198.788822  61.876461 18.338  269.00  269.70  268.06
 228    13.222 56911.97894631 21.70 198.793543  61.875068 16.262  269.00  269.70  268.06
 228    13.603 56911.97894690 24.47 198.798263  61.873674 20.038  269.00  269.70  268.06
 229    13.562 56921.89458661 21.78 198.794427  61.876351  9.255  260.09  259.29  258.69
 229    13.714 56921.89458720 22.95 198.799147  61.874958 11.185  260.09  259.29  258.69
 229    14.803 56921.89458779 24.74 198.803867  61.873564 13.287  260.09  259.29  258.69
 230    57.972 56931.81022503 18.79 198.798782  61.877596 14.158  260.10  259.56  258.68
 230    56.343 56931.81022562  3.05 198.803503  61.876203  7.758  260.10  259.56  258.68
 230    80.658 56931.81022621  0.87 198.808223  61.874809  6.169  260.10  259.56  258.68
 231    11.953 56941.72585789 45.18 198.799418  61.879315   -100  259.33  257.98  258.20
 231    11.433 56941.72585848 48.14 198.804139  61.877922   -100  259.33  257.98  258.20
 231    11.490 56941.72585907 43.29 198.808859  61.876529   -100  259.33  257.98  258.20
 232    10.406 56951.64150020 40.78 198.801320  61.878470   -100  261.82  260.21  259.69
 232    10.498 56951.64150079 46.28 198.806040  61.877077   -100  261.82  260.21  259.69
 232    10.732 56951.64150139 45.19 198.810760  61.875684   -100  261.82  260.21  259.69
 233     9.983 56961.55715111 40.28 198.796520  61.877613   -100 -100.00 -100.00 -100.00
 233    10.177 56961.55715170 45.38 198.801241  61.876220   -100 -100.00 -100.00 -100.00
 233     9.937 56961.55715229 45.45 198.805961  61.874826   -100 -100.00 -100.00 -100.00
 234    59.996 56971.47279722 13.74 198.794270  61.876896  7.340  259.81  258.47  254.00
 234    59.252 56971.47279781 18.81 198.798991  61.875503 14.022  259.81  258.47  254.00
 234    58.582 56971.47279840 22.97 198.803710  61.874110 21.987  259.81  258.47  254.00
 235    10.078 56981.38843930 28.56 198.794163  61.876937 17.218  256.21  254.56  249.89
 235    10.328 56981.38843989 34.68 198.798883  61.875544   -100  256.21  254.56  249.89
 235     9.841 56981.38844048 35.45 198.803603  61.874150   -100  256.21  254.56  249.89
 236    10.256 56991.30407725 39.89 198.797386  61.876740   -100  256.17  254.46  252.66
 236    10.263 56991.30407784 38.57 198.802107  61.875347   -100  256.17  254.46  252.66
 237    56.491 57001.21970812  4.33 198.795033  61.878270  4.801  243.07  241.39  233.16
 237    57.094 57001.21970871  4.60 198.799754  61.876877  4.793  243.07  241.39  233.16
 237    58.770 57001.21970930  3.15 198.804474  61.875484  4.567  243.07  241.39  233.16
 238    10.447 57011.13536598 29.31 198.795461  61.875894 25.311  243.14  239.86  232.64
 238    10.567 57011.13536657 26.79 198.800181  61.874500 17.332  243.14  239.86  232.64
 239    57.773 57021.05101741 18.84 198.791466  61.875425  9.568  258.15  259.94  259.87
 239    57.321 57021.05101800 21.52 198.796187  61.874032 20.787  258.15  259.94  259.87
 239    57.607 57021.05101859 19.70 198.800907  61.872639 20.716  258.15  259.94  259.87
 240    58.555 57030.96666615  5.46 198.789885  61.875820  6.117  241.82  241.44  235.29
 240    78.201 57030.96666674  0.75 198.794606  61.874426  3.378  241.82  241.44  235.29
 241    10.142 57040.88231361 37.20 198.793251  61.875622   -100  233.96  230.24  225.26
 241    10.234 57040.88231420 33.88 198.797971  61.874229   -100  233.96  230.24  225.26
 244    10.946 57070.62923515 20.38 198.797354  61.876492  6.546  247.45  246.51  241.81
 244    12.733 57070.62923574 19.83 198.802074  61.875099  6.160  247.45  246.51  241.81
 245    56.450 57080.54486614  9.88 198.798531  61.877036  9.339  247.47  244.30  240.79
 245    55.454 57080.54486673 11.33 198.803251  61.875643 10.083  247.47  244.30  240.79
 246    10.316 57090.46050732 23.54 198.803077  61.876746 12.583  233.12  225.91  217.58
 246    12.746 57090.46050791 23.02 198.807797  61.875352 11.315  233.12  225.91  217.58
 247     8.833 57100.37616413 22.92 198.796138  61.878946 13.109  243.94  241.56  234.18
 247     9.116 57100.37616472 22.00 198.800858  61.877553 11.558  243.94  241.56  234.18
 247    10.251 57100.37616531 21.13 198.805578  61.876160 10.067  243.94  241.56  234.18
 248    13.630 57110.29181876 21.72 198.796698  61.878898 10.098 -100.00 -100.00 -100.00
 248    14.654 57110.29181935 19.69 198.801418  61.877505  5.884 -100.00 -100.00 -100.00
 248    15.221 57110.29181994 19.56 198.806138  61.876111  4.885 -100.00 -100.00 -100.00
 249    11.429 57120.20746768 37.38 198.795583  61.878587 25.728 -100.00 -100.00 -100.00
 249    10.468 57120.20746827 36.60 198.800304  61.877194   -100 -100.00 -100.00 -100.00
 249    15.112 57120.20746886 27.06 198.805024  61.875800  7.557 -100.00 -100.00 -100.00
 250    15.122 57130.12311106 28.17 198.796026  61.877159 10.921 -100.00 -100.00 -100.00
 250    14.982 57130.12311165 28.78 198.800746  61.875766 12.800 -100.00 -100.00 -100.00
 250    15.576 57130.12311224 26.26 198.805466  61.874373  8.269 -100.00 -100.00 -100.00
 251    15.054 57140.03874868 34.21 198.793555  61.877484 19.763  264.00  263.92  262.87
 251    14.976 57140.03874927 32.84 198.798276  61.876091 16.830  264.00  263.92  262.87
 251    14.945 57140.03874986 35.18 198.802996  61.874698 26.559  264.00  263.92  262.87
 252    66.522 57149.95438353 22.15 198.797748  61.877200 20.468  267.47  267.46  267.40
 252    63.413 57149.95438412 22.20 198.802468  61.875807 20.669  267.47  267.46  267.40
 252    59.253 57149.95438471 21.34 198.807188  61.874413   -100  267.47  267.46  267.40
 253    14.563 57159.87001512 33.17 198.799786  61.878137 21.697  260.77  261.40  260.84
 253    14.464 57159.87001571 41.05 198.804506  61.876744   -100  260.77  261.40  260.84
 253    14.631 57159.87001630 41.54 198.809226  61.875351 24.379  260.77  261.40  260.84
 254    65.008 57169.78566730 17.93 198.798288  61.877365  9.787  264.20  264.92  263.06
 254    60.286 57169.78566789 27.27 198.803008  61.875972 14.859  264.20  264.92  263.06
 254    60.403 57169.78566848 22.73 198.807728  61.874578   -100  264.20  264.92  263.06
 255    15.844 57179.70132245 32.77 198.791967  61.876843   -100  259.71  259.04  257.93
 255    15.358 57179.70132304 39.18 198.796687  61.875450 30.978  259.71  259.04  257.93
 255    15.044 57179.70132363 46.79 198.801406  61.874057 24.352  259.71  259.04  257.93
 256    14.428 57189.61697400 28.46 198.789552  61.875533 31.362  264.12  264.60  262.02
 256    14.376 57189.61697459 21.77 198.794271  61.874140 12.323  264.12  264.60  262.02
 256    14.069 57189.61697518 23.47 198.798991  61.872747 13.114  264.12  264.60  262.02
 257    12.185 57199.53262166 28.12 198.787562  61.875896   -100 -100.00 -100.00 -100.00
 257    12.049 57199.53262225 26.35 198.792282  61.874503 27.943 -100.00 -100.00 -100.00
 257    13.829 57199.53262284 21.66 198.797001  61.873110 11.368 -100.00 -100.00 -100.00
 258    11.250 57209.44825681 26.04 198.796995  61.874342 26.308  270.37  271.68  268.37
 258    13.935 57209.44825740 26.09 198.801714  61.872948 24.255  270.37  271.68  268.37
 259    11.599 57219.36390050 29.41 198.795548  61.876242   -100 -100.00 -100.00 -100.00
 259    13.270 57219.36390109 23.78 198.800268  61.874849 15.501 -100.00 -100.00 -100.00
 260    59.600 57229.27954312 14.02 198.792975  61.877452  8.998 -100.00 -100.00 -100.00
 260    59.444 57229.27954371 22.33 198.797696  61.876059 12.055 -100.00 -100.00 -100.00
 260    59.649 57229.27954430 25.46 198.802416  61.874665 11.077 -100.00 -100.00 -100.00
 261    12.021 57239.19518379 24.42 198.792106  61.877601 23.476 -100.00 -100.00 -100.00
 261    13.028 57239.19518438 20.42 198.796827  61.876208 14.024 -100.00 -100.00 -100.00
 261    13.643 57239.19518497 20.74 198.801547  61.874815 11.943 -100.00 -100.00 -100.00
 262    57.408 57249.11082157 14.23 198.792411  61.877627  8.236 -100.00 -100.00 -100.00
 262    57.761 57249.11082216 14.93 198.797132  61.876234  9.224 -100.00 -100.00 -100.00
 262    57.630 57249.11082275 20.95 198.801852  61.874841 15.336 -100.00 -100.00 -100.00
 263    12.552 57259.02645724 20.26 198.795587  61.878028 12.515  267.16  266.88  265.57
 263    14.022 57259.02645783 19.64 198.800308  61.876635  9.922  267.16  266.88  265.57
 263    14.087 57259.02645842 20.11 198.805029  61.875241  9.616  267.16  266.88  265.57
 264    56.563 57268.94209161 15.17 198.798921  61.879359  9.410  267.23  268.56  266.87
 264    58.336 57268.94209220 16.12 198.803643  61.877966  7.842  267.23  268.56  266.87
 264    58.525 57268.94209279 21.21 198.808363  61.876572  9.680  267.23  268.56  266.87
 265    14.416 57278.85774226 24.87 198.800815  61.879778 14.071  261.52  262.61  261.98
 265    14.582 57278.85774285 20.78 198.805536  61.878385  8.613  261.52  262.61  261.98
 265    14.795 57278.85774344 24.18 198.810256  61.876992 12.863  261.52  262.61  261.98
 266    60.356 57288.77339845 14.91 198.801648  61.878810 13.296  258.10  258.13  256.53
 266    60.442 57288.77339904 25.39 198.806369  61.877416 13.266  258.10  258.13  256.53
 266    59.662 57288.77339963 23.62 198.811089  61.876023   -100  258.10  258.13  256.53
 267    13.761 57298.68905150 47.80 198.799100  61.877562   -100  258.29  258.68  257.34
 267    13.620 57298.68905209 51.71 198.803820  61.876168   -100  258.29  258.68  257.34
 267    13.192 57298.68905268 52.75 198.808540  61.874775   -100  258.29  258.68  257.34
 268    58.802 57308.60470070 16.04 198.794663  61.876576 10.235  256.21  256.44  255.75
 268    58.427 57308.60470129 25.28 198.799383  61.875182 13.964  256.21  256.44  255.75
 268    58.478 57308.60470188 27.92 198.804103  61.873789 21.563  256.21  256.44  255.75
 270    60.547 57328.43598905  5.87 198.792575  61.876256  6.985  258.56  258.72  258.11
 270    36.029 57328.43598964  6.48 198.797296  61.874863  4.444  258.56  258.72  258.11
 270    34.942 57328.43599023  5.60 198.802015  61.873469  5.460  258.56  258.72  258.11
 271     9.987 57338.35162982 46.28 198.796575  61.876451   -100  251.68  249.38  247.44
 271     9.842 57338.35163041 46.87 198.801296  61.875058   -100  251.68  249.38  247.44
 272     9.987 57348.26727790 30.88 198.793129  61.876864 24.130  249.56  248.29  245.93
 272     9.777 57348.26727849 34.26 198.797850  61.875471   -100  249.56  248.29  245.93
 272     9.838 57348.26727908 25.60 198.802570  61.874077 12.417  249.56  248.29  245.93
 273     9.583 57358.18292394 26.97 198.790714  61.875771 23.626  237.64  233.12  224.23
 273     9.633 57358.18292453 21.32 198.795434  61.874378  9.846  237.64  233.12  224.23
 273    13.285 57358.18292512 19.96 198.800155  61.872985  7.901  237.64  233.12  224.23
 274     9.401 57368.09856678 20.53 198.788838  61.874589 13.430  237.50  233.72  225.11
 274     9.757 57368.09856737 17.77 198.793559  61.873196  7.506  237.50  233.72  225.11
 274    12.930 57368.09856796 16.63 198.798279  61.871803  6.064  237.50  233.72  225.11
 275     9.742 57378.01420663 18.31 198.787587  61.875285  9.902 -100.00 -100.00 -100.00
 275     9.945 57378.01420722 16.89 198.792308  61.873892  7.628 -100.00 -100.00 -100.00
 275    12.811 57378.01420781 15.66 198.797028  61.872499  5.242 -100.00 -100.00 -100.00
 276    55.533 57387.92984549 20.32 198.793256  61.876318   -100  248.07  245.91  240.65
 276    56.526 57387.92984608  7.78 198.797977  61.874925 14.113  248.07  245.91  240.65
 277     9.983 57397.84548323 30.16 198.796414  61.878333 19.518 -100.00 -100.00 -100.00
 277     9.852 57397.84548382 29.55 198.801135  61.876940 19.345 -100.00 -100.00 -100.00
 277    10.052 57397.84548441 29.13 198.805855  61.875547 17.935  233.18  230.21  219.31
 278     9.528 57407.76111962 25.99 198.799124  61.878961 12.149  229.75  225.40  215.01
 278    12.692 57407.76112021 25.42 198.803844  61.877568 10.429  229.75  225.40  215.01
 278    12.693 57407.76112080 25.15 198.808565  61.876175 10.050  229.75  225.40  215.01
 279     9.171 57417.67677218 29.39 198.795585  61.877817 17.284  237.61  233.96  227.05
 279     9.414 57417.67677277 28.68 198.800306  61.876424 13.018  237.61  233.96  227.05
 279     9.489 57417.67677336 27.78 198.805026  61.875031 11.828  237.61  233.96  227.05
 280     9.070 57427.59242310 27.95 198.794467  61.876228 16.240 -100.00 -100.00 -100.00
 280     9.077 57427.59242369 26.63 198.799187  61.874835 12.420 -100.00 -100.00 -100.00
 280     9.014 57427.59242428 26.59 198.803907  61.873441 11.234 -100.00 -100.00 -100.00
 281     8.768 57437.50807083 25.89 198.791845  61.877059 15.825  233.85  227.42  219.78
 281     8.701 57437.50807142 24.60 198.796565  61.875665 11.906  233.85  227.42  219.78
 281     8.894 57437.50807201 24.11 198.801285  61.874272 10.751  233.85  227.42  219.78
 282     8.687 57447.42371773 25.83 198.796574  61.877706 14.303  239.42  236.14  228.08
 282     8.904 57447.42371832 23.92 198.801294  61.876313 10.336  239.42  236.14  228.08
 282     9.096 57447.42371891 23.95 198.806014  61.874919  9.410  239.42  236.14  228.08
 283     8.339 57457.33936313 26.65 198.797785  61.879237 15.170  237.78  232.46  222.86
 283     8.549 57457.33936372 25.62 198.802506  61.877843 12.857  237.78  232.46  222.86
 283     8.491 57457.33936431 25.15 198.807225  61.876450 13.395  237.78  232.46  222.86
 284     8.327 57467.25500618 23.91 198.799229  61.879004 11.725  232.90  225.84  215.12
 284     9.280 57467.25500677 23.33 198.803949  61.877610 10.582  232.90  225.84  215.12
 284    12.866 57467.25500736 22.50 198.808669  61.876217  7.988  232.90  225.84  215.12
 285     8.347 57477.17064507 29.22 198.797445  61.878051 22.534 -100.00 -100.00 -100.00
 285     8.363 57477.17064566 27.99 198.802166  61.876658 17.952 -100.00 -100.00 -100.00
 285     8.544 57477.17064625 28.23 198.806886  61.875264 18.223 -100.00 -100.00 -100.00
 286     8.796 57487.08628087 32.54 198.796346  61.876710 20.193  262.43  261.48  260.28
 286     8.536 57487.08628146 33.61 198.801067  61.875316 24.723  262.43  261.48  260.28
 286     8.603 57487.08628205 33.95 198.805787  61.873923 26.715  262.43  261.48  260.28
 287     9.302 57497.00191447 39.98 198.796594  61.876791   -100 -100.00 -100.00 -100.00
 287     8.924 57497.00191506 42.29 198.801314  61.875398   -100 -100.00 -100.00 -100.00
 287     8.975 57497.00191565 42.30 198.806035  61.874004   -100 -100.00 -100.00 -100.00
 288     8.793 57506.91755190 39.11 198.797657  61.878376   -100  265.60  265.19  264.91
 288     9.094 57506.91755249 43.42 198.802378  61.876982   -100  265.60  265.19  264.91
 288     9.183 57506.91755308 44.79 198.807099  61.875589 24.745  265.60  265.19  264.91
 289    60.847 57516.83320822 15.25 198.797134  61.878458  8.373  262.46  262.45  262.35
 289    60.524 57516.83320881 19.26 198.801854  61.877065 10.722  262.46  262.45  262.35
 289    59.738 57516.83320940 25.54 198.806575  61.875671 12.678  262.46  262.45  262.35
 290    13.951 57526.74886201 26.15 198.797690  61.877218 13.241  261.33  261.39  260.51
 290    14.095 57526.74886260 25.06 198.802410  61.875825 11.130  261.33  261.39  260.51
 290    14.588 57526.74886319 24.84 198.807129  61.874431  9.227  261.33  261.39  260.51
 291    59.163 57536.66451285 10.39 198.793897  61.875698 22.528  266.76  267.03  264.81
 291    60.153 57536.66451344 20.33 198.798617  61.874305  9.770  266.76  267.03  264.81
 292    59.343 57546.58016099 21.39 198.790701  61.874335 11.232  260.78  260.30  258.00
 292    59.410 57546.58016158 20.17 198.795420  61.872942 27.765  260.78  260.30  258.00
 293    59.673 57556.49580744 15.01 198.789974  61.874307 10.918  269.32  270.05  268.19
 293    59.161 57556.49580803 20.29 198.794694  61.872914 15.792  269.32  270.05  268.19
 294    65.131 57566.41145233  5.69 198.789870  61.876541  3.589  268.66  269.16  266.03
 294    49.245 57566.41145292  3.15 198.794590  61.875148  4.366  268.66  269.16  266.03
 294    58.327 57566.41145351  2.46 198.799309  61.873755  4.534  268.66  269.16  266.03
 297    13.708 57596.15838168 31.50 198.795505  61.877229 29.095  273.35  273.32  270.42
 297    14.183 57596.15838227 33.89 198.800226  61.875835 26.810  273.35  273.32  270.42
 297    14.670 57596.15838286 35.90 198.804946  61.874442 18.740  273.35  273.32  270.42
