-128268.381    -0.884     0.00    0.00
-127980.814    -0.884     0.00    0.00
-127693.229    -0.884     0.00    0.00
-127405.625    -0.884     0.00    0.00
-127118.003    -0.884     0.00    0.00
-126830.362    -0.884     0.00    0.00
-126542.703    -0.884     0.00    0.00
-126255.025    -0.884     0.00    0.00
-125967.329    -0.884     0.00    0.00
-125679.615    -0.884     0.00    0.00
-125391.882    -0.884     0.00    0.00
-125104.131    -0.884     0.00    0.00
-124816.361    -0.884     0.00    0.00
-124528.573    -0.884     0.00    0.00
-124240.767    -0.884     0.00    0.00
-123952.942    -0.884     0.00    0.00
-123665.098    -0.884     0.00    0.00
-123377.236    -0.884     0.00    0.00
-123089.356    -0.884     0.00    0.00
-122801.457    -0.884     0.00    0.00
-122513.540    -0.884     0.00    0.00
-122225.604    -0.884     0.00    0.00
-121937.650    -0.844     0.14    0.45
-121649.677    -0.482     1.26    1.25
-121361.686     0.066     1.90    1.85
-121073.676     0.971     3.14    2.54
-120785.648     2.324     4.70    3.68
-120497.601     3.967     5.70    4.53
-120209.536     5.951     6.89    4.85
-119921.452     7.439     5.16    4.64
-119633.350     8.599     4.03    4.23
-119345.229     9.706     3.84    3.90
-119057.090    10.388     2.37    3.81
-118768.932    10.839     1.56    3.78
-118480.756    11.225     1.34    3.72
-118192.561    11.294     0.24    3.67
-117904.347    11.390     0.34    3.60
-117616.116    11.638     0.86    3.60
-117327.865    11.669     0.11    3.59
-117039.596    11.911     0.84    3.39
-116751.308    12.960     3.64    3.84
-116463.002    14.449     5.16    4.33
-116174.678    15.980     5.31    4.62
-115886.334    17.889     6.62    4.67
-115597.972    19.466     5.47    4.39
-115309.592    20.526     3.68    3.97
-115021.193    20.868     1.19    3.96
-114732.775    20.248    -2.15    4.85
-114444.339    19.439    -2.81    5.52
-114155.884    18.691    -2.59    5.67
-113867.411    17.458    -4.28    5.56
-113578.919    16.748    -2.46    5.65
-113290.408    15.726    -3.54    5.53
-113001.879    14.308    -4.91    5.21
-112713.331    13.148    -4.02    5.65
-112426.028    11.576    -5.47    5.32
-112141.323     9.976    -5.62    4.41
-111856.601     8.474    -5.27    3.07
-111571.862     7.693    -2.74    2.39
-111287.105     7.249    -1.56    2.29
-111002.331     7.251     0.01    2.58
-110717.540     7.405     0.54    2.74
-110432.731     7.257    -0.52    2.53
-110147.905     7.181    -0.27    2.31
-109863.062     6.849    -1.16    1.69
-109578.201     6.786    -0.22    1.17
-109293.323     6.826     0.14    0.81
-109008.428     6.940     0.40    0.79
-108723.515     7.041     0.35    0.75
-108438.585     7.076     0.12    0.71
-108153.637     7.016    -0.21    0.30
-107868.673     7.100     0.29    0.13
-107583.690     7.020    -0.28    0.30
-107298.691     6.876    -0.50    0.43
-107013.674     6.686    -0.67    0.50
-106728.640     6.527    -0.56    0.49
-106443.588     6.383    -0.51    0.51
-106158.519     6.148    -0.82    0.55
-105873.432     5.948    -0.70    0.56
-105588.328     5.813    -0.47    0.63
-105303.207     5.810    -0.01    0.72
-105018.068     5.898     0.31    0.81
-104732.912     6.023     0.44    0.87
-104447.738     6.173     0.52    0.90
-104162.548     6.384     0.74    0.89
-103877.339     6.674     1.01    0.82
-103592.113     6.815     0.50    0.93
-103306.870     6.810    -0.02    0.98
-103021.609     6.612    -0.69    0.92
-102736.331     6.476    -0.48    0.89
-102451.036     6.374    -0.36    0.69
-102165.723     6.198    -0.62    0.73
-101880.392     5.689    -1.79    1.42
-101595.044     5.358    -1.16    1.65
-101309.679     5.224    -0.47    1.78
-101024.296     5.277     0.19    1.84
-100738.896     5.133    -0.51    1.93
-100453.478     4.967    -0.58    1.93
-100168.043     4.973     0.02    1.93
 -99882.590     5.092     0.42    1.95
 -99597.120     5.199     0.38    2.03
 -99311.632     5.221     0.08    2.02
 -99026.127     5.349     0.45    2.04
 -98740.605     5.499     0.53    2.05
 -98455.064     5.900     1.40    1.89
 -98169.507     6.182     0.99    1.74
 -97883.932     6.217     0.12    1.75
 -97598.339     6.368     0.53    1.61
 -97312.729     6.545     0.62    1.42
 -97027.101     6.753     0.73    1.02
 -96741.456     6.772     0.07    0.78
 -96455.793     6.758    -0.05    0.70
 -96170.113     6.358    -1.40    1.40
 -95884.415     5.986    -1.30    1.68
 -95598.700     5.749    -0.83    1.81
 -95312.967     5.697    -0.18    1.89
 -95027.217     5.492    -0.72    2.06
 -94741.449     5.472    -0.07    2.10
 -94455.664     5.649     0.62    2.05
 -94169.861     5.892     0.85    1.96
 -93884.040     6.033     0.49    1.88
 -93598.202     6.221     0.66    1.66
 -93312.346     6.487     0.93    1.29
 -93026.473     6.539     0.18    1.13
 -92740.582     6.482    -0.20    1.17
 -92454.674     6.492     0.04    1.16
 -92168.748     6.455    -0.13    1.19
 -91882.804     6.474     0.07    1.12
 -91596.843     6.238    -0.82    1.40
 -91310.864     5.936    -1.06    1.62
 -91024.868     5.552    -1.34    1.79
 -90738.854     5.221    -1.16    1.76
 -90452.823     5.058    -0.57    1.71
 -90166.774     4.906    -0.53    1.74
 -89880.707     5.132     0.79    1.61
 -89594.622     5.485     1.23    1.29
 -89308.521     5.471    -0.05    1.33
 -89022.401     5.326    -0.51    1.50
 -88736.264     5.100    -0.79    1.65
 -88450.109     4.632    -1.63    1.66
 -88163.936     4.084    -1.92    1.62
 -87877.746     3.649    -1.52    1.54
 -87591.539     3.338    -1.09    1.46
 -87305.313     3.124    -0.75    1.42
 -87019.070     3.262     0.48    1.46
 -86732.809     3.495     0.81    1.50
 -86446.531     3.874     1.32    1.49
 -86160.235     4.141     0.93    1.44
 -85873.921     4.100    -0.14    1.52
 -85587.590     4.068    -0.11    1.58
 -85301.241     3.761    -1.07    1.65
 -85014.874     3.338    -1.47    1.64
 -84728.490     2.864    -1.66    1.42
 -84442.088     2.349    -1.80    0.82
 -84155.668     2.148    -0.70    0.22
 -83869.231     2.116    -0.11    0.00
 -83582.776     2.116     0.00    0.00
 -83296.303     2.116     0.00    0.00
 -83009.812     2.149     0.11    0.22
 -82723.304     4.314     7.56    9.05
 -82436.778    16.259    41.69   34.27
 -82150.235    29.447    46.02   46.56
 -81863.673    48.837    67.66   57.89
 -81577.094    65.148    56.91   60.74
 -81290.497    74.696    33.31   55.70
 -81003.883    88.199    47.11   48.59
 -80717.250    93.680    19.12   40.49
 -80430.600   100.337    23.23   35.59
 -80143.933   107.348    24.45   33.08
 -79857.247   112.415    17.67   36.72
 -79570.544   116.240    13.34   37.94
 -79283.823   125.866    33.57   43.93
 -78997.084   122.745   -10.88   53.25
 -78710.328   108.739   -48.84   63.16
 -78423.553    91.158   -61.30   67.50
 -78136.761    68.305   -79.68   63.37
 -77849.951    50.799   -61.03   52.81
 -77563.124    40.928   -34.42   40.15
 -77276.278    39.612    -4.59   38.86
 -76989.415    42.422     9.79   41.39
 -76702.534    55.926    47.07   46.96
 -76415.635    65.228    32.42   45.44
 -76128.719    76.993    41.00   41.40
 -75841.785    87.551    36.79   35.48
 -75554.832    89.382     6.38   32.46
 -75267.862    83.232   -21.43   36.46
 -74980.875    71.224   -41.84   42.91
 -74693.869    57.203   -48.85   45.96
 -74406.846    39.612   -61.28   42.50
 -74119.804    22.984   -57.93   30.87
 -73832.745    11.727   -39.21   14.32
 -73545.669     7.449   -14.90    1.06
 -73258.574     7.213    -0.82    0.37
 -72971.461     7.140    -0.25    0.15
 -72684.331     7.083    -0.20    0.29
 -72397.183     7.067    -0.06    0.34
 -72110.016     6.916    -0.53    0.78
 -71822.832     6.813    -0.36    1.01
 -71535.631     6.661    -0.53    1.22
 -71248.411     6.632    -0.10    1.26
 -70961.173     6.744     0.39    1.12
 -70673.918     6.815     0.25    0.97
 -70386.645     6.918     0.36    0.79
 -70099.353     7.058     0.49    0.37
 -69812.044     7.084     0.09    0.25
 -69524.717     7.116     0.11    0.00
 -69237.373     7.116     0.00    0.00
 -68950.010     7.116     0.00    0.00
 -68662.629     7.108    -0.03    0.09
 -68375.231     7.108    -0.00    0.09
 -68087.814     7.116     0.03    0.00
 -67800.380     7.116     0.00    0.00
 -67512.928     7.116     0.00    0.00
 -67225.457     7.027    -0.31    0.49
 -66937.969     6.931    -0.34    0.68
 -66650.463     6.876    -0.19    0.75
 -66362.939     6.818    -0.20    0.84
 -66075.397     6.870     0.18    0.77
 -65787.837     6.918     0.17    0.70
 -65500.260     6.993     0.26    0.54
 -65212.664     7.012     0.07    0.52
 -64925.050     6.749    -0.91    1.11
 -64637.419     6.230    -1.81    1.63
 -64349.769     5.676    -1.93    1.89
 -64062.101     5.116    -1.95    1.97
 -63774.416     4.409    -2.46    1.84
 -63486.712     4.013    -1.38    1.56
 -63198.991     3.924    -0.31    1.45
 -62911.251     4.328     1.40    1.69
 -62623.494     4.874     1.90    1.86
 -62335.719     5.463     2.05    1.86
 -62047.925     6.124     2.30    1.60
 -61760.114     6.600     1.65    1.13
 -61472.284     6.926     1.13    0.45
 -61184.437     6.880    -0.16    0.43
 -60896.572     6.809    -0.25    0.46
 -60608.688     6.750    -0.20    0.48
 -60320.787     6.729    -0.07    0.49
 -60032.867     6.713    -0.06    0.49
 -59744.930     6.719     0.02    0.49
 -59456.974     6.702    -0.06    0.49
 -59169.001     6.656    -0.16    0.50
 -58881.009     6.579    -0.27    0.50
 -58592.999     6.455    -0.43    0.48
 -58304.972     6.340    -0.40    0.42
 -58016.926     6.222    -0.41    0.31
 -57728.862     6.156    -0.23    0.20
 -57440.781     6.196     0.14    0.27
 -57152.681     6.348     0.53    0.42
 -56864.563     6.527     0.62    0.49
 -56576.427     6.672     0.50    0.50
 -56288.273     6.816     0.50    0.46
 -56000.100     6.960     0.50    0.36
 -55711.910     7.060     0.35    0.23
 -55423.702     7.116     0.19    0.00
 -55135.476     7.116     0.00    0.00
 -54847.231     7.116     0.00    0.00
 -54558.968     7.116     0.00    0.00
 -54270.688     6.967    -0.52    0.61
 -53982.389     6.754    -0.74    0.95
 -53694.072     6.513    -0.84    1.15
 -53405.737     6.433    -0.28    1.18
 -53117.384     6.457     0.09    1.16
 -52829.013     6.447    -0.04    1.18
 -52540.623     6.633     0.64    1.05
 -52252.216     6.830     0.69    0.83
 -51963.790     6.903     0.25    0.70
 -51675.346     6.691    -0.73    1.01
 -51386.885     6.388    -1.05    1.25
 -51098.405     6.027    -1.25    1.40
 -50809.906     5.708    -1.11    1.43
 -50523.002     5.711     0.01    1.40
 -50238.251     5.591    -0.42    1.39
 -49953.484     5.673     0.29    1.46
 -49668.699     5.848     0.62    1.53
 -49383.898     5.987     0.49    1.57
 -49099.080     5.949    -0.13    1.69
 -48814.245     5.939    -0.04    1.73
 -48529.393     5.974     0.13    1.72
 -48244.524     6.092     0.41    1.62
 -47959.638     6.277     0.65    1.51
 -47674.736     6.374     0.34    1.41
 -47389.816     6.322    -0.18    1.33
 -47104.880     6.248    -0.26    1.31
 -46819.927     5.878    -1.30    1.44
 -46534.956     5.600    -0.98    1.43
 -46249.969     5.424    -0.62    1.38
 -45964.965     5.519     0.33    1.36
 -45679.944     5.672     0.53    1.34
 -45394.906     5.939     0.94    1.28
 -45109.852     6.267     1.15    1.17
 -44824.780     6.568     1.06    0.99
 -44539.691     6.893     1.14    0.64
 -44254.585     6.956     0.22    0.50
 -43969.463     6.833    -0.43    0.65
 -43684.323     6.506    -1.14    0.87
 -43399.167     6.124    -1.34    1.03
 -43113.994     5.761    -1.27    0.98
 -42828.803     5.332    -1.50    0.90
 -42543.596     5.006    -1.14    0.77
 -42258.372     4.860    -0.51    0.70
 -41973.130     4.668    -0.67    0.93
 -41687.872     4.553    -0.40    0.99
 -41402.597     4.378    -0.61    1.05
 -41117.305     4.346    -0.11    1.11
 -40831.996     4.319    -0.09    1.25
 -40546.669     4.356     0.13    1.35
 -40261.326     4.442     0.30    1.46
 -39975.966     4.521     0.28    1.45
 -39690.589     4.772     0.88    1.58
 -39405.195     5.220     1.57    1.97
 -39119.784     5.592     1.30    1.92
 -38834.356     6.632     3.64    2.56
 -38548.911     7.767     3.98    2.88
 -38263.449     8.604     2.93    3.17
 -37977.969     9.746     4.00    4.28
 -37692.473    11.069     4.63    5.38
 -37406.960    12.761     5.93    6.29
 -37121.430    15.537     9.72    9.37
 -36835.882    17.739     7.71   11.17
 -36550.318    20.854    10.91   12.61
 -36264.737    23.410     8.95   13.66
 -35979.138    25.919     8.79   13.20
 -35693.523    27.620     5.95   12.29
 -35407.891    28.084     1.62   11.38
 -35122.241    27.290    -2.78    9.82
 -34836.574    25.931    -4.76    9.60
 -34550.891    24.412    -5.32    9.43
 -34265.190    21.641    -9.70    9.24
 -33979.472    17.973   -12.84    9.37
 -33693.737    14.529   -12.05    9.15
 -33407.986    11.395   -10.97    7.93
 -33122.217     9.260    -7.47    6.55
 -32836.430     7.669    -5.57    4.83
 -32550.627     6.283    -4.85    2.73
 -32264.807     5.664    -2.17    1.53
 -31978.970     5.595    -0.24    1.37
 -31693.115     5.829     0.82    1.32
 -31407.244     6.164     1.17    1.25
 -31121.355     6.323     0.56    1.17
 -30835.449     6.372     0.17    0.96
 -30549.526     6.370    -0.01    0.81
 -30263.586     6.264    -0.37    0.87
 -29977.629     6.100    -0.57    0.92
 -29691.655     5.915    -0.65    0.88
 -29405.664     5.885    -0.10    0.88
 -29119.655     5.971     0.30    0.93
 -28833.629     5.979     0.03    0.92
 -28547.587     5.887    -0.32    0.87
 -28261.527     5.878    -0.03    0.86
 -27975.450     5.796    -0.29    0.83
 -27689.356     5.695    -0.36    0.90
 -27403.244     5.521    -0.61    0.88
 -27117.116     5.356    -0.58    0.74
 -26830.970     5.342    -0.05    0.77
 -26544.807     5.370     0.10    0.80
 -26258.627     5.408     0.13    0.89
 -25972.430     5.390    -0.06    0.99
 -25686.216     5.307    -0.29    1.06
 -25399.984     5.002    -1.06    1.41
 -25113.735     4.502    -1.75    1.90
 -24827.469     3.775    -2.54    2.26
 -24541.186     2.910    -3.02    2.45
 -24254.886     2.250    -2.30    2.58
 -23968.569     1.493    -2.64    2.43
 -23682.234     0.633    -3.01    2.02
 -23395.882     0.204    -1.50    1.85
 -23109.513    -0.110    -1.10    1.53
 -22823.127    -0.268    -0.55    1.31
 -22536.723    -0.209     0.20    1.44
 -22250.302    -0.413    -0.71    1.27
 -21963.864    -0.328     0.29    1.45
 -21677.409    -0.212     0.41    1.54
 -21390.937     0.091     1.06    1.72
 -21104.447     0.608     1.80    1.99
 -20817.940     1.044     1.52    2.05
 -20531.416     1.761     2.50    1.98
 -20244.875     2.297     1.87    1.72
 -19958.316     2.750     1.58    1.20
 -19671.740     3.033     0.99    0.57
 -19385.147     2.953    -0.28    0.54
 -19098.537     2.897    -0.20    0.49
 -18811.909     2.844    -0.18    0.45
 -18525.264     2.880     0.12    0.43
 -18238.602     2.971     0.32    0.35
 -17951.923     3.069     0.34    0.21
 -17665.226     3.164     0.33    0.38
 -17378.512     3.182     0.06    0.40
 -17091.780     3.338     0.55    0.93
 -16805.032     3.322    -0.06    0.53
 -16518.266     3.433     0.39    0.53
 -16231.483     3.624     0.67    0.78
 -15944.682     4.005     1.33    1.11
 -15657.864     4.389     1.34    1.28
 -15371.029     4.780     1.36    1.38
 -15084.177     5.215     1.52    1.36
 -14797.307     5.575     1.25    1.14
 -14510.420     5.740     0.58    0.92
 -14223.516     5.653    -0.30    1.02
 -13936.594     5.604    -0.17    1.26
 -13649.655     5.452    -0.53    1.50
 -13362.699     5.265    -0.65    1.74
 -13075.725     5.156    -0.38    1.94
 -12788.734     5.236     0.28    2.03
 -12501.725     5.552     1.10    1.99
 -12214.700     5.825     0.95    1.88
 -11927.656     5.882     0.20    1.90
 -11640.596     5.719    -0.57    2.12
 -11353.518     5.452    -0.93    2.38
 -11066.423     5.018    -1.51    2.65
 -10779.310     4.490    -1.84    2.78
 -10492.181     3.996    -1.72    2.69
 -10205.033     3.554    -1.54    2.41
  -9917.869     3.604     0.17    2.26
  -9630.686     3.886     0.98    2.06
  -9343.487     4.034     0.52    1.83
  -9056.270     3.996    -0.13    1.63
  -8769.036     3.679    -1.11    1.60
  -8481.784     3.323    -1.24    1.66
  -8194.515     2.636    -2.39    1.74
  -7907.229     1.959    -2.36    1.58
  -7619.925     1.329    -2.19    1.23
  -7332.604     0.980    -1.22    0.93
  -7045.265     0.748    -0.81    0.76
  -6757.909     0.552    -0.68    0.57
  -6470.535     0.447    -0.36    0.47
  -6183.144     0.376    -0.25    0.44
  -5895.736     0.378     0.01    0.44
  -5608.310     0.488     0.38    0.49
  -5320.867     0.616     0.44    0.50
  -5033.406     0.791     0.61    0.47
  -4745.928     0.908     0.41    0.41
  -4458.432     1.010     0.36    0.31
  -4170.919     1.092     0.28    0.15
  -3883.389     1.093     0.00    0.15
  -3595.841     1.042    -0.17    0.26
  -3308.275     1.012    -0.11    0.31
  -3020.692     1.015     0.01    0.30
  -2733.092     1.010    -0.02    0.31
  -2445.474     1.012     0.01    0.31
  -2157.839     1.014     0.01    0.30
  -1870.186     1.059     0.16    0.23
  -1582.515     1.116     0.20    0.00
  -1294.827     1.116     0.00    0.00
  -1007.122     1.100    -0.06    0.13
   -719.399     0.926    -0.61    0.56
   -431.659     0.616    -1.08    0.85
   -143.901     0.272    -1.20    0.97
    143.874    -0.065    -1.17    0.96
    431.667    -0.264    -0.69    0.89
    719.478    -0.253     0.04    0.89
   1007.306    -0.148     0.36    0.93
   1295.151     0.181     1.14    0.96
   1583.014     0.527     1.20    0.84
   1870.895     0.664     0.47    0.75
   2158.793     0.753     0.31    0.70
   2446.708     0.659    -0.32    0.75
   2734.641     0.636    -0.08    0.74
   3022.592     0.600    -0.13    0.72
   3310.560     0.644     0.15    0.69
   3598.546     0.722     0.27    0.64
   3886.550     0.835     0.39    0.55
   4174.570     0.973     0.48    0.35
   4462.609     1.013     0.14    0.31
   4750.665     1.060     0.16    0.23
   5038.739     1.045    -0.05    0.26
   5326.830     1.044    -0.00    0.26
   5614.939     1.051     0.02    0.25
   5903.065     1.077     0.09    0.19
   6191.209     1.092     0.05    0.15
   6479.371     1.108     0.06    0.16
   6767.550     1.225     0.40    0.31
   7055.747     1.329     0.36    0.41
   7343.961     1.508     0.62    0.49
   7632.193     1.659     0.52    0.50
   7920.443     1.818     0.55    0.46
   8208.710     1.981     0.57    0.34
   8496.995     2.021     0.14    0.29
   8785.298     1.959    -0.21    0.37
   9073.618     1.919    -0.14    0.40
   9361.956     1.896    -0.08    0.42
   9650.311     1.919     0.08    0.40
   9938.684     2.195     0.96    1.26
  10227.075     3.386     4.13    3.61
  10515.483     5.058     5.80    6.03
  10803.909     9.291    14.67   14.76
  11092.353    15.259    20.69   21.62
  11378.892    20.620    18.71   24.53
  11663.696    25.116    15.79   24.37
  11948.516    26.238     3.94   21.35
  12233.352    24.844    -4.89   18.80
  12518.205    22.780    -7.25   15.47
  12803.074    20.612    -7.61   12.89
  13087.960    19.187    -5.00   10.88
  13372.862    18.370    -2.87   10.37
  13657.780    20.247     6.59   13.17
  13942.715    22.499     7.90   16.03
  14227.666    23.695     4.20   16.75
  14512.634    25.809     7.42   18.26
  14797.618    26.226     1.46   18.37
  15082.619    25.425    -2.81   17.54
  15367.636    23.780    -5.77   17.45
  15652.669    20.929   -10.00   15.33
  15937.719    20.636    -1.03   15.43
  16222.785    20.219    -1.47   15.54
  16507.868    18.067    -7.55   13.07
  16792.967    16.565    -5.27   10.75
  17078.083    16.294    -0.95    8.83
  17363.215    16.346     0.18    6.19
  17648.364    17.155     2.84    6.14
  17933.529    19.370     7.77    7.07
  18218.710    22.214     9.97    8.66
  18503.908    26.061    13.49   11.17
  18789.123    32.382    22.16   16.20
  19074.354    38.203    20.41   18.63
  19359.601    43.632    19.03   19.88
  19644.865    49.372    20.12   20.83
  19930.146    53.457    14.32   20.20
  20215.443    56.287     9.92   18.92
  20500.756    56.404     0.41   16.33
  20786.086    57.949     5.42   15.31
  21071.432    60.108     7.56   15.55
  21356.795    64.132    14.10   20.01
  21642.175    68.457    15.16   23.84
  21927.571    71.487    10.62   24.32
  22212.983    72.951     5.13   23.71
  22498.412    73.697     2.61   21.63
  22783.858    73.148    -1.92   19.72
  23069.320    72.053    -3.84   17.42
  23354.799    71.059    -3.48   15.35
  23640.294    68.900    -7.56   13.73
  23925.805    66.620    -7.99   11.54
  24211.334    63.116   -12.27   10.17
  24496.878    59.338   -13.23   11.41
  24782.440    55.075   -14.93   10.22
  25068.018    51.299   -13.23    9.47
  25353.612    48.444    -9.99    8.76
  25639.223    45.775    -9.35    7.76
  25924.851    43.491    -7.99    7.46
  26210.495    42.943    -1.92    8.09
  26496.156    42.777    -0.58    9.66
  26781.833    41.896    -3.09   10.47
  27067.527    42.384     1.71   11.33
  27353.237    40.892    -5.22   11.54
  27638.964    39.934    -3.35   11.15
  27924.708    39.346    -2.06    9.96
  28210.468    40.843     5.24   12.66
  28496.245    41.300     1.60   13.66
  28782.038    42.197     3.14   15.04
  29067.848    44.368     7.60   16.33
  29353.675    45.425     3.70   16.67
  29639.518    48.476    10.67   18.98
  29925.378    51.219     9.60   20.60
  30211.254    52.923     5.96   19.45
  30497.147    56.421    12.24   19.48
  30783.057    58.866     8.55   19.53
  31068.983    59.563     2.44   19.10
  31354.926    60.376     2.84   20.68
  31640.886    62.254     6.57   21.56
  31926.862    64.100     6.45   21.70
  32212.855    62.343    -6.14   21.27
  32498.864    60.689    -5.78   19.55
  32784.890    60.402    -1.00   17.77
  33070.933    61.012     2.13   17.14
  33356.993    59.970    -3.64   15.42
  33643.069    61.242     4.45   17.45
  33929.161    62.721     5.17   17.66
  34215.271    63.616     3.13   16.70
  34501.397    64.297     2.38   15.82
  34787.540    64.519     0.78   15.32
  35073.699    67.588    10.72   18.44
  35359.875    69.878     8.00   20.00
  35646.068    73.813    13.75   21.65
  35932.278    78.108    15.01   23.37
  36218.504    79.580     5.14   23.20
  36504.747    81.171     5.56   23.83
  36791.006    81.108    -0.22   23.02
  37077.283    80.913    -0.68   21.97
  37363.575    80.968     0.19   21.35
  37649.885    78.259    -9.46   19.07
  37936.212    75.842    -8.44   18.00
  38222.555    73.838    -7.00   17.34
  38508.914    71.911    -6.73   15.96
  38795.291    71.802    -0.38   14.44
  39081.684    70.926    -3.06   12.38
  39368.094    70.374    -1.93   10.52
  39654.521    70.651     0.97    9.87
  39940.964    71.580     3.24    9.23
  40227.425    72.813     4.30    8.44
  40513.902    75.432     9.14    9.10
  40800.395    77.285     6.47   10.10
  41086.906    79.660     8.29   11.87
  41373.433    82.581    10.19   13.15
  41659.977    86.971    15.32   14.71
  41946.538    91.818    16.91   15.23
  42233.115    98.005    21.59   16.14
  42519.709   107.939    34.66   19.32
  42806.320   118.965    38.47   21.57
  43092.948   126.287    25.54   20.78
  43379.593   130.559    14.90   19.46
  43666.254   130.601     0.15   19.69
  43952.932   131.156     1.94   20.56
  44239.627   131.767     2.13   22.03
  44526.339   131.550    -0.76   23.91
  44813.067   133.009     5.09   25.24
  45099.813   134.888     6.55   25.66
  45386.575   138.864    13.87   21.99
  45673.354   140.100     4.31   20.68
  45960.149   136.589   -12.24   24.65
  46246.962   129.674   -24.11   27.73
  46533.791   120.557   -31.78   26.58
  46820.637   116.030   -15.78   26.25
  47107.500   113.866    -7.54   26.08
  47394.380   106.998   -23.94   29.87
  47681.277    98.283   -30.38   34.26
  47968.190    89.156   -31.81   36.35
  48255.121    78.707   -36.42   35.34
  48542.068    72.745   -20.78   30.30
  48829.032    68.356   -15.30   23.48
  49116.013    68.846     1.71   21.88
  49403.010    74.060    18.17   23.65
  49690.025    80.382    22.03   23.47
  49977.056    87.436    24.58   21.46
  50264.105    94.108    23.24   20.93
  50551.170    97.418    11.53   21.74
  50838.252   101.758    15.12   21.46
  51125.351   105.140    11.78   20.60
  51412.466   108.195    10.64   20.84
  51699.599   113.075    17.00   20.60
  51986.749   117.511    15.45   20.91
  52273.915   123.494    20.83   21.74
  52561.098   133.455    34.69   22.30
  52848.299   141.187    26.92   21.79
  53135.516   142.856     5.81   21.66
  53422.750   138.723   -14.39   25.54
  53710.001   131.535   -25.02   29.00
  53997.268   124.460   -24.63   31.22
  54284.553   114.663   -34.10   31.92
  54571.855   102.969   -40.70   28.54
  54859.173    95.487   -26.04   25.51
  55146.509    89.760   -19.93   25.18
  55433.861    85.237   -15.74   26.37
  55721.231    79.132   -21.24   26.91
  56008.617    72.521   -23.01   25.91
  56296.020    67.775   -16.51   24.14
  56583.440    63.838   -13.70   20.65
  56870.877    62.727    -3.87   18.38
  57158.332    64.721     6.94   19.95
  57445.803    70.733    20.92   21.36
  57733.291    75.948    18.14   19.52
  58020.795    78.842    10.07   17.95
  58308.317    79.162     1.11   16.93
  58595.856    78.277    -3.08   15.40
  58883.412    79.316     3.61   13.88
  59170.985    79.990     2.34   13.32
  59458.575    80.213     0.77   12.61
  59746.181    80.519     1.07   13.06
  60033.805    80.163    -1.24   13.81
  60321.446    79.769    -1.37   13.55
  60609.104    80.313     1.89   15.73
  60896.778    81.352     3.61   19.53
  61184.470    86.378    17.47   26.30
  61472.179    93.541    24.90   29.79
  61759.905   102.939    32.66   27.62
  62047.647   109.436    22.58   25.08
  62335.407   113.851    15.34   23.61
  62623.184   117.302    11.99   23.80
  62910.978   118.921     5.63   23.63
  63198.789   115.203   -12.92   25.48
  63486.616   109.734   -19.00   27.78
  63774.461   107.513    -7.72   26.97
  64062.323   107.969     1.58   23.47
  64350.202   106.656    -4.56   19.69
  64638.098   102.573   -14.18   18.29
  64926.011    98.866   -12.87   18.65
  65213.941    95.597   -11.36   19.75
  65501.889    90.931   -16.21   22.43
  65789.853    82.449   -29.45   24.60
  66077.834    75.140   -25.38   23.59
  66365.832    67.506   -26.51   21.14
  66653.848    61.271   -21.65   18.48
  66941.880    55.391   -20.41   20.57
  67229.930    49.352   -20.97   20.85
  67517.996    45.783   -12.39   21.71
  67806.080    41.778   -13.90   21.48
  68094.181    38.035   -12.99   20.51
  68382.299    32.989   -17.52   16.62
  68670.434    29.870   -10.83   11.10
  68958.586    28.051    -6.31    4.08
  69246.755    29.667     5.61    5.26
  69534.941    31.388     5.97    6.36
  69823.145    32.552     4.04    6.89
  70111.365    33.628     3.73    7.14
  70399.603    33.921     1.02    7.01
  70687.858    34.256     1.16    6.98
  70976.130    34.274     0.06    6.80
  71264.419    33.971    -1.05    6.81
  71552.725    34.218     0.86    7.28
  71841.048    34.561     1.19    7.99
  72129.388    34.874     1.09    8.70
  72417.746    35.814     3.26    9.62
  72706.121    36.710     3.11   10.09
  72994.513    38.372     5.76   10.77
  73280.691    40.726     8.22   11.58
  73565.536    43.189     8.65   12.11
  73850.396    46.321    11.00   11.93
  74135.273    48.645     8.16   10.88
  74420.165    51.370     9.57    9.25
  74705.073    54.358    10.49    8.65
  74989.998    56.971     9.17    8.90
  75274.938    61.022    14.22   11.51
  75559.894    66.648    19.74   15.06
  75844.865    72.537    20.66   15.56
  76129.853    79.921    25.91   17.06
  76414.857    87.616    27.00   18.04
  76699.877   100.652    45.74   27.54
  76984.912   111.188    36.97   31.91
  77269.964   119.100    27.76   33.35
  77555.032   120.203     3.87   32.63
  77840.115   120.665     1.62   32.95
  78125.214   122.855     7.68   31.36
  78410.330   129.479    23.24   32.57
  78695.461   136.864    25.90   38.23
  78980.608   140.791    13.77   37.79
  79265.772   144.632    13.47   36.34
  79550.951   154.886    35.96   33.07
  79836.146   169.554    51.43   36.06
  80121.357   179.596    35.21   39.68
  80406.584   184.499    17.19   44.91
  80691.827   187.689    11.18   51.22
  80977.086   183.493   -14.71   51.76
  81262.362   176.878   -23.19   45.77
  81547.653   171.948   -17.28   36.46
  81832.960   178.008    21.24   39.88
  82118.283   180.916    10.19   38.07
  82403.622   183.380     8.64   36.96
  82688.977   184.565     4.15   37.81
  82974.348   183.165    -4.91   36.71
  83259.735   180.499    -9.34   38.45
  83545.138   176.181   -15.13   35.51
  83830.557   171.258   -17.25   32.42
  84115.992   176.060    16.82   35.62
  84401.443   190.737    51.42   41.87
  84686.910   208.015    60.53   45.93
  84972.393   218.003    34.99   46.78
  85257.893   226.866    31.04   47.45
  85543.408   231.325    15.62   47.30
  85828.939   228.060   -11.44   44.37
  86114.486   220.702   -25.77   45.80
  86400.050   209.490   -39.26   42.50
  86685.629   197.772   -41.03   43.09
  86971.225   187.905   -34.55   41.76
  87256.836   180.777   -24.96   37.36
  87542.464   180.203    -2.01   38.39
  87828.107   181.761     5.46   35.50
  88113.767   188.833    24.76   39.28
  88399.443   200.218    39.85   46.45
  88685.134   214.898    51.39   51.12
  88970.842   227.616    44.51   52.76
  89256.566   242.356    51.59   52.62
  89542.306   252.823    36.63   51.89
  89828.062   263.390    36.98   50.86
  90113.835   271.932    29.89   50.30
  90399.623   279.092    25.06   45.17
  90685.427   279.491     1.40   42.73
  90971.248   277.965    -5.34   44.89
  91257.084   275.796    -7.59   46.23
  91542.937   272.156   -12.73   48.67
  91828.806   269.318    -9.93   51.47
  92114.691   263.952   -18.77   54.81
  92400.592   263.036    -3.20   59.00
  92686.509   264.116     3.78   63.08
  92972.442   258.772   -18.69   63.39
  93258.391   249.405   -32.76   61.16
  93544.357   238.978   -36.47   55.86
  93830.338   227.796   -39.10   44.61
  94116.336   217.915   -34.55   36.62
  94402.350   212.656   -18.38   30.74
  94688.380   211.275    -4.83   26.73
  94974.426   210.518    -2.65   23.02
  95260.489   211.729     4.23   20.52
  95546.567   212.447     2.51   18.56
  95832.662   215.737    11.50   18.81
  96118.772   221.935    21.66   19.63
  96404.899   229.991    28.16   18.69
  96691.042   234.840    16.95   16.53
  96977.202   232.332    -8.77   22.60
  97263.377   229.495    -9.91   27.22
  97549.569   224.492   -17.48   31.85
  97835.776   218.682   -20.30   35.95
  98122.000   211.318   -25.73   36.99
  98408.240   206.565   -16.60   38.21
  98694.497   203.842    -9.51   38.52
  98980.769   207.628    13.23   33.80
  99267.058   203.998   -12.68   31.15
  99553.363   202.769    -4.29   26.71
  99839.684   197.515   -18.35   27.20
 100126.021   194.540   -10.39   28.72
 100412.375   189.726   -16.81   28.47
 100698.744   188.039    -5.89   28.11
 100985.130   181.284   -23.59   21.57
 101271.532   178.639    -9.24   22.04
 101557.951   177.741    -3.14   23.54
 101844.385   180.544     9.78   25.34
 102130.836   185.519    17.37   25.93
 102417.303   188.858    11.66   23.02
 102703.786   185.418   -12.01   23.44
 102990.286   181.970   -12.03   26.40
 103276.801   177.697   -14.92   31.58
 103563.333   170.351   -25.64   33.69
 103849.882   160.878   -33.06   31.64
 104136.446   149.257   -40.56   24.25
 104423.027   140.640   -30.07   18.60
 104709.624   134.681   -20.79   15.03
 104996.237   134.293    -1.35   15.34
 105282.866   133.743    -1.92   16.11
 105569.512   133.291    -1.58   16.97
 105856.174   132.667    -2.18   17.37
 106142.852   134.608     6.77   17.28
 106429.547   137.296     9.37   16.84
 106716.258   137.382     0.30   14.96
 107002.985   135.084    -8.01   14.14
 107289.728   129.690   -18.81   15.30
 107576.488   126.044   -12.72   17.05
 107863.264   121.004   -17.57   17.89
 108150.056   116.241   -16.61   16.90
 108436.865   110.506   -20.00   14.79
 108723.690   106.392   -14.35   15.42
 109010.531   103.173   -11.22   16.82
 109297.388   102.736    -1.52   18.15
 109584.262   102.156    -2.02   18.41
 109871.152   101.708    -1.56   17.22
 110158.059   100.061    -5.74   14.33
 110444.981   100.350     1.01   12.62
 110731.920   102.494     7.47   13.88
 111018.876   106.647    14.47   16.69
 111305.848   111.100    15.52   19.67
 111592.836   115.726    16.12   20.96
 111879.840   121.502    20.13   20.85
 112166.861   124.713    11.19   19.62
 112453.898   129.387    16.29   20.60
 112740.951   133.011    12.62   20.11
 113028.021   139.947    24.16   22.89
 113315.107   150.421    36.49   27.97
 113602.210   160.527    35.20   34.25
 113889.329   168.502    27.78   40.40
 114176.464   172.318    13.29   39.92
 114463.615   174.961     9.21   38.45
 114750.783   172.455    -8.73   35.18
 115037.968   167.665   -16.68   28.70
 115325.169   165.582    -7.26   26.01
 115612.386   161.999   -12.47   21.86
 115899.619   162.281     0.98   21.06
