-153376.121    -0.047     0.00    0.00
-153089.132    -0.047     0.00    0.00
-152802.125    -0.047     0.00    0.00
-152515.101    -0.047     0.00    0.00
-152228.060    -0.047     0.00    0.00
-151941.001    -0.047     0.00    0.00
-151653.925    -0.047     0.00    0.00
-151366.831    -0.047     0.00    0.00
-151079.720    -0.047     0.00    0.00
-150792.592    -0.047     0.00    0.00
-150505.446    -0.047     0.00    0.00
-150218.283    -0.047     0.00    0.00
-149931.102    -0.047     0.00    0.00
-149643.904    -0.047     0.00    0.00
-149356.689    -0.047     0.00    0.00
-149069.456    -0.047     0.00    0.00
-148782.206    -0.047     0.00    0.00
-148494.939    -0.047     0.00    0.00
-148207.654    -0.047     0.00    0.00
-147920.351    -0.047     0.00    0.00
-147633.032    -0.047     0.00    0.00
-147345.694    -0.047     0.00    0.00
-147058.340    -0.047     0.00    0.00
-146770.968    -0.047     0.00    0.00
-146483.578    -0.047     0.00    0.00
-146196.171    -0.047     0.00    0.00
-145908.747    -0.047     0.00    0.00
-145621.305    -0.047     0.00    0.00
-145333.846    -0.047     0.00    0.00
-145046.369    -0.047     0.00    0.00
-144758.875    -0.047     0.00    0.00
-144471.363    -0.047     0.00    0.00
-144183.834    -0.047     0.00    0.00
-143896.287    -0.047     0.00    0.00
-143608.723    -0.047     0.00    0.00
-143321.142    -0.047     0.00    0.00
-143033.543    -0.047     0.00    0.00
-142745.926    -0.047     0.00    0.00
-142458.292    -0.047     0.00    0.00
-142170.640    -0.047     0.00    0.00
-141882.971    -0.047     0.00    0.00
-141595.285    -0.047     0.00    0.00
-141307.581    -0.047     0.00    0.00
-141019.859    -0.047     0.00    0.00
-140732.120    -0.047     0.00    0.00
-140444.364    -0.047     0.00    0.00
-140156.590    -0.047     0.00    0.00
-139868.798    -0.047     0.00    0.00
-139580.989    -0.047     0.00    0.00
-139293.162    -0.047     0.00    0.00
-139005.318    -0.047     0.00    0.00
-138717.456    -0.047     0.00    0.00
-138429.577    -0.047     0.00    0.00
-138141.680    -0.047     0.00    0.00
-137853.765    -0.047     0.00    0.00
-137565.834    -0.047     0.00    0.00
-137277.884    -0.047     0.00    0.00
-136989.917    -0.047     0.00    0.00
-136701.932    -0.047     0.00    0.00
-136413.930    -0.047     0.00    0.00
-136125.910    -0.047     0.00    0.00
-135837.873    -0.047     0.00    0.00
-135549.818    -0.047     0.00    0.00
-135261.745    -0.047     0.00    0.00
-134973.655    -0.047     0.00    0.00
-134685.547    -0.047     0.00    0.00
-134397.422    -0.047     0.00    0.00
-134109.279    -0.047     0.00    0.00
-133821.119    -0.047     0.00    0.00
-133532.940    -0.047     0.00    0.00
-133244.745    -0.047     0.00    0.00
-132956.531    -0.047     0.00    0.00
-132668.300    -0.047     0.00    0.00
-132380.052    -0.047     0.00    0.00
-132091.785    -0.047     0.00    0.00
-131803.502    -0.047     0.00    0.00
-131515.200    -0.047     0.00    0.00
-131226.881    -0.047     0.00    0.00
-130938.544    -0.047     0.00    0.00
-130650.190    -0.047     0.00    0.00
-130361.817    -0.047     0.00    0.00
-130073.428    -0.047     0.00    0.00
-129785.020    -0.047     0.00    0.00
-129496.595    -0.047     0.00    0.00
-129209.270    -0.047     0.00    0.00
-128924.486    -0.047     0.00    0.00
-128639.686    -0.047     0.00    0.00
-128354.870    -0.047     0.00    0.00
-128070.037    -0.047     0.00    0.00
-127785.188    -0.047     0.00    0.00
-127500.322    -0.047     0.00    0.00
-127215.440    -0.047     0.00    0.00
-126930.542    -0.047     0.00    0.00
-126645.627    -0.047     0.00    0.00
-126360.695    -0.047     0.00    0.00
-126075.748    -0.047     0.00    0.00
-125790.783    -0.047     0.00    0.00
-125505.803    -0.047     0.00    0.00
-125220.806    -0.047     0.00    0.00
-124935.792    -0.047     0.00    0.00
-124650.762    -0.047     0.00    0.00
-124365.716    -0.047     0.00    0.00
-124080.653    -0.047     0.00    0.00
-123795.574    -0.047     0.00    0.00
-123510.478    -0.047     0.00    0.00
-123225.366    -0.047     0.00    0.00
-122940.237    -0.047     0.00    0.00
-122655.092    -0.047     0.00    0.00
-122369.930    -0.047     0.00    0.00
-122084.752    -0.047     0.00    0.00
-121799.558    -0.047     0.00    0.00
-121514.346    -0.047     0.00    0.00
-121229.119    -0.047     0.00    0.00
-120943.875    -0.047     0.00    0.00
-120658.614    -0.047     0.00    0.00
-120373.337    -0.047     0.00    0.00
-120088.044    -0.047     0.00    0.00
-119802.733    -0.047     0.00    0.00
-119517.407    -0.047     0.00    0.00
-119232.064    -0.047     0.00    0.00
-118946.704    -0.047     0.00    0.00
-118661.328    -0.047     0.00    0.00
-118375.935    -0.047     0.00    0.00
-118090.526    -0.047     0.00    0.00
-117805.100    -0.047     0.00    0.00
-117519.658    -0.047     0.00    0.00
-117234.199    -0.047     0.00    0.00
-116948.724    -0.047     0.00    0.00
-116663.232    -0.047     0.00    0.00
-116377.724    -0.047     0.00    0.00
-116092.199    -0.047     0.00    0.00
-115806.657    -0.047     0.00    0.00
-115521.099    -0.047     0.00    0.00
-115235.524    -0.047     0.00    0.00
-114949.933    -0.047     0.00    0.00
-114664.325    -0.047     0.00    0.00
-114378.701    -0.047     0.00    0.00
-114093.060    -0.047     0.00    0.00
-113807.403    -0.047     0.00    0.00
-113521.728    -0.047     0.00    0.00
-113236.038    -0.047     0.00    0.00
-112950.330    -0.047     0.00    0.00
-112664.607    -0.047     0.00    0.00
-112378.866    -0.047     0.00    0.00
-112093.109    -0.047     0.00    0.00
-111807.335    -0.047     0.00    0.00
-111521.545    -0.047     0.00    0.00
-111235.738    -0.047     0.00    0.00
-110949.915    -0.047     0.00    0.00
-110664.075    -0.047     0.00    0.00
-110378.218    -0.047     0.00    0.00
-110092.345    -0.047     0.00    0.00
-109806.455    -0.047     0.00    0.00
-109520.548    -0.047     0.00    0.00
-109234.625    -0.047     0.00    0.00
-108948.685    -0.047     0.00    0.00
-108662.728    -0.047     0.00    0.00
-108376.755    -0.047     0.00    0.00
-108090.765    -0.047     0.00    0.00
-107804.759    -0.047     0.00    0.00
-107518.736    -0.047     0.00    0.00
-107232.696    -0.047     0.00    0.00
-106946.639    -0.047     0.00    0.00
-106660.566    -0.047     0.00    0.00
-106374.476    -0.047     0.00    0.00
-106088.370    -0.047     0.00    0.00
-105802.247    -0.047     0.00    0.00
-105516.107    -0.047     0.00    0.00
-105229.951    -0.047     0.00    0.00
-104943.777    -0.047     0.00    0.00
-104657.587    -0.047     0.00    0.00
-104371.381    -0.047     0.00    0.00
-104085.158    -0.047     0.00    0.00
-103798.918    -0.047     0.00    0.00
-103512.661    -0.047     0.00    0.00
-103226.388    -0.047     0.00    0.00
-102940.097    -0.047     0.00    0.00
-102653.791    -0.047     0.00    0.00
-102367.467    -0.047     0.00    0.00
-102081.127    -0.047     0.00    0.00
-101794.770    -0.047     0.00    0.00
-101508.396    -0.047     0.00    0.00
-101222.006    -0.047     0.00    0.00
-100935.599    -0.047     0.00    0.00
-100649.175    -0.047     0.00    0.00
-100362.734    -0.047     0.00    0.00
-100076.277    -0.047     0.00    0.00
 -99789.802    -0.047     0.00    0.00
 -99503.311    -0.047     0.00    0.00
 -99216.804    -0.047     0.00    0.00
 -98930.279    -0.047     0.00    0.00
 -98643.738    -0.047     0.00    0.00
 -98357.180    -0.047     0.00    0.00
 -98070.605    -0.047     0.00    0.00
 -97784.014    -0.047     0.00    0.00
 -97497.406    -0.047     0.00    0.00
 -97210.781    -0.047     0.00    0.00
 -96924.139    -0.047     0.00    0.00
 -96637.480    -0.047     0.00    0.00
 -96350.805    -0.047     0.00    0.00
 -96064.112    -0.047     0.00    0.00
 -95777.403    -0.047     0.00    0.00
 -95490.677    -0.047     0.00    0.00
 -95203.935    -0.047     0.00    0.00
 -94917.175    -0.047     0.00    0.00
 -94630.399    -0.047     0.00    0.00
 -94343.606    -0.047     0.00    0.00
 -94056.796    -0.047     0.00    0.00
 -93769.969    -0.047     0.00    0.00
 -93483.126    -0.047     0.00    0.00
 -93196.265    -0.047     0.00    0.00
 -92909.388    -0.047     0.00    0.00
 -92622.494    -0.047     0.00    0.00
 -92335.583    -0.047     0.00    0.00
 -92048.655    -0.047     0.00    0.00
 -91761.711    -0.047     0.00    0.00
 -91474.749    -0.047     0.00    0.00
 -91187.771    -0.047     0.00    0.00
 -90900.776    -0.047     0.00    0.00
 -90613.764    -0.047     0.00    0.00
 -90326.735    -0.047     0.00    0.00
 -90039.689    -0.047     0.00    0.00
 -89752.626    -0.047     0.00    0.00
 -89465.547    -0.047     0.00    0.00
 -89178.450    -0.047     0.00    0.00
 -88891.337    -0.047     0.00    0.00
 -88604.207    -0.047     0.00    0.00
 -88317.060    -0.047     0.00    0.00
 -88029.896    -0.047     0.00    0.00
 -87742.715    -0.047     0.00    0.00
 -87455.517    -0.047     0.00    0.00
 -87168.302    -0.047     0.00    0.00
 -86881.071    -0.047     0.00    0.00
 -86593.822    -0.047     0.00    0.00
 -86306.557    -0.047     0.00    0.00
 -86019.274    -0.047     0.00    0.00
 -85731.975    -0.047     0.00    0.00
 -85444.659    -0.047     0.00    0.00
 -85157.326    -0.047     0.00    0.00
 -84869.976    -0.047     0.00    0.00
 -84582.609    -0.047     0.00    0.00
 -84295.225    -0.047     0.00    0.00
 -84007.824    -0.047     0.00    0.00
 -83720.406    -0.047     0.00    0.00
 -83432.971    -0.047     0.00    0.00
 -83145.519    -0.047     0.00    0.00
 -82858.051    -0.047     0.00    0.00
 -82570.565    -0.047     0.00    0.00
 -82283.062    -0.047     0.00    0.00
 -81995.543    -0.047     0.00    0.00
 -81708.006    -0.047     0.00    0.00
 -81420.452    -0.047     0.00    0.00
 -81132.882    -0.047     0.00    0.00
 -80845.294    -0.047     0.00    0.00
 -80557.690    -0.047     0.00    0.00
 -80270.068    -0.047     0.00    0.00
 -79982.430    -0.047     0.00    0.00
 -79694.774    -0.047     0.00    0.00
 -79407.101    -0.047     0.00    0.00
 -79119.412    -0.047     0.00    0.00
 -78831.705    -0.047     0.00    0.00
 -78543.982    -0.047     0.00    0.00
 -78256.241    -0.047     0.00    0.00
 -77968.484    -0.047     0.00    0.00
 -77680.709    -0.047     0.00    0.00
 -77392.917    -0.047     0.00    0.00
 -77105.108    -0.047     0.00    0.00
 -76817.283    -0.047     0.00    0.00
 -76529.440    -0.047     0.00    0.00
 -76241.580    -0.047     0.00    0.00
 -75953.703    -0.047     0.00    0.00
 -75665.809    -0.047     0.00    0.00
 -75377.898    -0.047     0.00    0.00
 -75089.970    -0.047     0.00    0.00
 -74802.025    -0.047     0.00    0.00
 -74514.063    -0.047     0.00    0.00
 -74226.084    -0.047     0.00    0.00
 -73938.087    -0.047     0.00    0.00
 -73650.074    -0.047     0.00    0.00
 -73362.043    -0.047     0.00    0.00
 -73073.996    -0.047     0.00    0.00
 -72785.931    -0.047     0.00    0.00
 -72497.849    -0.047     0.00    0.00
 -72209.751    -0.047     0.00    0.00
 -71921.635    -0.047     0.00    0.00
 -71633.502    -0.047     0.00    0.00
 -71345.351    -0.047     0.00    0.00
 -71057.184    -0.047     0.00    0.00
 -70769.000    -0.047     0.00    0.00
 -70480.798    -0.047     0.00    0.00
 -70192.580    -0.047     0.00    0.00
 -69904.344    -0.047     0.00    0.00
 -69616.091    -0.047     0.00    0.00
 -69327.821    -0.047     0.00    0.00
 -69039.534    -0.047     0.00    0.00
 -68751.230    -0.047     0.00    0.00
 -68462.908    -0.047     0.00    0.00
 -68174.570    -0.047     0.00    0.00
 -67886.214    -0.047     0.00    0.00
 -67597.841    -0.047     0.00    0.00
 -67310.901    -0.047     0.00    0.00
 -67026.076    -0.047     0.00    0.00
 -66741.234    -0.047     0.00    0.00
 -66456.376    -0.047     0.00    0.00
 -66171.503    -0.047     0.00    0.00
 -65886.613    -0.047     0.00    0.00
 -65601.708    -0.047     0.00    0.00
 -65316.786    -0.047     0.00    0.00
 -65031.849    -0.047     0.00    0.00
 -64746.896    -0.047     0.00    0.00
 -64461.927    -0.047     0.00    0.00
 -64176.942    -0.047     0.00    0.00
 -63891.941    -0.047     0.00    0.00
 -63606.924    -0.047     0.00    0.00
 -63321.891    -0.047     0.00    0.00
 -63036.842    -0.047     0.00    0.00
 -62751.777    -0.047     0.00    0.00
 -62466.697    -0.047     0.00    0.00
 -62181.600    -0.047     0.00    0.00
 -61896.487    -0.047     0.00    0.00
 -61611.359    -0.047     0.00    0.00
 -61326.214    -0.047     0.00    0.00
 -61041.054    -0.047     0.00    0.00
 -60755.877    -0.047     0.00    0.00
 -60470.685    -0.047     0.00    0.00
 -60185.476    -0.047     0.00    0.00
 -59900.252    -0.047     0.00    0.00
 -59615.011    -0.047     0.00    0.00
 -59329.755    -0.047     0.00    0.00
 -59044.482    -0.047     0.00    0.00
 -58759.194    -0.047     0.00    0.00
 -58473.890    -0.047     0.00    0.00
 -58188.569    -0.047     0.00    0.00
 -57903.233    -0.047     0.00    0.00
 -57617.880    -0.047     0.00    0.00
 -57332.512    -0.047     0.00    0.00
 -57047.127    -0.047     0.00    0.00
 -56761.727    -0.047     0.00    0.00
 -56476.310    -0.047     0.00    0.00
 -56190.878    -0.047     0.00    0.00
 -55905.429    -0.047     0.00    0.00
 -55619.965    -0.047     0.00    0.00
 -55334.484    -0.047     0.00    0.00
 -55048.987    -0.047     0.00    0.00
 -54763.475    -0.047     0.00    0.00
 -54477.946    -0.047     0.00    0.00
 -54192.401    -0.047     0.00    0.00
 -53906.840    -0.047     0.00    0.00
 -53621.263    -0.047     0.00    0.00
 -53335.671    -0.047     0.00    0.00
 -53050.061    -0.047     0.00    0.00
 -52764.436    -0.047     0.00    0.00
 -52478.795    -0.047     0.00    0.00
 -52193.138    -0.047     0.00    0.00
 -51907.465    -0.047     0.00    0.00
 -51621.775    -0.047     0.00    0.00
 -51336.070    -0.047     0.00    0.00
 -51050.348    -0.047     0.00    0.00
 -50764.611    -0.047     0.00    0.00
 -50478.857    -0.047     0.00    0.00
 -50193.087    -0.047     0.00    0.00
 -49907.301    -0.047     0.00    0.00
 -49621.499    -0.047     0.00    0.00
 -49335.681    -0.047     0.00    0.00
 -49049.847    -0.047     0.00    0.00
 -48763.997    -0.047     0.00    0.00
 -48478.130    -0.047     0.00    0.00
 -48192.248    -0.047     0.00    0.00
 -47906.349    -0.047     0.00    0.00
 -47620.434    -0.047     0.00    0.00
 -47334.503    -0.047     0.00    0.00
 -47048.556    -0.047     0.00    0.00
 -46762.593    -0.047     0.00    0.00
 -46476.613    -0.047     0.00    0.00
 -46190.618    -0.047     0.00    0.00
 -45904.606    -0.047     0.00    0.00
 -45618.579    -0.047     0.00    0.00
 -45332.535    -0.047     0.00    0.00
 -45046.475    -0.047     0.00    0.00
 -44760.398    -0.047     0.00    0.00
 -44474.306    -0.047     0.00    0.00
 -44188.197    -0.047     0.00    0.00
 -43902.073    -0.047     0.00    0.00
 -43615.932    -0.047     0.00    0.00
 -43329.775    -0.047     0.00    0.00
 -43043.601    -0.047     0.00    0.00
 -42757.412    -0.047     0.00    0.00
 -42471.206    -0.047     0.00    0.00
 -42184.985    -0.047     0.00    0.00
 -41898.747    -0.047     0.00    0.00
 -41612.492    -0.047     0.00    0.00
 -41326.222    -0.047     0.00    0.00
 -41039.935    -0.047     0.00    0.00
 -40753.633    -0.047     0.00    0.00
 -40467.314    -0.047     0.00    0.00
 -40180.978    -0.047     0.00    0.00
 -39894.627    -0.047     0.00    0.00
 -39608.259    -0.047     0.00    0.00
 -39321.876    -0.047     0.00    0.00
 -39035.476    -0.047     0.00    0.00
 -38749.059    -0.047     0.00    0.00
 -38462.627    -0.047     0.00    0.00
 -38176.178    -0.047     0.00    0.00
 -37889.713    -0.047     0.00    0.00
 -37603.232    -0.047     0.00    0.00
 -37316.734    -0.047     0.00    0.00
 -37030.221    -0.031     0.06    0.13
 -36743.691     0.016     0.16    0.24
 -36457.144     0.050     0.12    0.30
 -36170.582     0.082     0.11    0.34
 -35884.003     0.095     0.05    0.35
 -35597.408     0.073    -0.08    0.33
 -35310.797     0.113     0.14    0.37
 -35024.169     0.177     0.22    0.42
 -34737.525     0.255     0.27    0.46
 -34450.865     0.347     0.32    0.49
 -34164.189     0.477     0.45    0.50
 -33877.496     0.583     0.37    0.48
 -33590.787     0.576    -0.02    0.49
 -33304.062     0.481    -0.33    0.50
 -33017.321     0.328    -0.53    0.49
 -32730.563     0.155    -0.60    0.40
 -32443.789     0.046    -0.38    0.29
 -32156.998    -0.039    -0.30    0.09
 -31870.191    -0.047    -0.03    0.00
 -31583.368    -0.047     0.00    0.00
 -31296.529    -0.047     0.00    0.00
 -31009.673    -0.047     0.00    0.00
 -30722.801    -0.047     0.00    0.00
 -30435.913    -0.007     0.14    0.20
 -30149.008     0.113     0.42    0.37
 -29862.087     0.259     0.51    0.46
 -29575.150     0.401     0.49    0.50
 -29288.196     0.574     0.60    0.49
 -29001.226     0.735     0.56    0.41
 -28714.240     0.882     0.51    0.26
 -28427.237     0.855    -0.09    0.30
 -28140.218     0.731    -0.43    0.42
 -27853.183     0.662    -0.24    0.46
 -27566.131     0.655    -0.02    0.46
 -27279.063     0.573    -0.28    0.49
 -26991.979     0.522    -0.18    0.50
 -26704.878     0.501    -0.07    0.50
 -26417.761     0.558     0.20    0.49
 -26130.627     0.649     0.32    0.46
 -25843.477     0.709     0.21    0.43
 -25556.311     0.731     0.08    0.42
 -25269.128     0.719    -0.04    0.43
 -24981.929     0.724     0.02    0.42
 -24694.713     0.639    -0.30    0.47
 -24407.481     0.512    -0.44    0.50
 -24120.233     0.434    -0.27    0.59
 -23832.968     0.561     0.44    0.89
 -23545.687     0.845     0.99    1.16
 -23258.390     1.259     1.44    1.35
 -22971.076     1.697     1.52    1.41
 -22683.745     2.203     1.76    1.22
 -22396.399     2.606     1.40    0.86
 -22109.035     2.906     1.04    0.25
 -21821.656     2.953     0.16    0.00
 -21534.260     2.953     0.00    0.00
 -21246.847     2.953     0.00    0.00
 -20959.418     2.953     0.00    0.00
 -20671.973     2.953     0.00    0.00
 -20384.511     2.953     0.00    0.00
 -20097.033     2.953     0.00    0.00
 -19809.538     2.953     0.00    0.00
 -19522.027     2.953     0.00    0.00
 -19234.500     2.953     0.00    0.00
 -18946.956     2.953     0.00    0.00
 -18659.395     2.953     0.00    0.00
 -18371.818     2.953     0.00    0.00
 -18084.225     2.953     0.00    0.00
 -17796.615     2.953     0.00    0.00
 -17508.988     2.953     0.00    0.00
 -17221.345     2.945    -0.03    0.09
 -16933.686     2.914    -0.11    0.20
 -16646.010     2.866    -0.17    0.28
 -16358.318     2.842    -0.08    0.32
 -16070.609     2.835    -0.02    0.32
 -15782.884     2.856     0.07    0.30
 -15495.142     2.883     0.09    0.26
 -15207.383     2.945     0.22    0.09
 -14919.609     2.953     0.03    0.00
 -14631.817     2.953     0.00    0.00
 -14344.009     2.825    -0.44    0.44
 -14056.185     2.738    -0.30    0.56
 -13768.344     2.701    -0.13    0.58
 -13480.487     2.681    -0.07    0.60
 -13192.613     2.686     0.02    0.59
 -12904.722     2.703     0.06    0.58
 -12616.815     2.747     0.15    0.56
 -12328.892     2.845     0.34    0.44
 -12040.951     2.953     0.37    0.00
 -11752.995     2.953     0.00    0.00
 -11465.022     2.953     0.00    0.00
 -11177.032     2.953     0.00    0.00
 -10889.025     2.938    -0.05    0.12
 -10601.003     2.913    -0.09    0.20
 -10312.963     2.810    -0.36    0.50
 -10024.907     2.651    -0.55    0.82
  -9736.835     2.537    -0.39    0.95
  -9448.745     2.367    -0.59    1.10
  -9160.640     2.139    -0.79    1.24
  -8872.517     1.984    -0.54    1.33
  -8584.379     1.836    -0.52    1.39
  -8296.223     1.671    -0.57    1.42
  -8008.051     1.503    -0.58    1.41
  -7719.862     1.302    -0.70    1.40
  -7431.657     1.183    -0.42    1.38
  -7143.435     1.046    -0.47    1.34
  -6855.197     0.889    -0.54    1.26
  -6566.942     0.764    -0.44    1.20
  -6278.670     0.651    -0.39    1.13
  -5990.382     0.540    -0.39    1.04
  -5702.077     0.510    -0.10    1.01
  -5415.455     0.369    -0.49    0.89
  -5130.571     0.310    -0.21    0.82
  -4845.670     0.284    -0.09    0.72
  -4560.755     0.356     0.25    0.82
  -4275.824     0.438     0.29    0.93
  -3990.877     0.529     0.32    1.00
  -3705.915     0.742     0.75    1.14
  -3420.938     0.985     0.85    1.25
  -3135.946     1.144     0.56    1.28
  -2850.937     1.310     0.58    1.31
  -2565.914     1.405     0.33    1.32
  -2280.875     1.472     0.24    1.32
  -1995.821     1.517     0.15    1.32
  -1710.751     1.376    -0.49    1.35
  -1425.666     1.239    -0.48    1.36
  -1140.565     0.993    -0.86    1.32
   -855.449     0.747    -0.86    1.24
   -570.318     0.493    -0.89    1.10
   -285.171     0.356    -0.48    0.95
     -0.008     0.213    -0.50    0.66
    285.170     0.203    -0.03    0.43
    570.363     0.315     0.39    0.48
    855.572     0.517     0.71    0.61
   1140.796     0.773     0.90    0.74
   1426.036     1.042     0.94    0.76
   1711.291     1.358     1.11    0.68
   1996.561     1.599     0.84    0.54
   2281.848     1.784     0.65    0.38
   2567.149     1.891     0.38    0.24
   2852.466     1.961     0.25    0.09
   3137.799     1.976     0.05    0.19
   3423.147     1.905    -0.25    0.42
   3708.510     1.763    -0.50    0.56
   3993.889     1.716    -0.16    0.61
   4279.284     1.593    -0.43    0.60
   4564.694     1.526    -0.24    0.62
   4850.119     1.501    -0.09    0.65
   5135.560     1.545     0.16    0.62
   5421.017     1.652     0.38    0.58
   5706.489     1.769     0.41    0.48
   5991.976     1.868     0.35    0.35
   6277.479     1.929     0.21    0.20
   6562.998     1.953     0.08    0.00
   6848.532     1.953     0.00    0.00
   7134.081     1.953     0.00    0.00
   7419.647     1.953     0.00    0.00
   7705.227     1.977     0.08    0.15
   7990.823     2.023     0.16    0.26
   8276.435     2.056     0.12    0.31
   8562.062     2.024    -0.11    0.31
   8847.705     1.922    -0.36    0.53
   9133.364     1.851    -0.25    0.58
   9419.037     1.701    -0.52    0.66
   9704.727     1.569    -0.46    0.67
   9990.432     1.528    -0.14    0.66
  10276.152     1.556     0.10    0.65
  10561.889     1.553    -0.01    0.64
  10847.640     1.496    -0.20    0.63
  11133.408     1.417    -0.28    0.62
  11419.190     1.377    -0.14    0.56
  11704.989     1.325    -0.18    0.52
  11990.803     1.310    -0.05    0.48
  12276.632     1.325     0.05    0.49
  12562.477     1.348     0.08    0.49
  12848.338     1.364     0.05    0.49
  13134.214     1.413     0.17    0.50
  13420.106     1.386    -0.10    0.51
  13706.014     1.331    -0.19    0.53
  13991.937     1.265    -0.23    0.53
  14277.876     1.199    -0.23    0.57
  14563.830     1.129    -0.25    0.57
  14849.800     1.191     0.22    0.61
  15135.785     1.197     0.02    0.60
  15421.787     1.205     0.03    0.58
  15707.803     1.251     0.16    0.58
  15993.836     1.377     0.44    0.54
  16279.884     1.491     0.40    0.50
  16565.947     1.496     0.01    0.54
  16852.027     1.574     0.27    0.55
  17138.121     1.718     0.50    0.49
  17424.232     1.723     0.02    0.49
  17710.358     1.542    -0.63    0.59
  17996.500     1.335    -0.72    0.70
  18282.657     1.120    -0.75    0.70
  18568.831     0.953    -0.58    0.68
  18855.019     0.832    -0.42    0.58
  19141.224     0.734    -0.34    0.47
  19427.444     0.731    -0.01    0.42
  19713.679     0.821     0.32    0.34
  19999.931     0.937     0.40    0.33
  20286.198     1.034     0.34    0.37
  20572.481     1.090     0.20    0.37
  20858.779     1.096     0.02    0.35
  21145.093     1.126     0.11    0.38
  21431.423     1.104    -0.08    0.36
  21717.768     1.088    -0.06    0.34
  22004.129     1.037    -0.18    0.28
  22290.506     0.985    -0.18    0.18
  22576.899     0.953    -0.11    0.00
  22863.307     0.953     0.00    0.00
  23149.731     0.953     0.00    0.00
  23436.170     0.953     0.00    0.00
  23722.626     0.953     0.00    0.00
  24009.097     0.953     0.00    0.00
  24295.584     0.953     0.00    0.00
  24582.086     0.953     0.00    0.00
  24868.604     0.953     0.00    0.00
  25155.138     0.953     0.00    0.00
  25441.688     0.953     0.00    0.00
  25728.253     0.953     0.00    0.00
  26014.834     0.953     0.00    0.00
  26301.431     0.953     0.00    0.00
  26588.043     0.953     0.00    0.00
  26874.672     0.953     0.00    0.00
  27161.316     0.961     0.03    0.09
  27447.975     0.984     0.08    0.17
  27734.651     1.016     0.11    0.24
  28021.342     1.024     0.03    0.26
  28308.049     1.031     0.02    0.27
  28594.772     1.001    -0.10    0.21
  28881.510     0.999    -0.01    0.21
  29168.265     0.953    -0.16    0.00
  29455.035     0.969     0.05    0.12
  29741.821     0.969     0.00    0.12
  30028.622     0.953    -0.05    0.00
  30315.440     0.938    -0.05    0.12
  30602.273     0.929    -0.03    0.15
  30889.122     0.945     0.06    0.23
  31175.986     0.945     0.00    0.29
  31462.867     0.929    -0.06    0.30
  31749.763     0.923    -0.02    0.30
  32036.675     0.890    -0.11    0.24
  32323.603     0.914     0.09    0.19
  32610.547     0.914     0.00    0.19
  32897.506     0.929     0.05    0.15
  33184.482     1.006     0.27    0.23
  33471.473     1.096     0.31    0.35
  33758.480     1.186     0.31    0.42
  34045.503     1.284     0.34    0.47
  34332.541     1.410     0.44    0.52
  34619.596     1.519     0.38    0.53
  34906.666     1.614     0.33    0.51
  35193.752     1.656     0.15    0.49
  35480.854     1.667     0.04    0.49
  35767.972     1.711     0.15    0.47
  36055.105     1.758     0.16    0.44
  36342.255     1.800     0.15    0.36
  36629.420     1.861     0.21    0.38
  36916.601     1.985     0.43    0.45
  37203.798     2.053     0.24    0.48
  37491.011     2.112     0.20    0.46
  37778.240     2.081    -0.11    0.40
  38065.484     2.075    -0.02    0.37
  38352.745     2.016    -0.21    0.24
  38640.021     2.013    -0.01    0.24
  38927.313     2.055     0.14    0.30
  39214.621     2.151     0.34    0.44
  39501.945     2.315     0.57    0.63
  39789.285     2.512     0.69    0.79
  40076.641     2.727     0.75    0.88
  40364.012     2.985     0.89    0.93
  40651.400     3.183     0.69    0.91
  40938.803     3.457     0.95    0.85
  41226.222     3.612     0.54    0.71
  41513.658     3.552    -0.21    0.73
  41801.109     3.347    -0.71    0.88
  42088.576     2.953    -1.37    0.96
  42376.059     2.620    -1.16    0.90
  42663.557     2.294    -1.13    0.68
  42951.072     2.014    -0.98    0.44
  43238.603     1.866    -0.51    0.34
  43526.149     1.812    -0.19    0.47
  43813.712     1.773    -0.14    0.51
  44101.290     1.739    -0.12    0.53
  44388.885     1.715    -0.08    0.54
  44676.495     1.745     0.11    0.53
  44964.121     1.836     0.32    0.51
  45251.763     1.855     0.07    0.37
  45539.422     1.914     0.21    0.26
  45827.096     1.923     0.03    0.17
  46114.786     1.953     0.11    0.00
  46402.492     1.897    -0.19    0.23
  46690.214     1.798    -0.35    0.36
  46977.952     1.654    -0.50    0.46
  47265.705     1.511    -0.50    0.50
  47553.475     1.356    -0.54    0.49
  47841.261     1.217    -0.49    0.44
  48129.063     1.087    -0.45    0.34
  48416.881     0.969    -0.41    0.13
  48704.714     0.953    -0.06    0.00
  48992.564     0.953     0.00    0.00
  49280.430     0.953     0.00    0.00
  49568.312     0.953     0.00    0.00
  49856.209     0.953     0.00    0.00
  50144.123     0.953     0.00    0.00
  50432.053     0.953     0.00    0.00
  50719.999     0.953     0.00    0.00
  51007.960     0.953     0.00    0.00
  51295.938     0.976     0.08    0.15
  51583.932     1.062     0.30    0.31
  51871.942     1.195     0.46    0.43
  52159.967     1.335     0.49    0.49
  52448.009     1.488     0.53    0.50
  52736.067     1.643     0.54    0.46
  53024.141     1.786     0.50    0.37
  53312.231     1.897     0.38    0.23
  53600.337     1.953     0.19    0.00
  53888.459     1.953     0.00    0.00
  54176.597     1.953     0.00    0.00
  54464.751     1.977     0.08    0.15
  54752.921     2.097     0.42    0.35
  55041.107     2.228     0.45    0.46
  55329.310     2.496     0.93    0.75
  55617.528     2.735     0.83    0.83
  55905.762     2.969     0.81    0.76
  56194.013     3.136     0.58    0.67
  56480.323     3.245     0.38    0.60
  56765.259     3.266     0.07    0.61
  57050.210     3.220    -0.16    0.61
  57335.176     3.033    -0.66    0.53
  57620.157     2.838    -0.69    0.59
  57905.153     3.170     1.17    1.59
  58190.163     3.945     2.72    2.52
  58475.189     4.762     2.87    3.04
  58760.229     5.778     3.57    3.32
  59045.284     6.824     3.67    3.21
  59330.355     7.788     3.38    2.84
  59615.440     8.766     3.43    1.92
  59900.540     9.297     1.86    1.13
  60185.654     9.646     1.23    0.50
  60470.784     9.823     0.62    0.55
  60755.929     9.937     0.40    0.55
  61041.088    10.220     0.99    0.77
  61326.263    10.477     0.90    1.08
  61611.452    10.689     0.74    1.32
  61896.656    10.699     0.03    1.36
  62181.875    10.242    -1.60    2.06
  62467.110     9.234    -3.53    3.34
  62752.359     8.017    -4.27    4.10
  63037.622     7.022    -3.49    4.10
  63322.901     6.048    -3.41    3.70
  63608.195     4.884    -4.08    3.18
  63893.504     4.055    -2.91    2.94
  64178.827     3.802    -0.89    2.93
  64464.166     3.744    -0.20    2.95
  64749.520     2.937    -2.83    2.85
  65034.888     2.006    -3.26    2.14
  65320.271     1.336    -2.35    1.20
  65605.670     1.159    -0.62    0.60
  65891.083     1.112    -0.17    0.57
  66176.511     1.105    -0.03    0.56
  66461.955     1.016    -0.31    0.35
  66747.413     0.953    -0.22    0.00
  67032.886     0.908    -0.16    0.21
  67318.374     0.826    -0.29    0.33
  67603.877     0.747    -0.28    0.41
  67889.395     0.711    -0.13    0.43
  68174.928     0.609    -0.36    0.48
  68460.476     0.528    -0.29    0.50
  68746.039     0.477    -0.18    0.50
  69031.617     0.457    -0.07    0.50
  69317.210     0.418    -0.14    0.50
  69602.818     0.373    -0.16    0.50
  69888.441     0.337    -0.13    0.49
  70174.079     0.345     0.03    0.49
  70459.732     0.342    -0.01    0.49
  70745.400     0.305    -0.13    0.48
  71031.083     0.286    -0.06    0.47
  71316.781     0.247    -0.14    0.46
  71602.494     0.207    -0.14    0.44
  71888.222     0.139    -0.24    0.39
  72173.965     0.107    -0.11    0.36
  72459.723     0.032    -0.26    0.27
  72745.496    -0.016    -0.17    0.17
  73031.284    -0.047    -0.11    0.00
  73317.087    -0.047     0.00    0.00
  73602.905    -0.047     0.00    0.00
  73888.739    -0.047     0.00    0.00
  74174.587    -0.047     0.00    0.00
  74460.450    -0.047     0.00    0.00
  74746.328    -0.047     0.00    0.00
  75032.222    -0.047     0.00    0.00
  75318.130    -0.047     0.00    0.00
  75604.053    -0.047     0.00    0.00
  75889.992    -0.047     0.00    0.00
  76175.945    -0.047     0.00    0.00
  76461.914    -0.047     0.00    0.00
  76747.898    -0.047     0.00    0.00
  77033.896    -0.047     0.00    0.00
  77319.910    -0.047     0.00    0.00
  77605.939    -0.047     0.00    0.00
  77891.983    -0.047     0.00    0.00
  78178.042    -0.047     0.00    0.00
  78464.116    -0.047     0.00    0.00
  78750.205    -0.047     0.00    0.00
  79036.309    -0.047     0.00    0.00
  79322.429    -0.047     0.00    0.00
  79608.563    -0.047     0.00    0.00
  79894.713    -0.047     0.00    0.00
  80180.877    -0.047     0.00    0.00
  80467.057    -0.047     0.00    0.00
  80753.252    -0.047     0.00    0.00
  81039.462    -0.047     0.00    0.00
  81325.687    -0.024     0.08    0.15
  81611.927     0.033     0.20    0.35
  81898.182     0.020    -0.05    0.32
  82184.452     0.031     0.04    0.34
