# NaN NaN NaN ;Mean Elev.(m), Avg Gradient(m/km), RMS Gradient(m/km) - SRTM1     
#   55.378  -1.510   5.783 ;Mean Elev.(m), Avg Gradient(m/km), RMS Gradient(m/km) - ASTER GDEM
#   70.471  -1.960   9.208 ;Mean Elev.(m), Avg Gradient(m/km), RMS Gradient(m/km) - GMTED2010 
   8    64.393 54733.34328099 48.01 208.263254  65.105166   -100 -100.00 -100.00 -100.00
   8    64.242 54733.34328158 45.51 208.269224  65.105918  2.162 -100.00 -100.00 -100.00
   8    64.417 54733.34328217 47.62 208.275194  65.106670  4.687 -100.00 -100.00 -100.00
   8    64.549 54733.34328276 45.64 208.281165  65.107422   -100 -100.00 -100.00 -100.00
  12    64.588 54773.00586456 29.51 208.264660  65.105840 15.271 -100.00 -100.00 -100.00
  12    64.861 54773.00586515 29.49 208.270632  65.106592 14.395 -100.00 -100.00 -100.00
  12    64.616 54773.00586574 31.54 208.276603  65.107344 22.130 -100.00 -100.00 -100.00
  13    64.579 54782.92150570 25.40 208.269082  65.104807  9.992 -100.00 -100.00 -100.00
  13    64.593 54782.92150629 26.76 208.275053  65.105559 13.077 -100.00 -100.00 -100.00
  13    64.638 54782.92150688 26.53 208.281025  65.106311 12.836 -100.00 -100.00 -100.00
  14    64.451 54792.83714362 22.87 208.263691  65.104126  7.410 -100.00 -100.00 -100.00
  14    64.517 54792.83714421 22.87 208.269662  65.104879  7.664 -100.00 -100.00 -100.00
  14    64.569 54792.83714480 23.09 208.275634  65.105631  8.600 -100.00 -100.00 -100.00
  14    64.625 54792.83714539 22.32 208.281605  65.106383  6.764 -100.00 -100.00 -100.00
  15    64.421 54802.75278085 20.56 208.261409  65.105416  6.158 -100.00 -100.00 -100.00
  15    64.384 54802.75278144 21.08 208.267380  65.106168  6.270 -100.00 -100.00 -100.00
  15    64.409 54802.75278203 20.92 208.273351  65.106921  6.112 -100.00 -100.00 -100.00
  15    64.460 54802.75278262 20.26 208.279323  65.107673  6.241 -100.00 -100.00 -100.00
  25    64.658 54901.90922847 11.44 208.265639  65.105360  3.128 -100.00 -100.00 -100.00
  25    64.489 54901.90922906 11.92 208.271610  65.106112  4.001 -100.00 -100.00 -100.00
  25    64.722 54901.90922965 11.76 208.277582  65.106864  3.525 -100.00 -100.00 -100.00
  26    64.861 54911.82486749 10.81 208.266136  65.105622  3.167 -100.00 -100.00 -100.00
  26    64.836 54911.82486808 11.23 208.272107  65.106374  3.936 -100.00 -100.00 -100.00
  26    64.811 54911.82486867 11.33 208.278079  65.107126  4.351 -100.00 -100.00 -100.00
  29    64.567 54941.57177834 26.78 208.266349  65.107062 26.217 -100.00 -100.00 -100.00
  29    64.312 54941.57177893 26.34 208.272320  65.107814 27.704 -100.00 -100.00 -100.00
  30    64.596 54951.48741189 48.86 208.263843  65.104169  7.458 -100.00 -100.00 -100.00
  30    64.692 54951.48741248 49.24 208.269813  65.104921   -100 -100.00 -100.00 -100.00
  30    64.577 54951.48741307 51.30 208.275783  65.105674 12.361 -100.00 -100.00 -100.00
  30    64.731 54951.48741366 41.90 208.281753  65.106426   -100 -100.00 -100.00 -100.00
  31    64.630 54961.40305370 47.65 208.269053  65.103165 15.458 -100.00 -100.00 -100.00
  31    64.672 54961.40305429 45.75 208.275022  65.103917  8.863 -100.00 -100.00 -100.00
  31    64.713 54961.40305488 45.53 208.280992  65.104669 17.192 -100.00 -100.00 -100.00
  31    64.776 54961.40305547 43.30 208.286963  65.105421  4.704 -100.00 -100.00 -100.00
  32    64.476 54971.31870203 37.96 208.265212  65.103625   -100 -100.00 -100.00 -100.00
  32    64.663 54971.31870262 37.14 208.271182  65.104377   -100 -100.00 -100.00 -100.00
  32    64.747 54971.31870321 33.83 208.277151  65.105129 30.971 -100.00 -100.00 -100.00
  32    65.934 54971.31870380 32.20 208.283122  65.105881 24.456 -100.00 -100.00 -100.00
  33    64.565 54981.23434969 41.55 208.265092  65.105746   -100 -100.00 -100.00 -100.00
  33    64.716 54981.23435028 38.33 208.271062  65.106499   -100 -100.00 -100.00 -100.00
  33    64.792 54981.23435087 36.54 208.277032  65.107251 27.114 -100.00 -100.00 -100.00
  42    64.642 55070.47513593 50.31 208.260499  65.105441   -100 -100.00 -100.00 -100.00
  42    64.800 55070.47513652 50.70 208.266469  65.106194   -100 -100.00 -100.00 -100.00
  42    64.632 55070.47513711 51.26 208.272440  65.106946   -100 -100.00 -100.00 -100.00
  42    65.071 55070.47513770 48.80 208.278410  65.107699   -100 -100.00 -100.00 -100.00
  43    64.859 55080.39078578 52.67 208.268709  65.104554   -100 -100.00 -100.00 -100.00
  43    65.064 55080.39078638 48.33 208.274679  65.105306   -100 -100.00 -100.00 -100.00
  43    65.118 55080.39078697 46.54 208.280649  65.106058   -100 -100.00 -100.00 -100.00
  44    64.245 55090.30643312 37.97 208.268266  65.104775   -100 -100.00 -100.00 -100.00
  44    64.371 55090.30643371 36.04 208.274237  65.105527   -100 -100.00 -100.00 -100.00
  44    64.374 55090.30643430 36.06 208.280207  65.106279   -100 -100.00 -100.00 -100.00
  48   126.160 55129.96901132 21.54 208.265030  65.105574 30.876 -100.00 -100.00 -100.00
  48   126.045 55129.96901191 20.62 208.271001  65.106326 25.953 -100.00 -100.00 -100.00
  48   125.500 55129.96901250 24.23 208.276973  65.107078   -100 -100.00 -100.00 -100.00
  49    62.894 55139.88465121 35.17 208.268470  65.103972   -100 -100.00 -100.00 -100.00
  49    62.989 55139.88465180 33.96 208.274441  65.104724 30.316 -100.00 -100.00 -100.00
  49    63.095 55139.88465239 35.21 208.280412  65.105476   -100 -100.00 -100.00 -100.00
  49    63.187 55139.88465298 37.96 208.286384  65.106228   -100 -100.00 -100.00 -100.00
  50    64.036 55149.80028973 34.61 208.267470  65.104133   -100 -100.00 -100.00 -100.00
  50    64.115 55149.80029032 35.06 208.273441  65.104885   -100 -100.00 -100.00 -100.00
  50    64.267 55149.80029091 34.62 208.279412  65.105637   -100 -100.00 -100.00 -100.00
  50    64.950 55149.80029150 36.92 208.285384  65.106389 26.394 -100.00 -100.00 -100.00
  51    64.148 55159.71592780 24.68 208.263410  65.105708 11.349 -100.00 -100.00 -100.00
  51    63.947 55159.71592839 25.97 208.269381  65.106461 14.751 -100.00 -100.00 -100.00
  51    64.107 55159.71592898 27.94 208.275352  65.107213 20.060 -100.00 -100.00 -100.00
  60    64.066 55248.95673406 19.61 208.262791  65.106211  9.081 -100.00 -100.00 -100.00
  60    64.152 55248.95673465 21.59 208.268763  65.106963 14.618 -100.00 -100.00 -100.00
  60    64.121 55248.95673524 20.78 208.274734  65.107715 12.774 -100.00 -100.00 -100.00
  61    64.025 55258.87237327 21.03 208.263028  65.104742 12.288 -100.00 -100.00 -100.00
  61    64.132 55258.87237386 22.51 208.268999  65.105494 16.914 -100.00 -100.00 -100.00
  61    64.049 55258.87237445 22.03 208.274971  65.106246 15.759 -100.00 -100.00 -100.00
  61    64.102 55258.87237504 22.77 208.280943  65.106998 18.736 -100.00 -100.00 -100.00
  62    64.087 55268.78801163 18.13 208.261553  65.104629  8.298 -100.00 -100.00 -100.00
  62    64.249 55268.78801222 19.24 208.267524  65.105382 10.991 -100.00 -100.00 -100.00
  62    64.001 55268.78801281 21.83 208.273496  65.106134 16.731 -100.00 -100.00 -100.00
  62    64.125 55268.78801341 19.19 208.279467  65.106886 12.000 -100.00 -100.00 -100.00
  63    64.000 55278.70364975 19.74 208.259602  65.105633 10.787 -100.00 -100.00 -100.00
  63    64.002 55278.70365034 19.43 208.265573  65.106385 10.956 -100.00 -100.00 -100.00
  63    63.928 55278.70365093 20.87 208.271544  65.107137 15.583 -100.00 -100.00 -100.00
  63    63.903 55278.70365152 19.92 208.277516  65.107889 12.138 -100.00 -100.00 -100.00
  65    64.100 55298.53492163 43.17 208.263617  65.106048   -100 -100.00 -100.00 -100.00
  65    64.123 55298.53492222 40.59 208.269587  65.106801   -100 -100.00 -100.00 -100.00
  65    64.126 55298.53492281 43.79 208.275558  65.107553  6.300 -100.00 -100.00 -100.00
  66    64.132 55308.45056487 48.21 208.266338  65.104737  2.520 -100.00 -100.00 -100.00
  66    64.097 55308.45056546 48.00 208.272308  65.105489 10.263 -100.00 -100.00 -100.00
  66    64.055 55308.45056605 48.54 208.278279  65.106242 20.049 -100.00 -100.00 -100.00
  67    64.640 55318.36621138 44.63 208.270772  65.104283  2.764 -100.00 -100.00 -100.00
  67    64.727 55318.36621197 45.60 208.276741  65.105035  5.728 -100.00 -100.00 -100.00
  67    64.957 55318.36621256 44.41 208.282712  65.105787   -100 -100.00 -100.00 -100.00
  68    63.874 55328.28185617 46.58 208.267129  65.104366 19.300 -100.00 -100.00 -100.00
  68    63.983 55328.28185676 47.46 208.273098  65.105118 13.790 -100.00 -100.00 -100.00
  68    64.090 55328.28185735 44.97 208.279069  65.105870   -100 -100.00 -100.00 -100.00
  68    64.236 55328.28185794 47.15 208.285039  65.106621   -100 -100.00 -100.00 -100.00
  69   105.063 55338.19750020 21.76 208.260864  65.105488 32.507 -100.00 -100.00 -100.00
  69   107.015 55338.19750079 17.54 208.266834  65.106241   -100 -100.00 -100.00 -100.00
  69   110.542 55338.19750138 20.98 208.272804  65.106993   -100 -100.00 -100.00 -100.00
  69   110.840 55338.19750197 23.62 208.278775  65.107745 29.696 -100.00 -100.00 -100.00
  77    65.227 55417.52263572 48.16 208.262926  65.106514   -100 -100.00 -100.00 -100.00
  77    65.204 55417.52263631 47.93 208.268896  65.107267   -100 -100.00 -100.00 -100.00
  77    65.240 55417.52263690 51.66 208.274867  65.108019 26.260 -100.00 -100.00 -100.00
  78    65.013 55427.43828323 36.78 208.263626  65.105071   -100 -100.00 -100.00 -100.00
  78    65.056 55427.43828382 34.95 208.269596  65.105824   -100 -100.00 -100.00 -100.00
  78    65.072 55427.43828441 31.13 208.275566  65.106576 31.293 -100.00 -100.00 -100.00
  78    64.838 55427.43828500 29.64 208.281536  65.107328 30.506 -100.00 -100.00 -100.00
  79    64.585 55437.35392801 51.06 208.262980  65.104346 21.623 -100.00 -100.00 -100.00
  79    64.672 55437.35392860 52.69 208.268949  65.105098 24.605 -100.00 -100.00 -100.00
  79    64.751 55437.35392919 51.77 208.274919  65.105850 28.736 -100.00 -100.00 -100.00
  79    64.875 55437.35392978 49.04 208.280890  65.106602  2.565 -100.00 -100.00 -100.00
  80    64.506 55447.26957188 54.67 208.265538  65.105252   -100 -100.00 -100.00 -100.00
  80    64.534 55447.26957247 55.60 208.271509  65.106005 26.950 -100.00 -100.00 -100.00
  80    64.525 55447.26957306 53.30 208.277479  65.106756 20.806 -100.00 -100.00 -100.00
  81    64.580 55457.18521499 53.41 208.263545  65.106052 12.147 -100.00 -100.00 -100.00
  81    64.714 55457.18521558 49.55 208.269515  65.106804  2.556 -100.00 -100.00 -100.00
  81    64.747 55457.18521617 53.68 208.275486  65.107556 13.659 -100.00 -100.00 -100.00
  82    63.989 55467.10085709 50.00 208.258458  65.105983  1.272 -100.00 -100.00 -100.00
  82    64.125 55467.10085768 51.02 208.264429  65.106735   -100 -100.00 -100.00 -100.00
  82    64.106 55467.10085827 48.01 208.270400  65.107488   -100 -100.00 -100.00 -100.00
  82    64.032 55467.10085886 47.49 208.276371  65.108240  3.995 -100.00 -100.00 -100.00
  83    63.726 55477.01649691 50.13 208.263817  65.105879   -100 -100.00 -100.00 -100.00
  83    63.625 55477.01649750 49.76 208.269788  65.106632 12.123 -100.00 -100.00 -100.00
  83    63.921 55477.01649809 45.22 208.275759  65.107384   -100 -100.00 -100.00 -100.00
  84    63.498 55486.93213322 36.98 208.266305  65.104765   -100 -100.00 -100.00 -100.00
  84    63.550 55486.93213381 37.82 208.272276  65.105518   -100 -100.00 -100.00 -100.00
  84    63.606 55486.93213440 35.86 208.278247  65.106270   -100 -100.00 -100.00 -100.00
  85   112.974 55496.84776738  9.63 208.269335  65.104143 11.907 -100.00 -100.00 -100.00
  85   112.629 55496.84776797 15.52 208.275306  65.104895 10.021 -100.00 -100.00 -100.00
  85   111.521 55496.84776856 15.60 208.281277  65.105647 11.047 -100.00 -100.00 -100.00
  86    64.357 55506.76340319 37.15 208.264768  65.104295   -100 -100.00 -100.00 -100.00
  86    64.226 55506.76340379 39.26 208.270739  65.105048   -100 -100.00 -100.00 -100.00
  86    64.304 55506.76340438 42.30 208.276710  65.105800   -100 -100.00 -100.00 -100.00
  86    64.509 55506.76340497 42.41 208.282681  65.106552   -100 -100.00 -100.00 -100.00
  87    65.096 55516.67905338 45.45 208.260986  65.105662   -100 -100.00 -100.00 -100.00
  87    64.875 55516.67905398 46.48 208.266957  65.106415  1.347 -100.00 -100.00 -100.00
  87    65.077 55516.67905457 49.46 208.272928  65.107167   -100 -100.00 -100.00 -100.00
  87    64.818 55516.67905516 49.77 208.278900  65.107919 17.971 -100.00 -100.00 -100.00
  95    64.757 55596.00420146 20.65 208.263275  65.105296 12.258 -100.00 -100.00 -100.00
  95    64.949 55596.00420205 19.27 208.269246  65.106049  9.227 -100.00 -100.00 -100.00
  95    64.841 55596.00420264 18.36 208.275217  65.106801  7.634 -100.00 -100.00 -100.00
  96    64.776 55605.91983540 17.63 208.264672  65.104145  8.573 -100.00 -100.00 -100.00
  96    64.983 55605.91983599 16.52 208.270643  65.104898  6.479 -100.00 -100.00 -100.00
  96    64.934 55605.91983658 15.76 208.276614  65.105650  5.524 -100.00 -100.00 -100.00
  96    64.968 55605.91983717 16.13 208.282585  65.106402  6.453 -100.00 -100.00 -100.00
  97    64.920 55615.83546727 13.36 208.265930  65.104110  3.918 -100.00 -100.00 -100.00
  97    64.751 55615.83546786 13.60 208.271900  65.104863  4.034 -100.00 -100.00 -100.00
  97    64.903 55615.83546845 13.62 208.277871  65.105615  3.833 -100.00 -100.00 -100.00
  97    64.753 55615.83546904 13.43 208.283843  65.106367  4.266 -100.00 -100.00 -100.00
  98    64.643 55625.75110864 12.51 208.263835  65.104855  3.306 -100.00 -100.00 -100.00
  98    64.822 55625.75110923 12.71 208.269806  65.105607  3.635 -100.00 -100.00 -100.00
  98    64.884 55625.75110983 12.56 208.275777  65.106360  3.274 -100.00 -100.00 -100.00
  98    64.805 55625.75111042 12.66 208.281749  65.107112  3.693 -100.00 -100.00 -100.00
  99    65.007 55635.66676035 12.83 208.260023  65.105153  4.371 -100.00 -100.00 -100.00
  99    64.846 55635.66676094 12.45 208.265994  65.105906  4.351 -100.00 -100.00 -100.00
  99    64.944 55635.66676153 12.10 208.271965  65.106659  3.961 -100.00 -100.00 -100.00
  99    64.865 55635.66676212 12.32 208.277936  65.107411  4.728 -100.00 -100.00 -100.00
 100    64.867 55645.58241043 13.28 208.261806  65.105270  5.341 -100.00 -100.00 -100.00
 100    64.948 55645.58241103 12.64 208.267776  65.106023  4.355 -100.00 -100.00 -100.00
 100    64.917 55645.58241162 12.88 208.273747  65.106775  5.626 -100.00 -100.00 -100.00
 100    64.790 55645.58241221 12.87 208.279718  65.107527  4.522 -100.00 -100.00 -100.00
 101    65.068 55655.49805803 12.92 208.266888  65.105130  4.510 -100.00 -100.00 -100.00
 101    64.830 55655.49805862 12.43 208.272858  65.105883  4.823 -100.00 -100.00 -100.00
 101    64.845 55655.49805921 12.45 208.278829  65.106635  4.364 -100.00 -100.00 -100.00
 102    64.931 55665.41370036 13.04 208.264028  65.104221  4.916 -100.00 -100.00 -100.00
 102    65.032 55665.41370095 12.22 208.269998  65.104974  5.285 -100.00 -100.00 -100.00
 102    64.999 55665.41370154 11.75 208.275968  65.105726  3.812 -100.00 -100.00 -100.00
 102    64.936 55665.41370213 11.92 208.281939  65.106478  3.821 -100.00 -100.00 -100.00
 103    64.856 55675.32934030 30.54 208.266081  65.104797   -100 -100.00 -100.00 -100.00
 103    64.689 55675.32934089 30.60 208.272051  65.105549   -100 -100.00 -100.00 -100.00
 103    64.723 55675.32934148 27.87 208.278022  65.106301 31.258 -100.00 -100.00 -100.00
 104   114.112 55685.24497810 23.37 208.262859  65.105506 17.354 -100.00 -100.00 -100.00
 104   113.494 55685.24497869 27.00 208.268829  65.106259 30.746 -100.00 -100.00 -100.00
 104   113.152 55685.24497928 16.57 208.274799  65.107011   -100 -100.00 -100.00 -100.00
 105   115.132 55695.16061455  6.01 208.257603  65.105871  9.241 -100.00 -100.00 -100.00
 105   115.324 55695.16061514 16.89 208.263574  65.106624  8.569 -100.00 -100.00 -100.00
 105   114.908 55695.16061573 15.14 208.269544  65.107376  6.988 -100.00 -100.00 -100.00
 105   111.978 55695.16061632 21.26 208.275515  65.108128   -100 -100.00 -100.00 -100.00
 113   113.473 55774.48576475 24.36 208.262432  65.104347 10.610 -100.00 -100.00 -100.00
 113   112.828 55774.48576534 23.75 208.268401  65.105100 30.890 -100.00 -100.00 -100.00
 113   112.620 55774.48576593 32.15 208.274371  65.105852   -100 -100.00 -100.00 -100.00
 113   114.478 55774.48576652 29.99 208.280342  65.106604   -100 -100.00 -100.00 -100.00
 114   117.827 55784.40140121 25.12 208.270354  65.104064 23.956 -100.00 -100.00 -100.00
 114   117.816 55784.40140180 31.52 208.276324  65.104816   -100 -100.00 -100.00 -100.00
 114   117.690 55784.40140239 18.06 208.282294  65.105568 21.878 -100.00 -100.00 -100.00
 115    65.185 55794.31703465 51.38 208.269291  65.104703   -100 -100.00 -100.00 -100.00
 115    65.044 55794.31703524 48.58 208.275261  65.105455   -100 -100.00 -100.00 -100.00
 115    65.072 55794.31703583 49.25 208.281231  65.106207  3.753 -100.00 -100.00 -100.00
 116    65.111 55804.23267148 51.32 208.264284  65.105537   -100 -100.00 -100.00 -100.00
 116    65.043 55804.23267207 54.76 208.270255  65.106290   -100 -100.00 -100.00 -100.00
 116    65.216 55804.23267266 49.16 208.276225  65.107042   -100 -100.00 -100.00 -100.00
 117    64.221 55814.14832105 48.91 208.263456  65.106255 24.757 -100.00 -100.00 -100.00
 117    64.268 55814.14832164 45.88 208.269426  65.107008 13.678 -100.00 -100.00 -100.00
 117    64.318 55814.14832223 42.47 208.275397  65.107760   -100 -100.00 -100.00 -100.00
 118    64.256 55824.06396865 35.02 208.265337  65.105499   -100 -100.00 -100.00 -100.00
 118    64.319 55824.06396924 37.69 208.271308  65.106252   -100 -100.00 -100.00 -100.00
 118    64.420 55824.06396983 35.13 208.277278  65.107004   -100 -100.00 -100.00 -100.00
 119    64.002 55833.97961128 51.28 208.264622  65.103852 11.569 -100.00 -100.00 -100.00
 119    64.108 55833.97961187 49.46 208.270592  65.104605   -100 -100.00 -100.00 -100.00
 119    64.244 55833.97961246 50.92 208.276563  65.105357  3.944 -100.00 -100.00 -100.00
 119    64.006 55833.97961305 53.90 208.282534  65.106109 24.859 -100.00 -100.00 -100.00
 120    64.053 55843.89525056 35.61 208.269900  65.103863   -100 -100.00 -100.00 -100.00
 120    63.865 55843.89525115 37.14 208.275871  65.104615   -100 -100.00 -100.00 -100.00
 120    64.028 55843.89525174 41.80 208.281842  65.105368   -100 -100.00 -100.00 -100.00
 120    64.004 55843.89525233 40.39 208.287813  65.106119   -100 -100.00 -100.00 -100.00
 121    63.794 55853.81088583 50.76 208.264220  65.104156   -100 -100.00 -100.00 -100.00
 121    63.646 55853.81088642 51.79 208.270191  65.104909 10.449 -100.00 -100.00 -100.00
 121    63.803 55853.81088701 45.43 208.276162  65.105661   -100 -100.00 -100.00 -100.00
 121    63.753 55853.81088760 53.72 208.282133  65.106414 11.908 -100.00 -100.00 -100.00
 122    63.698 55863.72652300 42.40 208.261563  65.105770   -100 -100.00 -100.00 -100.00
 122    63.996 55863.72652359 43.65 208.267534  65.106523   -100 -100.00 -100.00 -100.00
 122    63.758 55863.72652418 45.64 208.273505  65.107275   -100 -100.00 -100.00 -100.00
 131    64.649 55952.96733683 12.27 208.264703  65.104473  3.251 -100.00 -100.00 -100.00
 131    64.713 55952.96733742 12.56 208.270674  65.105225  4.068 -100.00 -100.00 -100.00
 131    64.665 55952.96733801 12.64 208.276645  65.105978  3.785 -100.00 -100.00 -100.00
 131    64.644 55952.96733860 12.36 208.282617  65.106730  3.627 -100.00 -100.00 -100.00
 132    64.799 55962.88297652 12.33 208.269503  65.104064  3.539 -100.00 -100.00 -100.00
 132    64.551 55962.88297711 12.48 208.275474  65.104817  3.290 -100.00 -100.00 -100.00
 132    64.745 55962.88297770 12.22 208.281446  65.105569  3.108 -100.00 -100.00 -100.00
 133    64.750 55972.79861365 12.08 208.266884  65.104941  4.435 -100.00 -100.00 -100.00
 133    64.538 55972.79861424 12.61 208.272855  65.105694  5.003 -100.00 -100.00 -100.00
 133    64.614 55972.79861483 11.92 208.278826  65.106446  3.595 -100.00 -100.00 -100.00
 134    64.658 55982.71424910 11.40 208.259674  65.105946  3.647 -100.00 -100.00 -100.00
 134    64.496 55982.71424969 11.64 208.265644  65.106699  4.425 -100.00 -100.00 -100.00
 134    64.641 55982.71425028 11.49 208.271616  65.107451  4.069 -100.00 -100.00 -100.00
 134    64.738 55982.71425087 11.33 208.277587  65.108203  3.472 -100.00 -100.00 -100.00
 135    64.727 55992.62988340 11.48 208.259944  65.106171  3.514 -100.00 -100.00 -100.00
 135    64.686 55992.62988399 12.17 208.265915  65.106924  4.370 -100.00 -100.00 -100.00
 135    64.524 55992.62988458 12.08 208.271886  65.107677  4.018 -100.00 -100.00 -100.00
 136    64.685 56002.54553204 11.81 208.264275  65.105584  4.256 -100.00 -100.00 -100.00
 136    64.642 56002.54553263 12.69 208.270245  65.106336  5.482 -100.00 -100.00 -100.00
 136    64.552 56002.54553322 12.35 208.276216  65.107089  4.606 -100.00 -100.00 -100.00
 137    64.404 56012.46118162 11.63 208.265742  65.103977  5.220 -100.00 -100.00 -100.00
 137    64.554 56012.46118221 11.33 208.271712  65.104730  3.896 -100.00 -100.00 -100.00
 137    64.485 56012.46118280 11.55 208.277682  65.105482  4.291 -100.00 -100.00 -100.00
 137    64.504 56012.46118339 12.15 208.283652  65.106234  6.085 -100.00 -100.00 -100.00
 138    64.008 56022.37682768 16.39 208.265759  65.103677 11.993 -100.00 -100.00 -100.00
 138    64.172 56022.37682827 16.55 208.271729  65.104429 12.815 -100.00 -100.00 -100.00
 138    64.099 56022.37682886 15.48 208.277699  65.105182 10.752 -100.00 -100.00 -100.00
 138    63.953 56022.37682945 18.83 208.283669  65.105933 18.260 -100.00 -100.00 -100.00
 139    63.812 56032.29247114 37.89 208.265751  65.105437  7.049 -100.00 -100.00 -100.00
 139    63.914 56032.29247173 38.52 208.271721  65.106189 17.558 -100.00 -100.00 -100.00
 139    64.023 56032.29247232 31.66 208.277692  65.106941   -100 -100.00 -100.00 -100.00
 148    65.027 56121.53324043 46.96 208.258946  65.105916  9.794 -100.00 -100.00 -100.00
 148    65.088 56121.53324102 45.40 208.264916  65.106669  2.896 -100.00 -100.00 -100.00
 148    65.214 56121.53324161 44.43 208.270887  65.107421  4.571 -100.00 -100.00 -100.00
 148    65.148 56121.53324220 43.51 208.276857  65.108174  2.024 -100.00 -100.00 -100.00
 149    65.000 56131.44887640 52.64 208.265154  65.103848  0.799 -100.00 -100.00 -100.00
 149    65.143 56131.44887699 55.83 208.271124  65.104600   -100 -100.00 -100.00 -100.00
 149    65.174 56131.44887758 52.50 208.277094  65.105353  1.110 -100.00 -100.00 -100.00
 149    64.984 56131.44887817 55.23 208.283064  65.106105   -100 -100.00 -100.00 -100.00
 150    65.109 56141.36451216 55.09 208.271519  65.103404   -100 -100.00 -100.00 -100.00
 150    65.434 56141.36451275 53.04 208.277488  65.104156   -100 -100.00 -100.00 -100.00
 150    65.420 56141.36451334 52.44 208.283458  65.104908   -100 -100.00 -100.00 -100.00
 150    65.384 56141.36451393 51.72 208.289428  65.105660 26.174 -100.00 -100.00 -100.00
 151    64.730 56151.28016247 55.04 208.263889  65.104213 27.057 -100.00 -100.00 -100.00
 151    65.035 56151.28016306 52.91 208.269858  65.104965   -100 -100.00 -100.00 -100.00
 151    64.850 56151.28016365 55.55 208.275828  65.105718 30.081 -100.00 -100.00 -100.00
 151    64.857 56151.28016424 53.36 208.281799  65.106470 17.175 -100.00 -100.00 -100.00
 152    64.624 56161.19581140 52.74 208.259707  65.106142 18.413 -100.00 -100.00 -100.00
 152    64.592 56161.19581199 51.56 208.265677  65.106894 14.708 -100.00 -100.00 -100.00
 152    64.817 56161.19581258 48.77 208.271648  65.107646   -100 -100.00 -100.00 -100.00
 154   112.581 56181.02710199  4.31 208.259247  65.105824  8.270 -100.00 -100.00 -100.00
 154   112.088 56181.02710258 12.07 208.265218  65.106577 11.506 -100.00 -100.00 -100.00
 154   113.650 56181.02710317 12.12 208.271189  65.107329 10.631 -100.00 -100.00 -100.00
 154   113.983 56181.02710376  9.13 208.277160  65.108081  9.663 -100.00 -100.00 -100.00
 155    64.410 56190.94274182 50.23 208.265874  65.104683   -100 -100.00 -100.00 -100.00
 155    64.526 56190.94274241 48.02 208.271845  65.105435   -100 -100.00 -100.00 -100.00
 155    64.483 56190.94274300 50.19 208.277815  65.106188  4.992 -100.00 -100.00 -100.00
 155    64.482 56190.94274359 47.51 208.283787  65.106940   -100 -100.00 -100.00 -100.00
 156    64.687 56200.85837842 50.99 208.267599  65.104081  5.261 -100.00 -100.00 -100.00
 156    64.758 56200.85837901 52.89 208.273569  65.104833 18.303 -100.00 -100.00 -100.00
 156    64.707 56200.85837960 49.83 208.279541  65.105586 29.241 -100.00 -100.00 -100.00
 156    64.718 56200.85838019 44.40 208.285512  65.106337  8.541 -100.00 -100.00 -100.00
 157    64.141 56210.77401242 37.41 208.264972  65.105090   -100 -100.00 -100.00 -100.00
 157    64.424 56210.77401301 35.31 208.270943  65.105843   -100 -100.00 -100.00 -100.00
 157    64.294 56210.77401360 34.68 208.276914  65.106595   -100 -100.00 -100.00 -100.00
 167    65.147 56309.93046794 15.19 208.265219  65.105099  3.946 -100.00 -100.00 -100.00
 167    65.027 56309.93046853 15.29 208.271190  65.105852  3.856 -100.00 -100.00 -100.00
 167    65.049 56309.93046912 15.71 208.277161  65.106604  4.139 -100.00 -100.00 -100.00
 168    64.952 56319.84610998 19.49 208.268724  65.104530 10.319 -100.00 -100.00 -100.00
 168    65.061 56319.84611057 18.35 208.274695  65.105282  7.804 -100.00 -100.00 -100.00
 168    65.148 56319.84611116 17.37 208.280667  65.106034  6.859 -100.00 -100.00 -100.00
 169    64.925 56329.76175035 19.09 208.262695  65.104862  9.180 -100.00 -100.00 -100.00
 169    65.035 56329.76175094 18.02 208.268666  65.105614  6.356 -100.00 -100.00 -100.00
 169    65.132 56329.76175153 16.81 208.274637  65.106366  5.443 -100.00 -100.00 -100.00
 169    65.158 56329.76175212 16.42 208.280609  65.107118  4.598 -100.00 -100.00 -100.00
 170    64.854 56339.67739085 17.23 208.265413  65.106911  6.483 -100.00 -100.00 -100.00
 170    64.871 56339.67739144 17.61 208.271385  65.107663  6.867 -100.00 -100.00 -100.00
 172    64.765 56359.50866497 19.56 208.264235  65.106061  9.580 -100.00 -100.00 -100.00
 172    64.898 56359.50866556 18.09 208.270205  65.106814  7.742 -100.00 -100.00 -100.00
 172    64.975 56359.50866615 17.49 208.276176  65.107566  6.684 -100.00 -100.00 -100.00
 173    64.690 56369.42431528 19.32 208.265494  65.105000 11.800 -100.00 -100.00 -100.00
 173    65.070 56369.42431587 17.47 208.271464  65.105752  7.213 -100.00 -100.00 -100.00
 173    64.998 56369.42431646 17.01 208.277434  65.106505  7.424 -100.00 -100.00 -100.00
 175    64.687 56389.25560771 21.73 208.260772  65.106276 15.076 -100.00 -100.00 -100.00
 175    64.734 56389.25560830 21.15 208.266742  65.107028 14.274 -100.00 -100.00 -100.00
 175    64.711 56389.25560889 21.53 208.272713  65.107780 17.430 -100.00 -100.00 -100.00
 184    65.459 56478.49640312 48.92 208.262216  65.106336   -100 -100.00 -100.00 -100.00
 184    65.437 56478.49640372 54.90 208.268186  65.107088   -100 -100.00 -100.00 -100.00
 184    65.554 56478.49640431 51.62 208.274156  65.107840   -100 -100.00 -100.00 -100.00
 185    65.138 56488.41204082 48.07 208.263153  65.104948   -100 -100.00 -100.00 -100.00
 185    65.150 56488.41204141 51.67 208.269123  65.105701   -100 -100.00 -100.00 -100.00
 185    64.897 56488.41204200 50.48 208.275093  65.106453  8.495 -100.00 -100.00 -100.00
 185    65.124 56488.41204259 46.67 208.281063  65.107205   -100 -100.00 -100.00 -100.00
 186    65.286 56498.32767617 39.78 208.264989  65.104664   -100 -100.00 -100.00 -100.00
 186    65.445 56498.32767676 40.50 208.270959  65.105417   -100 -100.00 -100.00 -100.00
 186    65.060 56498.32767735 42.19 208.276929  65.106169 10.474 -100.00 -100.00 -100.00
 186    65.337 56498.32767794 35.64 208.282899  65.106921   -100 -100.00 -100.00 -100.00
 187    65.280 56508.24330989 44.74 208.261768  65.104517   -100 -100.00 -100.00 -100.00
 187    65.124 56508.24331048 49.23 208.267737  65.105269 15.467 -100.00 -100.00 -100.00
 187    65.453 56508.24331107 43.76 208.273707  65.106022   -100 -100.00 -100.00 -100.00
 187    65.380 56508.24331166 38.57 208.279678  65.106774 32.237 -100.00 -100.00 -100.00
 188    65.094 56518.15894904 49.26 208.265075  65.105819   -100 -100.00 -100.00 -100.00
 188    65.090 56518.15894963 50.28 208.271046  65.106572   -100 -100.00 -100.00 -100.00
 188    65.040 56518.15895022 51.03 208.277016  65.107325  7.351 -100.00 -100.00 -100.00
 189    64.866 56528.07460286 50.23 208.260726  65.106064  1.512 -100.00 -100.00 -100.00
 189    65.097 56528.07460345 51.82 208.266697  65.106816  2.588 -100.00 -100.00 -100.00
 189    65.022 56528.07460404 50.68 208.272667  65.107569  9.457 -100.00 -100.00 -100.00
 190    64.427 56537.99025279 39.39 208.260716  65.105954   -100 -100.00 -100.00 -100.00
 190    64.842 56537.99025339 39.83 208.266687  65.106706   -100 -100.00 -100.00 -100.00
 190    64.824 56537.99025398 39.63 208.272658  65.107459   -100 -100.00 -100.00 -100.00
 191   127.790 56547.90589856 23.03 208.259329  65.105234 32.671 -100.00 -100.00 -100.00
 191   127.703 56547.90589915 24.48 208.265299  65.105986   -100 -100.00 -100.00 -100.00
 191   127.374 56547.90589974 21.67 208.271270  65.106739   -100 -100.00 -100.00 -100.00
 191   127.351 56547.90590033 19.45 208.277242  65.107491 26.261 -100.00 -100.00 -100.00
 192    64.479 56557.82154213 45.98 208.261516  65.105909  2.782 -100.00 -100.00 -100.00
 192    64.360 56557.82154272 46.57 208.267487  65.106662 16.511 -100.00 -100.00 -100.00
 192    64.584 56557.82154331 42.02 208.273459  65.107414   -100 -100.00 -100.00 -100.00
 201    64.856 56647.06232813 17.33 208.261649  65.106242  4.294 -100.00 -100.00 -100.00
 201    64.850 56647.06232872 18.21 208.267620  65.106995  5.646 -100.00 -100.00 -100.00
 201    64.933 56647.06232931 17.88 208.273591  65.107747  5.012 -100.00 -100.00 -100.00
 202    64.645 56656.97798037 18.48 208.263536  65.105671  8.196 -100.00 -100.00 -100.00
 202    64.871 56656.97798096 17.31 208.269508  65.106424  7.241 -100.00 -100.00 -100.00
 202    64.965 56656.97798155 17.02 208.275479  65.107176  6.541 -100.00 -100.00 -100.00
 203    64.636 56666.89362816 17.38 208.264203  65.105158  6.228 -100.00 -100.00 -100.00
 203    64.730 56666.89362875 19.08 208.270174  65.105910  9.534 -100.00 -100.00 -100.00
 203    64.590 56666.89362934 17.54 208.276146  65.106662  7.150 -100.00 -100.00 -100.00
 204    64.611 56676.80927335 18.84 208.264688  65.105744 10.396 -100.00 -100.00 -100.00
 204    64.865 56676.80927394 16.52 208.270659  65.106496  7.011 -100.00 -100.00 -100.00
 204    64.763 56676.80927453 16.79 208.276631  65.107248  7.841 -100.00 -100.00 -100.00
 205    64.667 56686.72491718 19.75 208.262996  65.106498  8.855 -100.00 -100.00 -100.00
 205    64.617 56686.72491777 18.88 208.268967  65.107251  7.570 -100.00 -100.00 -100.00
 205    64.831 56686.72491836 18.40 208.274939  65.108003  6.441 -100.00 -100.00 -100.00
 207    64.905 56706.55619617 18.43 208.260785  65.106098  6.492 -100.00 -100.00 -100.00
 207    64.980 56706.55619677 18.61 208.266755  65.106850  7.918 -100.00 -100.00 -100.00
 207    65.157 56706.55619736 16.94 208.272726  65.107603  5.001 -100.00 -100.00 -100.00
 208    64.794 56716.47183025 17.76 208.262603  65.105281  7.397 -100.00 -100.00 -100.00
 208    64.585 56716.47183084 18.29 208.268573  65.106034  7.522 -100.00 -100.00 -100.00
 208    64.435 56716.47183143 18.20 208.274544  65.106786  8.286 -100.00 -100.00 -100.00
 208    64.761 56716.47183203 17.73 208.280515  65.107538  6.916 -100.00 -100.00 -100.00
 219    64.451 56825.54393462 46.60 208.259057  65.106020   -100 -100.00 -100.00 -100.00
 219    64.436 56825.54393521 49.41 208.265027  65.106772   -100 -100.00 -100.00 -100.00
 219    64.424 56825.54393580 48.12 208.270998  65.107524   -100 -100.00 -100.00 -100.00
 219    64.502 56825.54393639 47.51 208.276969  65.108276   -100 -100.00 -100.00 -100.00
 220   206.508 56835.45957067  2.15 208.272860  65.106070 10.054 -100.00 -100.00 -100.00
 220   117.068 56835.45957126  8.92 208.278830  65.106822  8.179 -100.00 -100.00 -100.00
 221    65.625 56845.37520158 49.73 208.266770  65.104937   -100 -100.00 -100.00 -100.00
 221    65.683 56845.37520217 46.60 208.272740  65.105689   -100 -100.00 -100.00 -100.00
 221    65.900 56845.37520276 43.73 208.278710  65.106442   -100 -100.00 -100.00 -100.00
 222    65.308 56855.29084807 48.80 208.264444  65.105888  1.115 -100.00 -100.00 -100.00
 222    65.738 56855.29084866 49.06 208.270414  65.106640   -100 -100.00 -100.00 -100.00
 222    65.762 56855.29084925 45.71 208.276384  65.107392   -100 -100.00 -100.00 -100.00
 226    64.797 56894.95345014 44.38 208.259037  65.106055   -100 -100.00 -100.00 -100.00
 226    64.842 56894.95345073 45.39 208.265007  65.106807   -100 -100.00 -100.00 -100.00
 226    64.882 56894.95345132 46.13 208.270979  65.107560   -100 -100.00 -100.00 -100.00
 226    64.941 56894.95345191 44.70 208.276950  65.108312   -100 -100.00 -100.00 -100.00
 237    65.168 57004.02550214 23.39 208.264340  65.105576  9.459 -100.00 -100.00 -100.00
 237    65.031 57004.02550273 22.34 208.270311  65.106329  7.952 -100.00 -100.00 -100.00
 237    65.138 57004.02550332 23.03 208.276282  65.107081  8.925 -100.00 -100.00 -100.00
 238    64.992 57013.94115814 23.06 208.263923  65.104100 10.178 -100.00 -100.00 -100.00
 238    65.102 57013.94115873 21.06 208.269893  65.104852  7.089 -100.00 -100.00 -100.00
 238    65.151 57013.94115932 22.50 208.275865  65.105605  8.509 -100.00 -100.00 -100.00
 238    65.159 57013.94115991 21.58 208.281836  65.106357  6.522 -100.00 -100.00 -100.00
 239    65.076 57023.85680958 18.34 208.267654  65.104879  5.022 -100.00 -100.00 -100.00
 239    64.990 57023.85681017 18.67 208.273625  65.105631  5.319 -100.00 -100.00 -100.00
 239    64.967 57023.85681076 18.69 208.279597  65.106383  5.677 -100.00 -100.00 -100.00
 240    65.174 57033.77245727 17.80 208.257753  65.105841  5.168 -100.00 -100.00 -100.00
 240    64.938 57033.77245786 18.07 208.263724  65.106593  5.099 -100.00 -100.00 -100.00
 240    65.119 57033.77245845 18.27 208.269695  65.107346  4.692 -100.00 -100.00 -100.00
 240    65.001 57033.77245904 19.25 208.275667  65.108098  7.222 -100.00 -100.00 -100.00
 243    64.957 57063.51938606 20.01 208.258445  65.105959  8.838 -100.00 -100.00 -100.00
 243    65.073 57063.51938665 19.13 208.264415  65.106712  7.446 -100.00 -100.00 -100.00
 243    65.117 57063.51938724 18.58 208.270386  65.107464  6.713 -100.00 -100.00 -100.00
 243    64.985 57063.51938783 18.45 208.276357  65.108216  6.516 -100.00 -100.00 -100.00
 244    65.001 57073.43502051 20.68 208.264145  65.105349 11.351 -100.00 -100.00 -100.00
 244    65.314 57073.43502110 17.80 208.270116  65.106102  5.807 -100.00 -100.00 -100.00
 244    65.107 57073.43502169 18.07 208.276086  65.106854  7.138 -100.00 -100.00 -100.00
 245    65.038 57083.35065060 17.27 208.261846  65.105385  6.536 -100.00 -100.00 -100.00
 245    65.028 57083.35065119 16.08 208.267816  65.106138  5.564 -100.00 -100.00 -100.00
 245    65.118 57083.35065178 16.30 208.273787  65.106891  5.509 -100.00 -100.00 -100.00
 245    65.092 57083.35065237 15.70 208.279757  65.107643  4.353 -100.00 -100.00 -100.00
 251   113.392 57142.84453567 19.81 208.260458  65.106254 28.026 -100.00 -100.00 -100.00
 251   113.062 57142.84453626 10.98 208.266429  65.107007 25.796 -100.00 -100.00 -100.00
 251   113.279 57142.84453685 20.87 208.272400  65.107759   -100 -100.00 -100.00 -100.00
 255    64.534 57182.50711371 52.38 208.261381  65.105919  1.550 -100.00 -100.00 -100.00
 255    64.397 57182.50711430 52.27 208.267352  65.106672   -100 -100.00 -100.00 -100.00
 255    64.564 57182.50711489 53.05 208.273322  65.107424   -100 -100.00 -100.00 -100.00
 256    64.014 57192.42276406 50.63 208.263529  65.104532  8.676 -100.00 -100.00 -100.00
 256    64.055 57192.42276465 50.81 208.269498  65.105284  7.263 -100.00 -100.00 -100.00
 256    63.953 57192.42276524 49.91 208.275468  65.106036 17.680 -100.00 -100.00 -100.00
 256    64.007 57192.42276583 53.76 208.281439  65.106788 23.304 -100.00 -100.00 -100.00
 257    64.471 57202.33841209 55.69 208.267823  65.105214 18.146 -100.00 -100.00 -100.00
 257    64.519 57202.33841268 52.43 208.273793  65.105966 20.976 -100.00 -100.00 -100.00
 257    64.924 57202.33841327 53.68 208.279764  65.106717   -100 -100.00 -100.00 -100.00
 258    64.724 57212.25404532 50.36 208.257728  65.105770 13.454 -100.00 -100.00 -100.00
 258    64.732 57212.25404591 48.33 208.263699  65.106523  1.051 -100.00 -100.00 -100.00
 258    64.731 57212.25404650 48.94 208.269669  65.107275  8.488 -100.00 -100.00 -100.00
 258    64.737 57212.25404709 50.84 208.275640  65.108027 16.884 -100.00 -100.00 -100.00
 262    64.658 57251.91660902 48.75 208.263991  65.106104 23.849 -100.00 -100.00 -100.00
 262    64.704 57251.91660961 49.76 208.269961  65.106856 29.307 -100.00 -100.00 -100.00
 262    64.763 57251.91661020 48.85 208.275933  65.107609 29.783 -100.00 -100.00 -100.00
 263    64.714 57261.83224427 36.47 208.262963  65.106159   -100 -100.00 -100.00 -100.00
 263    64.789 57261.83224486 34.66 208.268934  65.106911   -100 -100.00 -100.00 -100.00
 263    65.319 57261.83224545 31.69 208.274905  65.107664 24.522 -100.00 -100.00 -100.00
 269    64.075 57321.32613504 50.76 208.260436  65.106136  6.374 -100.00 -100.00 -100.00
 269    64.139 57321.32613563 49.75 208.266406  65.106889 15.313 -100.00 -100.00 -100.00
 269    64.313 57321.32613623 47.81 208.272377  65.107641   -100 -100.00 -100.00 -100.00
 274    65.157 57370.90435577 27.12 208.265034  65.104882 23.414 -100.00 -100.00 -100.00
 274    65.071 57370.90435636 27.79 208.271006  65.105634 27.852 -100.00 -100.00 -100.00
 274    65.251 57370.90435695 26.90 208.276977  65.106386 24.683 -100.00 -100.00 -100.00
 274    65.158 57370.90435754 27.88 208.282949  65.107138 27.386 -100.00 -100.00 -100.00
 275    65.160 57380.81999539 19.03 208.266315  65.104729  9.559 -100.00 -100.00 -100.00
 275    65.199 57380.81999598 19.29 208.272286  65.105482  8.675 -100.00 -100.00 -100.00
 275    65.196 57380.81999657 18.70 208.278258  65.106234  8.930 -100.00 -100.00 -100.00
 276    65.041 57390.73563345 21.78 208.259812  65.105471 13.156 -100.00 -100.00 -100.00
 276    65.193 57390.73563404 19.26 208.265783  65.106223  8.522 -100.00 -100.00 -100.00
 276    65.141 57390.73563463 19.96 208.271755  65.106976 10.957 -100.00 -100.00 -100.00
 276    65.063 57390.73563522 20.64 208.277726  65.107728 12.176 -100.00 -100.00 -100.00
 286    65.179 57489.89206748 37.47 208.262693  65.106279   -100 -100.00 -100.00 -100.00
 286    65.196 57489.89206807 37.08 208.268664  65.107032 30.938 -100.00 -100.00 -100.00
 286    65.212 57489.89206866 40.78 208.274636  65.107784   -100 -100.00 -100.00 -100.00
 287    64.794 57499.80770002 35.49 208.260510  65.104975 31.851 -100.00 -100.00 -100.00
 287    64.872 57499.80770061 37.37 208.266480  65.105728   -100 -100.00 -100.00 -100.00
 287    64.708 57499.80770120 37.83 208.272451  65.106480   -100 -100.00 -100.00 -100.00
 287    64.658 57499.80770179 39.93 208.278422  65.107233   -100 -100.00 -100.00 -100.00
 288   131.370 57509.72334473 14.85 208.262159  65.105809 10.296 -100.00 -100.00 -100.00
 288   130.195 57509.72334532 17.01 208.268130  65.106561 15.145 -100.00 -100.00 -100.00
 288   129.306 57509.72334591 17.01 208.274101  65.107314 12.803 -100.00 -100.00 -100.00
 291    64.310 57539.47030303 54.05 208.258401  65.105730 29.195 -100.00 -100.00 -100.00
 291    64.525 57539.47030362 50.81 208.264371  65.106482   -100 -100.00 -100.00 -100.00
 291    64.444 57539.47030421 53.83 208.270342  65.107235 25.064 -100.00 -100.00 -100.00
 291    64.628 57539.47030480 51.58 208.276312  65.107987  4.226 -100.00 -100.00 -100.00
 292    64.718 57549.38595037 52.93 208.260814  65.104883   -100 -100.00 -100.00 -100.00
 292    64.637 57549.38595096 52.70 208.266783  65.105635  7.907 -100.00 -100.00 -100.00
 292    64.829 57549.38595155 51.13 208.272754  65.106387   -100 -100.00 -100.00 -100.00
 292    64.882 57549.38595214 54.58 208.278724  65.107139  7.585 -100.00 -100.00 -100.00
 293    64.821 57559.30159680 53.07 208.266702  65.105476   -100 -100.00 -100.00 -100.00
 293    64.656 57559.30159739 53.40 208.272672  65.106228 22.410 -100.00 -100.00 -100.00
 293    64.661 57559.30159798 55.80 208.278643  65.106980 20.117 -100.00 -100.00 -100.00
 294    64.852 57569.21724150 41.27 208.260777  65.106006   -100 -100.00 -100.00 -100.00
 294    64.807 57569.21724209 43.40 208.266748  65.106758   -100 -100.00 -100.00 -100.00
 294    64.852 57569.21724268 44.14 208.272718  65.107511   -100 -100.00 -100.00 -100.00
