# NaN NaN NaN ;Mean Elev.(m), Avg Gradient(m/km), RMS Gradient(m/km) - SRTM1     
#   17.853  -5.382  28.088 ;Mean Elev.(m), Avg Gradient(m/km), RMS Gradient(m/km) - ASTER GDEM
#    8.216  -5.783  27.073 ;Mean Elev.(m), Avg Gradient(m/km), RMS Gradient(m/km) - GMTED2010 
   1 198.801053  61.877009    66.928    61.342  3 54661.12797248  9.871
   3 198.800299  61.877158    13.746    13.840  3 54680.95926165 20.610
   4 198.806287  61.876800    14.057    14.087  3 54690.87490499 22.411
   5 198.806773  61.877785    13.205    13.216  3 54700.79054541 42.747
   6 198.805397  61.876989    12.507    12.577  3 54710.70619171 40.910
   7 198.798745  61.876344    12.414    12.411  3 54720.62184248 50.178
   8 198.795048  61.874705    13.980    13.980  2 54730.53749096 20.963
   9 198.792859  61.874238    11.837    11.030  3 54740.45313775 24.136
  10 198.794339  61.873941    10.810    10.749  3 54750.36878480 27.510
  11 198.794111  61.874471    10.456    10.456  2 54760.28443141 46.921
  12 198.794054  61.874459    12.370    12.161  3 54770.20007572 39.370
  13 198.792827  61.874427    11.251    11.415  3 54780.11571666 35.353
  14 198.792971  61.873946    11.203    11.083  3 54790.03135527 33.606
  15 198.793256  61.874517    10.913    10.890  3 54799.94699278 24.071
  16 198.798151  61.874740    10.877    10.874  3 54809.86263091 27.864
  17 198.800634  61.876146    10.927    10.953  3 54819.77826967 18.934
  18 198.801576  61.875933    12.437    12.962  3 54829.69392218 12.877
  19 198.798720  61.876180    12.941    13.316  3 54839.60956077 10.790
  20 198.798225  61.875816    11.797    11.581  3 54849.52520986 14.006
  21 198.800507  61.875430    13.727    13.822  3 54859.44085868 10.957
  22 198.798078  61.876631    13.048    13.494  3 54869.35650697 11.309
  23 198.798430  61.875939    14.989    14.950  3 54879.27215468 12.431
  24 198.795448  61.875181    15.026    15.074  3 54889.18779897 15.710
  26 198.790825  61.873559    15.563    15.563  2 54909.01907904 12.975
  28 198.795261  61.874772    15.137    15.137  2 54928.85035472 12.790
  29 198.796833  61.874892    15.361    15.361  2 54938.76599167 13.225
  30 198.795754  61.875041    10.156    10.078  3 54948.68162669 40.870
  31 198.795375  61.874824    13.989    14.756  3 54958.59726353 33.643
  32 198.796472  61.874220    16.465    16.646  3 54968.51291224 42.212
  33 198.795793  61.875216    77.436    81.076  3 54978.42855943  2.993
  35 198.799322  61.875099    60.737    60.754  3 54998.25985449 24.201
  36 198.799468  61.875030    16.139    16.279  3 55008.17550016 30.227
  37 198.798935  61.875441    15.934    15.985  3 55018.09114381 30.706
  38 198.801345  61.875620    15.766    15.879  3 55028.00678641 30.819
  39 198.803885  61.876104    15.875    15.880  3 55037.92242853 29.513
  40 198.801873  61.877645    68.550    69.365  3 55047.83806905  3.496
  41 198.803814  61.876611    60.222    61.151  3 55057.75370827 22.363
  42 198.798961  61.876158    11.006    11.059  3 55067.66934567 47.364
  43 198.796259  61.874070    12.810    11.560  3 55077.58499592 34.351
  44 198.792355  61.874073    11.336    11.336  2 55087.50064329 36.121
  45 198.794391  61.874136    13.279    13.279  2 55097.41628954 31.147
  46 198.797083  61.874434    49.914    60.668  3 55107.33193534  6.258
  47 198.795251  61.874731    10.892    10.905  3 55117.24758008 50.331
  48 198.791755  61.874193     9.845     9.832  3 55127.16322247 46.326
  49 198.790992  61.873142    12.600    14.542  3 55137.07886291 30.321
  50 198.790603  61.873828    11.233     9.723  3 55146.99450138 30.264
  51 198.797771  61.874234    12.880    13.962  3 55156.91013995 18.006
  52 198.801366  61.875538    12.456    13.966  3 55166.82577812 19.204
  53 198.802341  61.876568    13.784    13.817  3 55176.74141572 26.277
  54 198.799209  61.876897     9.797     9.822  3 55186.65705834 32.447
  55 198.800738  61.875277    78.292    78.321  3 55196.57270972  3.833
  56 198.800542  61.875397    77.884    77.744  3 55206.48835948  1.217
  57 198.800556  61.876542    77.603    77.603  2 55216.40400848  0.913
  58 198.799426  61.877058    14.130    14.111  3 55226.31965683 22.364
  60 198.794896  61.873613    11.240     9.790  3 55246.15094557 22.749
  61 198.788332  61.873183    71.054    75.638  3 55256.06658509  2.323
  63 198.794140  61.874295    11.650    10.502  3 55275.89786260 24.169
  64 198.796203  61.875953    14.568    14.418  3 55285.81349991 23.059
  65 198.798153  61.875690    14.824    14.781  3 55295.72913543 19.688
  66 198.793997  61.874903    83.992    81.845  3 55305.64477479  0.684
  67 198.790567  61.873638    15.235    14.981  3 55315.56042174 31.549
  68 198.791741  61.873697     9.872     9.802  3 55325.47606734 45.081
  69 198.796021  61.874828    15.806    15.782  3 55335.39171183 38.306
  71 198.800212  61.876058    12.137    12.137  2 55355.22299872 39.542
  72 198.797321  61.876390    14.671    14.734  3 55365.13863925 23.526
  73 198.800629  61.875208    14.337    14.216  3 55375.05427897 24.596
  74 198.799267  61.876824    12.179    12.197  3 55384.96991692 43.807
  75 198.802094  61.877681    13.886    13.617  3 55394.88555452 21.108
  76 198.806187  61.877616    66.692    66.027  3 55404.80119405  9.549
  77 198.801574  61.876783    13.222    13.129  3 55414.71684535 30.120
  78 198.796926  61.874607    13.317    13.328  3 55424.63249369 35.394
  79 198.790540  61.873652    13.766    13.859  3 55434.54813906 50.707
  80 198.790405  61.873374    13.692    13.692  2 55444.46378336 23.528
  81 198.794386  61.873945    60.520    60.520  2 55454.37942675 20.689
  82 198.795819  61.875774    20.542    14.801  3 55464.29506897 14.637
  83 198.798986  61.875194    57.052    56.458  3 55474.21070906 24.082
  84 198.795405  61.874713     9.655     9.655  2 55484.12634562 46.293
  85 198.793189  61.873715     8.338     8.322  3 55494.04198030 40.257
  86 198.796190  61.873932     9.434     9.432  3 55503.95761425 38.966
  87 198.796361  61.875949     9.221     9.253  3 55513.87326264 33.426
  88 198.801520  61.876578    56.355    56.107  3 55523.78891273 22.067
  90 198.801351  61.875530    12.054    12.844  3 55543.62020698 21.094
  91 198.797911  61.875340    12.145    12.772  3 55553.53585085 18.284
  92 198.797434  61.875741     9.686     9.329  3 55563.45149372 16.488
  93 198.799057  61.876615    14.239    14.241  3 55573.36713606 11.734
  94 198.803424  61.875816    14.252    14.179  3 55583.28277746 11.158
  95 198.801228  61.875371     9.102     9.113  3 55593.19841484 14.967
  96 198.794940  61.875423    13.438    13.594  3 55603.11404846 13.799
  97 198.796562  61.874137    14.147    14.072  3 55613.02968093 12.112
  98 198.797464  61.874757    13.776    13.775  3 55622.94531700 14.236
  99 198.799062  61.875021    13.824    13.697  3 55632.86097009 13.400
 100 198.797672  61.875955    12.458    13.515  3 55642.77662058 13.872
 101 198.796318  61.875745    13.462    13.328  3 55652.69226835 13.244
 102 198.795887  61.873908    14.704    14.717  3 55662.60791214 11.307
 103 198.793679  61.873312    10.686     8.502  3 55672.52355252 17.515
 104 198.793418  61.874029    14.712    14.712  2 55682.43919136 29.225
 105 198.799910  61.874913     9.921     9.940  3 55692.35482921 35.654
 106 198.800940  61.877582    13.759    13.709  3 55702.27046475 32.690
 107 198.806754  61.876844    58.332    58.728  3 55712.18610802 19.175
 108 198.806214  61.875692    71.717    71.717  2 55722.10175757  8.836
 109 198.800586  61.876112    13.964    13.964  2 55732.01740449 25.779
 110 198.798264  61.876371    13.741    13.674  3 55741.93305053 21.981
 111 198.800352  61.875842    13.965    13.974  3 55751.84869583 25.699
 112 198.800753  61.875578    13.951    13.992  3 55761.76433864 50.878
 113 198.797944  61.875574    13.763    13.763  2 55771.67997828 21.984
 114 198.795920  61.874653    13.610    13.606  3 55781.59561459 22.570
 115 198.796591  61.874175    13.731    13.757  3 55791.51124840 29.220
 116 198.796193  61.875681    13.679    13.523  3 55801.42688057 23.651
 117 198.799586  61.875324    33.258    33.258  2 55811.34253098  7.857
 118 198.801446  61.875251    12.477    12.382  3 55821.25817968 48.581
 119 198.794610  61.876969    81.018    81.018  2 55831.17382263  1.045
 120 198.797378  61.875107    12.902    13.321  3 55841.08946231 24.541
 121 198.795998  61.875034    10.918    10.918  2 55851.00509843 38.550
 122 198.799969  61.875363     9.943     9.963  3 55860.92073303 50.225
 123 198.800842  61.876082     9.691     9.674  3 55870.83638555 33.873
 124 198.802855  61.876665     9.420     9.401  3 55880.75203624 34.913
 125 198.805078  61.876400     9.958    10.056  3 55890.66768039 27.242
 126 198.805349  61.876337    10.085    10.075  3 55900.58331845 23.722
 127 198.803298  61.877446    13.875    13.892  3 55910.49895139 13.618
 128 198.802326  61.876708    13.341    12.912  3 55920.41460457 16.455
 129 198.801351  61.875987    14.242    14.077  3 55930.33025679 13.824
 130 198.797835  61.875520    14.699    14.747  3 55940.24590490 12.047
 131 198.795359  61.874236    14.972    14.972  2 55950.16154856 10.535
 132 198.793461  61.873765    14.822    14.822  2 55960.07718809 10.116
 134 198.796955  61.875132    14.162    14.162  2 55979.90846206 11.440
 136 198.799539  61.875707    15.322    15.322  2 55999.73974134  9.205
 137 198.797918  61.874462    15.664    15.704  3 56009.65539223  8.407
 138 198.793273  61.874778    13.629    12.982  3 56019.57103852 13.033
 139 198.795064  61.874326     8.153     8.169  3 56029.48668245 19.034
 140 198.797396  61.874969     9.552     9.552  2 56039.40232437 25.693
 141 198.801470  61.875467    12.322    12.947  3 56049.31796442 29.406
 142 198.803130  61.876620    13.034    12.583  3 56059.23360149 33.842
 143 198.805505  61.876894    15.402    15.447  3 56069.14923608 50.847
 145 198.800774  61.876468    68.918    61.828  3 56088.98053521 14.529
 146 198.802309  61.876104    14.969    14.973  3 56098.89618137 28.969
 147 198.799346  61.876511    14.659    14.635  3 56108.81182470 43.477
 148 198.798319  61.875497    14.066    14.037  3 56118.72745393 23.634
 149 198.795799  61.874904    67.558    67.558  2 56128.64309088 23.975
 151 198.796433  61.874723    13.467    13.467  2 56148.47437225 46.133
 152 198.796636  61.875894    13.805    13.757  3 56158.39002113 22.498
 153 198.799772  61.875537    59.362    59.836  3 56168.30566932 20.275
 154 198.799307  61.874651    14.421    14.820  3 56178.22131431 25.531
 155 198.794972  61.874595    13.634    13.634  2 56188.13695438 38.559
 156 198.793794  61.874695    15.061    15.257  3 56198.05259131 23.058
 157 198.798245  61.875403    15.463    15.463  2 56207.96822589 23.549
 158 198.801180  61.877719    14.846    14.914  3 56217.88385858 26.666
 159 198.804111  61.878359    10.433    10.411  3 56227.79950322 43.675
 160 198.803843  61.877398    13.136    14.099  3 56237.71515777 31.354
 161 198.802586  61.876091    78.788    78.943  3 56247.63080840  1.326
 162 198.801349  61.875545    11.500    11.262  3 56257.54645389 23.591
 163 198.802207  61.875938    11.081    10.995  3 56267.46209605 23.044
 164 198.800417  61.877280    12.264    12.374  3 56277.37773614 17.927
 165 198.799806  61.876737    13.517    13.557  3 56287.29338408 15.319
 166 198.797573  61.874813    13.536    13.568  3 56297.20903341 14.783
 167 198.792773  61.873481    13.513    13.513  2 56307.12467849 16.195
 168 198.790066  61.873299    13.978    13.937  3 56317.04032082 11.719
 169 198.794776  61.873668    13.961    13.995  3 56326.95596231 11.573
 170 198.798672  61.875237    13.998    13.956  3 56336.87160264 10.580
 171 198.802200  61.875787    14.459    14.496  3 56346.78724151 10.511
 172 198.799482  61.876057    14.298    14.364  3 56356.70287733 10.556
 173 198.795517  61.874538    12.562    12.429  3 56366.61852509 12.017
 176 198.798674  61.876461    11.269    10.647  3 56396.36546291 15.411
 177 198.801077  61.877639     9.835     9.858  3 56406.28110428 31.602
 178 198.803140  61.877370    15.362    15.366  3 56416.19674229 22.703
 179 198.805179  61.876258    13.063    14.465  3 56426.11237567 33.491
 180 198.799633  61.876183    10.162    10.292  3 56436.02802496 44.184
 181 198.799010  61.875658    59.732    59.732  2 56445.94367679 22.750
 182 198.799785  61.876069    16.296    16.296  2 56455.85932632 38.702
 183 198.798024  61.876259    15.737    15.777  3 56465.77497259 34.466
 184 198.795031  61.875387    14.776    14.891  3 56475.69061505 33.016
 185 198.791885  61.874184    65.009    56.007  3 56485.60625399 12.034
 186 198.791519  61.873910    14.495    14.304  3 56495.52189011 22.881
 187 198.796390  61.874859    12.829    12.872  3 56505.43752482 51.302
 188 198.802815  61.876845    64.210    64.210  2 56515.35315801 16.019
 189 198.803471  61.877017    12.290    12.350  3 56525.26881173 49.460
 190 198.801360  61.875803    60.530    60.720  3 56535.18446243 21.519
 192 198.794291  61.874084    57.005    57.005  2 56555.01575324 27.696
 193 198.795189  61.875602    14.720    14.994  3 56564.93139595 21.429
 194 198.803863  61.876206    14.258    13.889  3 56574.84703819 28.244
 195 198.807860  61.877398    14.986    15.180  3 56584.76267708 28.397
 196 198.807648  61.877828    13.192    13.206  3 56594.67831281 49.771
 197 198.803143  61.876280    10.653    10.614  3 56604.59396565 49.211
 198 198.798817  61.875525     9.204     9.175  3 56614.50961356 45.447
 199 198.799267  61.875521    12.778    14.466  3 56624.42525790 31.759
 200 198.800024  61.876193    58.125    57.024  3 56634.34089935 15.705
 201 198.802771  61.876393    13.282    13.024  3 56644.25653615 25.920
 202 198.797424  61.875644    13.313    13.443  3 56654.17218866 20.144
 203 198.794007  61.874014    13.210    13.210  2 56664.08783722 15.419
 204 198.792403  61.873160    13.140    13.616  3 56674.00348324 14.414
 205 198.791913  61.874500    10.060    10.068  3 56683.91912797 46.873
 206 198.797780  61.875137    11.897    11.897  2 56693.83477131 26.329
 210 198.794467  61.874352    14.696    14.696  2 56733.49734281 16.695
 211 198.797197  61.874829    10.810    10.381  3 56743.41299012 21.300
 212 198.799299  61.877010    12.075    13.835  3 56753.32863282 24.044
 213 198.806881  61.877101    15.366    15.502  3 56763.24427087 32.294
 214 198.806531  61.877662     9.311     9.429  3 56773.15990370 40.591
 215 198.798526  61.876851     9.864     9.812  3 56783.07556058 47.008
 216 198.796299  61.875109    46.550    46.550  2 56792.99121449  1.877
 217 198.794433  61.874760    14.026    14.025  3 56802.90686554 24.484
 218 198.797679  61.874501    60.981    60.305  3 56812.82250914 21.246
 221 198.797184  61.874589    14.429    14.456  3 56842.56941638 26.043
 223 198.796946  61.874740    14.690    14.697  3 56862.40071029 42.287
 224 198.796791  61.875497    14.710    14.792  3 56872.31636367 50.755
 225 198.798754  61.875091    60.170    60.501  3 56882.23201430 17.653
 226 198.798567  61.874584    13.032    13.037  3 56892.14766114 41.236
 227 198.794760  61.874588    13.398    13.426  3 56902.06330457 24.118
 228 198.793543  61.875068    13.281    13.222  3 56911.97894631 22.852
 229 198.799147  61.874958    14.026    13.714  3 56921.89458720 23.329
 230 198.803503  61.876203    64.991    57.972  3 56931.81022562 14.201
 231 198.804139  61.877922    11.625    11.490  3 56941.72585848 46.001
 232 198.806040  61.877077    10.545    10.498  3 56951.64150079 44.647
 233 198.801241  61.876220    10.032     9.983  3 56961.55715170 44.274
 234 198.798990  61.875503    59.277    59.252  3 56971.47279781 19.969
 235 198.798883  61.875544    10.083    10.078  3 56981.38843989 33.780
 236 198.799746  61.876043    10.260    10.260  2 56991.30407754 39.280
 237 198.799754  61.876877    57.451    57.094  3 57001.21970871  4.071
 238 198.797821  61.875197    10.507    10.507  2 57011.13536628 28.230
 239 198.796187  61.874032    57.567    57.607  3 57021.05101800 20.167
 240 198.792245  61.875123    68.378    68.378  2 57030.96666644  3.714
 241 198.795611  61.874926    10.188    10.188  2 57040.88231391 35.850
 244 198.799714  61.875795    11.839    11.839  2 57070.62923545 20.114
 245 198.800891  61.876340    55.952    55.952  2 57080.54486644 10.665
 246 198.805437  61.876049    11.531    11.531  2 57090.46050762 23.288
 247 198.800858  61.877553     9.400     9.116  3 57100.37616472 22.078
 248 198.801418  61.877505    14.502    14.654  3 57110.29181935 20.441
 249 198.800304  61.877194    12.337    11.429  3 57120.20746827 35.461
 250 198.800746  61.875766    15.227    15.122  3 57130.12311165 27.863
 251 198.798276  61.876091    14.992    14.976  3 57140.03874927 34.181
 252 198.802468  61.875807    63.063    63.413  3 57149.95438412 21.914
 253 198.804506  61.876744    14.552    14.563  3 57159.87001571 39.863
 254 198.803008  61.875972    61.899    60.403  3 57169.78566789 24.166
 255 198.796687  61.875450    15.416    15.358  3 57179.70132304 42.857
 256 198.794271  61.874140    14.291    14.376  3 57189.61697459 25.539
 257 198.792282  61.874503    12.688    12.185  3 57199.53262225 26.116
 258 198.799354  61.873645    12.593    12.593  2 57209.44825710 26.065
 259 198.797908  61.875546    12.434    12.434  2 57219.36390079 27.450
 260 198.797696  61.876059    59.564    59.600  3 57229.27954371 22.615
 261 198.796827  61.876208    12.897    13.028  3 57239.19518438 22.265
 262 198.797132  61.876234    57.600    57.630  3 57249.11082216 17.831
 263 198.800308  61.876635    13.554    14.022  3 57259.02645783 20.011
 264 198.803642  61.877966    57.808    58.336  3 57268.94209220 18.366
 265 198.805536  61.878385    14.598    14.582  3 57278.85774285 23.607
 266 198.806369  61.877416    60.154    60.356  3 57288.77339904 23.061
 267 198.803820  61.876168    13.524    13.620  3 57298.68905209 51.215
 268 198.799383  61.875182    58.569    58.478  3 57308.60470129 25.215
 270 198.797295  61.874863    43.839    36.029  3 57328.43598964  5.999
 271 198.798935  61.875754     9.915     9.915  2 57338.35163012 46.585
 272 198.797850  61.875471     9.867     9.838  3 57348.26727849 31.517
 273 198.795434  61.874378    10.834     9.633  3 57358.18292453 23.876
 274 198.793559  61.873196    10.696     9.757  3 57368.09856737 18.630
 275 198.792308  61.873892    10.833     9.945  3 57378.01420722 17.088
 276 198.795616  61.875621    56.030    56.030  2 57387.92984578 17.545
 277 198.801135  61.876940     9.963     9.983  3 57397.84548382 29.634
 278 198.803844  61.877568    11.638    12.692  3 57407.76112021 25.534
 279 198.800306  61.876424     9.358     9.414  3 57417.67677277 28.666
 280 198.799187  61.874835     9.054     9.070  3 57427.59242369 27.104
 281 198.796565  61.875665     8.788     8.768  3 57437.50807142 24.933
 282 198.801294  61.876313     8.896     8.904  3 57447.42371832 24.662
 283 198.802505  61.877843     8.459     8.491  3 57457.33936372 25.853
 284 198.803949  61.877610    10.158     9.280  3 57467.25500677 23.285
 285 198.802166  61.876658     8.418     8.363  3 57477.17064566 28.513
 286 198.801067  61.875316     8.645     8.603  3 57487.08628146 33.407
 287 198.801314  61.875398     9.067     8.975  3 57497.00191506 41.651
 288 198.802378  61.876982     9.023     9.094  3 57506.91755249 43.029
 289 198.801854  61.877065    60.370    60.524  3 57516.83320881 22.004
 290 198.802410  61.875825    14.211    14.095  3 57526.74886260 25.389
 291 198.796257  61.875001    59.658    59.658  2 57536.66451315 17.739
 292 198.793060  61.873638    59.376    59.376  2 57546.58016129 20.823
 293 198.792334  61.873610    59.417    59.417  2 57556.49580774 18.407
 294 198.794590  61.875148    57.568    58.327  3 57566.41145292  3.999
 297 198.800226  61.875835    14.187    14.183  3 57596.15838227 34.123
