-138712.007   -32.014     0.00    0.00
-138424.904   -32.014     0.00    0.00
-138137.788   -32.014     0.00    0.00
-137850.659   -32.014     0.00    0.00
-137563.517   -32.014     0.00    0.00
-137276.363   -32.014     0.00    0.00
-136989.195   -31.976     0.13    0.36
-136702.014   -30.881     3.81    4.85
-136414.821   -25.114    20.08   16.51
-136127.615   -19.186    20.64   21.90
-135840.395   -14.068    17.82   25.18
-135553.163    -7.488    22.91   27.50
-135265.918    -2.244    18.26   27.19
-134978.660     1.471    12.93   24.56
-134691.389     1.749     0.97   21.80
-134404.105     0.775    -3.39   18.21
-134116.808     2.501     6.01   16.99
-133829.498     4.911     8.39   17.32
-133542.176     8.075    11.01   20.48
-133254.840     8.824     2.61   21.28
-132967.492    12.866    14.07   23.44
-132680.130    15.554     9.35   24.04
-132392.756    20.613    17.61   25.82
-132105.369    24.645    14.03   27.53
-131817.968    32.248    26.46   29.89
-131530.555    37.558    18.47   29.11
-131243.129    42.714    17.94   30.01
-130955.690    49.512    23.65   32.03
-130668.238    59.670    35.33   32.13
-130380.773    67.818    28.34   29.52
-130093.295    72.912    17.72   27.92
-129805.804    79.520    22.99   28.09
-129518.300    84.770    18.26   28.02
-129230.783    90.796    20.96   27.24
-128943.253    96.358    19.34   27.12
-128655.710   104.622    28.74   26.03
-128368.155   113.147    29.65   28.11
-128080.586   121.637    29.52   28.98
-127793.004   129.583    27.63   31.86
-127505.409   140.520    38.03   34.60
-127217.802   154.371    48.16   32.87
-126930.181   166.131    40.88   31.06
-126642.547   178.522    43.08   35.11
-126354.901   195.425    58.76   44.89
-126067.241   216.205    72.23   50.45
-125779.569   233.085    58.68   50.45
-125491.883   242.467    32.61   45.62
-125204.185   249.663    25.01   44.82
-124916.473   253.630    13.79   45.99
-124628.748   259.696    21.08   44.96
-124341.011   254.670   -17.47   45.26
-124053.260   253.940    -2.54   39.99
-123765.497   251.500    -8.48   38.88
-123477.720   251.023    -1.66   34.06
-123189.931   247.672   -11.64   33.27
-122902.128   244.862    -9.77   33.97
-122614.313   242.933    -6.70   35.56
-122326.484   238.809   -14.33   37.46
-122038.642   232.873   -20.62   40.63
-121750.788   224.404   -29.42   41.70
-121462.920   219.170   -18.18   42.19
-121175.762   216.277   -10.08   46.49
-120890.563   221.122    16.99   51.57
-120605.351   216.489   -16.24   56.06
-120320.128   219.680    11.19   59.86
-120034.892   225.043    18.80   64.14
-119749.645   230.848    20.35   64.37
-119464.386   228.625    -7.79   64.99
-119179.114   219.670   -31.39   67.55
-118893.831   207.760   -41.75   69.71
-118608.536   183.933   -83.51   74.37
-118323.229   158.307   -89.82   67.80
-118037.910   136.568   -76.19   57.46
-117752.579   126.886   -33.93   46.90
-117467.236   124.692    -7.69   43.93
-117181.881   138.486    48.34   54.94
-116896.514   153.621    53.04   59.42
-116611.135   172.778    67.13   58.73
-116325.744   191.602    65.95   50.16
-116040.341   203.963    43.31   39.78
-115754.926   207.635    12.87   36.73
-115469.499   206.978    -2.30   32.94
-115184.060   207.595     2.16   29.56
-114898.609   210.963    11.80   31.55
-114613.146   213.172     7.74   31.97
-114327.671   213.593     1.47   36.07
-114042.184   213.863     0.94   38.92
-113756.685   217.538    12.87   44.13
-113471.174   212.516   -17.59   43.58
-113185.652   199.234   -46.52   40.49
-112900.117   184.589   -51.29   42.91
-112614.570   172.819   -41.22   44.70
-112329.011   165.743   -24.78   43.99
-112043.440   161.652   -14.32   43.31
-111757.857   169.778    28.45   53.05
-111472.262   181.842    42.24   63.51
-111186.655   205.206    81.80   71.73
-110901.036   226.098    73.14   69.28
-110615.405   243.725    61.71   55.85
-110329.762   256.901    46.13   50.27
-110044.107   268.431    40.36   53.82
-109758.440   266.798    -5.72   56.36
-109472.761   257.136   -33.82   61.38
-109187.070   249.393   -27.10   57.90
-108901.367   244.117   -18.47   57.81
-108615.652   237.751   -22.28   56.78
-108329.925   224.393   -46.75   56.22
-108044.185   214.433   -34.86   52.27
-107758.434   211.068   -11.77   50.49
-107472.671   213.329     7.91   48.07
-107186.895   211.688    -5.74   44.54
-106901.108   213.136     5.07   43.59
-106615.309   221.848    30.48   46.92
-106329.497   232.508    37.29   49.55
-106043.674   248.278    55.17   56.32
-105757.838   265.662    60.82   62.31
-105471.990   287.137    75.13   64.46
-105186.131   307.537    71.36   58.55
-104900.259   322.558    52.54   50.97
-104614.375   328.114    19.43   47.02
-104328.479   324.851   -11.41   46.23
-104042.571   325.142     1.02   42.38
-103756.651   320.452   -16.40   41.18
-103470.719   317.532   -10.21   39.05
-103184.775   319.874     8.19   43.22
-102898.819   329.319    33.03   44.56
-102612.851   342.073    44.60   44.00
-102326.870   354.864    44.73   41.41
-102040.878   364.439    33.48   40.26
-101754.874   367.243     9.80   39.67
-101468.857   360.214   -24.58   41.76
-101182.828   349.909   -36.03   42.95
-100896.788   337.881   -42.05   39.86
-100610.735   327.814   -35.19   40.18
-100324.670   316.549   -39.38   41.25
-100038.593   305.456   -38.77   41.80
 -99752.504   302.543   -10.18   43.53
 -99466.403   298.854   -12.89   43.46
 -99180.289   289.743   -31.84   41.36
 -98894.164   281.544   -28.66   38.43
 -98608.027   277.640   -13.64   36.17
 -98321.877   278.699     3.70   38.86
 -98035.715   287.856    32.00   46.18
 -97749.542   301.745    48.53   56.70
 -97463.356   313.291    40.34   57.82
 -97177.158   324.822    40.29   51.08
 -96890.948   331.121    22.01   46.60
 -96604.725   329.554    -5.48   49.37
 -96318.491   321.608   -27.76   56.27
 -96032.245   313.933   -26.81   60.05
 -95745.986   299.540   -50.28   64.01
 -95459.715   289.161   -36.26   64.97
 -95173.433   288.088    -3.75   64.04
 -94887.138   292.084    13.96   60.34
 -94600.831   293.993     6.67   58.15
 -94314.511   293.505    -1.71   55.65
 -94028.180   277.453   -56.06   53.66
 -93741.837   258.016   -67.88   58.41
 -93455.481   235.555   -78.44   66.37
 -93169.113   208.001   -96.22   62.40
 -92882.734   183.919   -84.09   55.40
 -92596.342   166.941   -59.28   44.44
 -92309.938   160.266   -23.31   40.86
 -92023.521   163.971    12.94   52.76
 -91737.093   181.683    61.83   69.41
 -91450.652   197.460    55.08   75.40
 -91164.200   218.804    74.51   81.54
 -90877.735   246.949    98.25   81.04
 -90591.258   259.334    43.23   74.51
 -90304.769   266.336    24.44   70.83
 -90018.267   274.652    29.03   71.35
 -89731.754   283.201    29.83   70.03
 -89445.228   293.299    35.24   69.85
 -89158.690   295.911     9.11   66.03
 -88872.140   301.738    20.33   63.14
 -88585.578   313.859    42.30   64.50
 -88299.004   329.846    55.79   65.25
 -88012.417   330.848     3.50   62.47
 -87725.819   338.927    28.19   56.64
 -87439.208   341.783     9.96   49.43
 -87152.585   346.086    15.01   47.58
 -86865.950   344.086    -6.98   46.36
 -86579.302   340.295   -13.23   49.27
 -86292.643   334.675   -19.60   48.89
 -86005.971   332.254    -8.44   46.30
 -85719.287   340.595    29.09   49.33
 -85432.591   355.926    53.47   57.07
 -85145.883   380.448    85.53   66.29
 -84859.162   401.663    73.99   69.66
 -84572.430   419.912    63.64   67.87
 -84285.685   434.531    50.98   59.93
 -83998.928   446.132    40.45   50.68
 -83712.158   457.599    39.99   45.62
 -83425.377   465.059    26.01   50.20
 -83138.583   466.842     6.22   58.25
 -82851.777   464.438    -8.38   61.14
 -82564.959   469.886    18.99   62.87
 -82278.129   472.015     7.42   62.19
 -81991.287   476.895    17.01   60.65
 -81704.432   467.219   -33.73   69.98
 -81417.565   448.986   -63.56   73.82
 -81130.686   421.130   -97.10   72.68
 -80843.794   395.774   -88.38   68.37
 -80556.891   373.205   -78.66   60.20
 -80269.975   353.934   -67.16   53.11
 -79983.047   341.690   -42.67   43.36
 -79696.107   340.186    -5.24   43.13
 -79409.154   348.402    28.63   56.17
 -79122.189   360.292    41.43   68.18
 -78835.212   369.364    31.61   72.62
 -78548.223   382.276    44.99   73.92
 -78261.222   386.948    16.28   70.78
 -77974.208   393.784    23.82   67.27
 -77687.182   399.743    20.76   63.33
 -77400.144   407.284    26.27   56.11
 -77113.094   414.522    25.22   48.18
 -76826.031   426.535    41.85   42.42
 -76538.956   437.625    38.63   42.70
 -76251.869   456.213    64.75   55.23
 -75964.770   478.533    77.74   68.77
 -75677.658   494.804    56.67   73.31
 -75390.534   517.094    77.63   76.10
 -75103.398   531.520    50.24   73.47
 -74816.249   544.067    43.69   72.74
 -74529.089   553.040    31.25   68.05
 -74241.916   554.089     3.66   68.58
 -73954.731   558.542    15.50   71.73
 -73667.533   557.699    -2.94   73.23
 -73380.323   544.971   -44.32   74.84
 -73093.101   523.911   -73.32   76.61
 -72805.867   489.863  -118.53   78.10
 -72518.620   467.925   -76.37   77.93
 -72231.362   455.935   -41.74   73.56
 -71944.090   447.986   -27.67   67.36
 -71656.807   445.734    -7.84   59.49
 -71369.511   447.668     6.73   57.91
 -71082.203   456.670    31.33   62.43
 -70794.883   460.205    12.31   61.41
 -70507.550   454.029   -21.49   68.47
 -70220.205   433.736   -70.62   66.94
 -69932.848   420.889   -44.71   63.08
 -69645.479   423.305     8.41   72.36
 -69358.097   437.008    47.68   82.83
 -69070.703   457.823    72.42   94.77
 -68783.297   487.647   103.77   99.86
 -68495.878   519.390   110.44   89.03
 -68208.447   531.160    40.95   85.22
 -67921.004   535.094    13.68   83.85
 -67633.548   525.561   -33.16   83.04
 -67346.080   513.174   -43.09   74.22
 -67058.600   496.084   -59.45   61.41
 -66771.108   494.807    -4.44   66.79
 -66483.603   495.886     3.76   75.19
 -66196.085   502.758    23.90   79.83
 -65908.556   526.948    84.13   83.86
 -65621.014   553.263    91.52   82.20
 -65333.460   570.623    60.37   72.18
 -65045.894   574.459    13.34   68.75
 -64758.315   564.406   -34.96   74.01
 -64470.724   544.381   -69.63   88.54
 -64183.120   506.545  -131.56  103.58
 -63895.504   463.274  -150.44  103.87
 -63607.876   425.556  -131.13   80.85
 -63320.236   404.602   -72.85   62.64
 -63032.583   397.964   -23.08   54.03
 -62744.918   412.902    51.93   69.09
 -62457.240   443.283   105.60   90.23
 -62169.550   496.467   184.86  105.89
 -61881.848   540.829   154.19  104.24
 -61594.134   575.538   120.63   94.64
 -61306.407   592.349    58.42   87.31
 -61018.667   604.438    42.01   93.88
 -60730.916   592.190   -42.56  106.49
 -60443.152   573.761   -64.04  114.98
 -60155.375   549.516   -84.25  106.43
 -59867.587   541.232   -28.78   97.66
 -59579.786   533.978   -25.20   88.13
 -59292.891   522.486   -40.06   86.16
 -59007.630   511.772   -37.56   81.35
 -58722.358   504.567   -25.26   82.19
 -58437.075   497.602   -24.41   86.02
 -58151.780   478.105   -68.34   86.19
 -57866.474   464.749   -46.81   80.18
 -57581.157   456.023   -30.58   73.19
 -57295.828   458.964    10.31   70.22
 -57010.488   464.377    18.97   76.07
 -56725.137   472.236    27.54   85.67
 -56439.774   483.747    40.34   92.53
 -56154.400   504.948    74.29   98.61
 -55869.015   525.904    73.43   99.63
 -55583.618   546.070    70.66   96.19
 -55298.210   557.355    39.54   85.77
 -55012.791   565.858    29.79   76.82
 -54727.360   581.302    54.11   69.92
 -54441.918   600.986    68.96   71.49
 -54156.465   620.957    69.96   76.76
 -53871.000   646.519    89.55   83.17
 -53585.524   678.211   111.01   90.91
 -53300.037   694.812    58.15  100.31
 -53014.538   711.039    56.84   99.30
 -52729.028   728.349    60.63   94.68
 -52443.506   742.304    48.88   89.12
 -52157.973   749.725    25.99   82.33
 -51872.429   743.789   -20.79   80.68
 -51586.874   721.670   -77.46   83.53
 -51301.307   697.615   -84.23   94.81
 -51015.728   667.880  -104.12  103.21
 -50730.139   623.602  -155.04  107.97
 -50444.537   572.642  -178.43   91.80
 -50158.925   542.236  -106.46   78.97
 -49873.301   510.726  -110.32   62.47
 -49587.666   500.868   -34.51   57.77
 -49302.019   501.642     2.71   63.66
 -49016.362   508.886    25.36   75.76
 -48730.692   540.551   110.84   98.07
 -48445.012   573.963   116.95  106.53
 -48159.319   608.086   119.44  105.99
 -47873.616   638.738   107.28   96.24
 -47587.901   646.008    25.45   92.17
 -47302.175   655.970    34.87   82.81
 -47016.437   648.586   -25.84   88.51
 -46730.688   633.667   -52.21   97.49
 -46444.928   619.555   -49.38   98.33
 -46159.156   587.752  -111.29  105.43
 -45873.373   568.024   -69.03  104.70
 -45587.578   536.051  -111.87  111.84
 -45301.772   506.401  -103.74  116.42
 -45015.955   475.363  -108.59  114.73
 -44730.126   447.504   -97.47  111.17
 -44444.286   420.236   -95.39  108.46
 -44158.434   391.781   -99.54  103.41
 -43872.571   366.895   -87.06   90.21
 -43586.696   345.808   -73.76   70.59
 -43300.810   338.516   -25.51   63.95
 -43014.913   347.718    32.19   72.15
 -42729.004   365.410    61.88   91.16
 -42443.084   398.508   115.76  112.00
 -42157.153   441.757   151.25  127.76
 -41871.210   471.008   102.30  120.74
 -41585.255   495.628    86.10  119.45
 -41299.290   493.895    -6.06  119.19
 -41013.312   479.387   -50.73  127.37
 -40727.324   462.534   -58.93  126.98
 -40441.324   431.979  -106.84  121.83
 -40155.312   403.045  -101.16  110.46
 -39869.289   372.956  -105.20  105.30
 -39583.255   345.536   -95.86   98.01
 -39297.209   326.083   -68.01   88.42
 -39011.151   309.853   -56.73   78.25
 -38725.083   291.372   -64.60   68.87
 -38439.003   273.549   -62.30   59.31
 -38152.911   260.637   -45.13   51.33
 -37866.808   248.971   -40.78   41.18
 -37580.693   238.541   -36.45   22.68
 -37294.567   236.210    -8.15   22.93
 -37008.430   238.957     9.60   34.42
 -36722.281   243.289    15.14   47.29
 -36436.121   249.840    22.89   56.44
 -36149.949   256.470    23.17   63.62
 -35863.766   274.689    63.66   81.41
 -35577.571   293.396    65.36   98.26
 -35291.365   317.070    82.71  110.52
 -35005.147   327.942    37.99  115.74
 -34718.918   330.859    10.19  112.31
 -34432.678   324.264   -23.04  110.10
 -34146.426   312.575   -40.83   93.87
 -33860.162   306.897   -19.83   85.42
 -33573.887   303.864   -10.60   77.40
 -33287.601   302.349    -5.29   69.86
 -33001.303   312.112    34.10   69.67
 -32714.993   344.772   114.07   72.26
 -32428.672   372.489    96.80   67.01
 -32142.340   395.159    79.17   67.05
 -31855.996   404.232    31.69   74.41
 -31569.641   419.769    54.26   87.01
 -31283.274   429.178    32.86  101.40
 -30996.896   419.512   -33.75  108.51
 -30710.506   415.384   -14.41  105.29
 -30424.105   418.267    10.07  101.83
 -30137.692   423.016    16.58   87.14
 -29851.268   414.621   -29.31   80.87
 -29564.832   405.092   -33.27   78.02
 -29278.385   409.856    16.63   77.42
 -28991.926   412.835    10.40   76.60
 -28705.456   405.426   -25.86   77.68
 -28418.974   383.270   -77.34   71.49
 -28132.481   361.069   -77.49   76.11
 -27845.976   339.081   -76.74   84.54
 -27559.459   307.655  -109.68   76.05
 -27272.932   284.317   -81.45   59.23
 -26986.392   283.887    -1.50   59.97
 -26699.841   299.314    53.84   75.12
 -26413.279   319.371    69.99   83.38
 -26126.705   341.157    76.02   84.20
 -25840.120   372.190   108.28   75.58
 -25553.523   408.622   127.12   66.70
 -25266.915   427.897    67.25   62.28
 -24980.295   434.180    21.92   59.20
 -24693.663   433.109    -3.74   58.18
 -24407.020   418.768   -50.03   64.78
 -24120.366   398.667   -70.12   69.96
 -23833.699   368.115  -106.58   67.07
 -23547.022   338.843  -102.11   56.81
 -23260.333   312.248   -92.76   54.18
 -22973.632   292.243   -69.78   47.06
 -22686.920   279.387   -44.84   39.13
 -22400.196   279.642     0.89   41.39
 -22113.461   284.971    18.58   49.75
 -21826.714   296.497    40.19   62.37
 -21539.956   315.784    67.26   73.89
 -21253.186   335.686    69.40   77.86
 -20966.404   355.875    70.40   76.75
 -20679.611   372.161    56.79   75.58
 -20392.806   398.751    92.71   68.45
 -20105.990   420.413    75.53   59.25
 -19819.163   431.926    40.14   50.84
 -19532.323   426.432   -19.15   54.78
 -19245.472   414.904   -40.19   65.37
 -18958.610   405.814   -31.69   72.63
 -18671.736   385.223   -71.78   76.13
 -18384.851   366.834   -64.10   67.80
 -18097.954   356.964   -34.40   60.80
 -17811.045   358.404     5.02   63.61
 -17524.125   372.079    47.66   72.37
 -17237.193   392.023    69.51   73.72
 -16950.250   410.280    63.62   74.10
 -16663.295   426.420    56.25   68.66
 -16376.328   437.264    37.79   63.93
 -16089.350   433.442   -13.32   65.27
 -15802.360   421.743   -40.76   72.66
 -15515.359   409.278   -43.43   76.63
 -15228.346   396.493   -44.54   77.36
 -14941.322   372.000   -85.33   70.57
 -14654.286   344.144   -97.05   68.00
 -14367.238   318.141   -90.59   63.15
 -14080.179   303.143   -52.25   62.08
 -13793.108   301.165    -6.89   65.17
 -13506.026   297.124   -14.07   67.72
 -13218.932   292.130   -17.40   67.05
 -12931.826   283.689   -29.40   66.73
 -12644.709   278.054   -19.63   65.94
 -12357.580   265.854   -42.49   68.97
 -12070.440   242.341   -81.89   74.01
 -11783.288   215.277   -94.25   74.00
 -11496.124   190.665   -85.71   72.60
 -11208.949   173.895   -58.40   69.55
 -10921.762   159.986   -48.43   60.03
 -10634.563   149.437   -36.73   55.54
 -10347.353   146.406   -10.55   62.15
 -10060.132   141.030   -18.72   66.20
  -9772.898   133.060   -27.75   66.33
  -9485.654   121.857   -39.00   65.17
  -9198.397   107.038   -51.59   59.03
  -8911.129    88.625   -64.10   43.91
  -8623.849    74.685   -48.53   28.43
  -8336.558    68.184   -22.63   23.29
  -8049.255    67.850    -1.16   24.59
  -7761.940    76.151    28.89   34.91
  -7474.614    88.565    43.20   45.59
  -7187.276   103.068    50.47   49.88
  -6899.926   117.383    49.82   53.12
  -6612.565   132.061    51.08   51.19
  -6325.192   137.399    18.57   47.22
  -6037.807   134.700    -9.39   46.23
  -5750.411   129.396   -18.46   42.53
  -5463.003   129.486     0.31   38.83
  -5175.584   140.905    39.73   39.79
  -4888.153   152.433    40.11   41.71
  -4600.710   158.934    22.62   39.90
  -4313.256   160.838     6.62   40.93
  -4025.790   155.932   -17.06   49.15
  -3738.312   146.353   -33.32   59.35
  -3450.823   136.251   -35.14   67.59
  -3163.322   119.612   -57.88   70.12
  -2875.809   105.258   -49.92   70.29
  -2588.285    89.706   -54.09   71.64
  -2300.749    83.052   -23.14   72.15
  -2013.201    73.956   -31.63   73.76
  -1725.641    64.104   -34.26   75.97
  -1438.070    48.553   -54.08   70.54
  -1150.488    35.841   -44.20   62.11
   -862.893    20.292   -54.07   47.30
   -575.287     8.577   -40.73   27.32
   -287.670     1.986   -22.92   11.14
     -0.040     0.112    -6.52    0.45
    287.601     0.135     0.08    0.36
    575.254     0.226     0.32    0.43
    862.918     0.345     0.41    0.48
   1150.594     0.463     0.41    0.50
   1438.282     0.561     0.34    0.50
   1725.982     0.700     0.48    0.45
   2013.693     0.884     0.64    0.49
   2301.416     1.082     0.69    0.56
   2588.091     1.307     0.79    0.54
   2873.424     1.508     0.70    0.50
   3158.767     1.652     0.51    0.47
   3444.121     1.814     0.57    0.38
   3729.486     1.933     0.42    0.22
   4014.861     1.986     0.18    0.00
   4300.247     1.986     0.00    0.00
   4585.644     1.986     0.00    0.00
   4871.051     1.986     0.00    0.00
   5156.469     1.986     0.00    0.00
   5441.898     2.036     0.18    0.22
   5727.338     2.142     0.37    0.36
   6012.788     2.260     0.41    0.45
   6298.249     2.417     0.55    0.50
   6583.720     2.598     0.63    0.49
   6869.202     2.768     0.60    0.41
   7154.695     2.933     0.58    0.22
   7440.199     2.986     0.19    0.00
   7725.713     2.986     0.00    0.00
   8011.239     2.986     0.00    0.00
   8296.774     3.014     0.10    0.17
   8582.321     3.113     0.34    0.33
   8867.878     3.219     0.37    0.42
   9153.446     3.355     0.48    0.48
   9439.025     3.504     0.52    0.50
   9724.614     3.645     0.49    0.48
  10010.214     3.781     0.48    0.40
  10295.825     3.993     0.74    0.39
  10581.446     4.159     0.58    0.38
  10867.079     4.317     0.55    0.47
  11152.722     4.486     0.59    0.50
  11438.375     4.747     0.91    0.59
  11724.040     5.036     1.01    0.61
  12009.715     5.352     1.11    0.58
  12295.401     5.677     1.14    0.67
  12581.097     5.986     1.08    0.71
  12866.805     6.291     1.07    0.66
  13152.523     6.648     1.25    0.65
  13438.252     6.918     0.94    0.70
  13723.991     7.223     1.07    0.71
  14009.741     7.593     1.29    0.74
  14295.502     7.919     1.14    0.77
  14581.274     8.181     0.92    0.73
  14867.057     8.486     1.06    0.61
  15152.850     8.739     0.89    0.52
  15438.654     9.008     0.94    0.60
  15724.469     9.281     0.95    0.57
  16010.294     9.540     0.91    0.55
  16296.131     9.815     0.96    0.65
  16581.978    10.079     0.92    0.64
  16867.835    10.486     1.42    0.76
  17153.704    10.926     1.54    1.02
  17439.583    11.393     1.63    1.17
  17725.473    11.887     1.73    1.16
  18011.374    12.453     1.98    1.05
  18297.286    12.919     1.63    0.98
  18583.208    13.468     1.92    0.94
  18869.141    14.008     1.89    1.09
  19155.085    14.608     2.10    1.34
  19441.039    15.321     2.50    1.52
  19727.005    16.106     2.74    1.60
  20012.981    17.007     3.15    1.61
  20298.968    17.830     2.88    1.66
  20584.966    18.671     2.94    1.69
  20870.974    19.574     3.16    1.76
  21156.994    20.399     2.89    1.90
  21443.024    21.317     3.21    2.04
  21729.064    22.565     4.36    1.76
  22015.116    23.534     3.39    1.70
  22301.178    24.504     3.39    1.77
  22587.252    25.425     3.22    1.74
  22873.336    26.689     4.42    2.29
  23159.430    28.866     7.61    4.88
  23445.536    31.964    10.83    7.21
  23731.652    36.213    14.85    9.07
  24017.780    40.672    15.59   10.05
  24303.917    45.161    15.69    9.54
  24590.066    48.842    12.86    7.53
  24876.226    50.971     7.44    5.45
  25162.396    51.239     0.94    5.21
  25448.577    50.324    -3.20    6.63
  25734.769    48.522    -6.29    7.99
  26020.972    46.389    -7.46    8.51
  26307.185    42.604   -13.22   10.55
  26593.410    39.083   -12.30   11.10
  26879.645    36.132   -10.31   11.46
  27165.891    33.378    -9.62   10.80
  27452.148    32.094    -4.49    9.93
  27738.415    31.088    -3.52    9.08
  28024.694    30.574    -1.80    8.39
  28310.983    31.410     2.92    8.72
  28597.283    31.660     0.87    8.59
  28883.594    32.684     3.58    8.75
  29169.916    33.383     2.44    8.78
  29456.248    32.524    -3.00    8.32
  29742.592    32.086    -1.53    8.00
  30028.946    30.726    -4.75    7.10
  30315.311    29.964    -2.66    6.48
  30601.687    28.919    -3.65    5.57
  30888.073    28.441    -1.67    4.97
  31174.471    28.580     0.49    4.78
  31460.879    28.963     1.34    4.89
  31747.298    30.892     6.74    6.87
  32033.728    33.808    10.18    8.74
  32320.169    37.878    14.21   10.38
  32606.621    43.000    17.88   10.20
  32893.083    47.652    16.24    8.80
  33179.557    51.130    12.14    7.19
  33466.041    53.425     8.01    5.31
  33752.536    54.124     2.44    4.68
  34039.042    54.608     1.69    4.14
  34325.559    54.106    -1.75    4.05
  34612.086    53.029    -3.76    4.38
  34898.625    52.478    -1.92    4.24
  35185.174    52.403    -0.26    4.38
  35471.734    53.508     3.86    4.71
  35758.305    55.280     6.18    5.85
  36044.887    58.192    10.16    7.73
  36331.480    62.349    14.51    9.34
  36618.083    68.209    20.44   11.00
  36904.698    72.567    15.20   10.14
  37191.323    75.256     9.38    8.39
  37477.959    75.370     0.40    8.36
  37764.606    73.615    -6.12   10.13
  38051.264    71.218    -8.36   11.22
  38337.933    67.210   -13.98   10.94
  38624.613    62.748   -15.56    8.44
  38911.303    60.254    -8.70    7.56
  39198.005    59.238    -3.55    7.24
  39484.717    60.129     3.11    7.65
  39771.440    60.829     2.44    6.89
  40058.174    61.353     1.83    6.24
  40344.919    61.286    -0.23    5.68
  40631.675    59.799    -5.19    6.24
  40918.442    57.475    -8.10    6.93
  41205.220    54.593   -10.05    7.46
  41492.008    51.739    -9.95    6.71
  41778.808    49.896    -6.43    5.21
  42065.618    49.640    -0.89    5.14
  42352.439    50.362     2.51    5.65
  42639.271    51.708     4.70    6.16
  42926.114    53.845     7.45    6.51
  43212.968    56.359     8.76    6.13
  43499.833    59.414    10.65    6.18
  43786.708    61.530     7.38    5.83
  44073.595    63.905     8.28    7.58
  44360.492    66.581     9.33    8.37
  44647.401    67.843     4.40    8.03
  44934.320    69.825     6.91    8.66
  45221.250    70.571     2.60    8.01
  45508.192    72.856     7.96    8.16
  45795.144    74.422     5.46    8.28
  46082.106    76.000     5.50    8.17
  46369.080    77.467     5.11    7.71
  46656.065    78.061     2.07    7.08
  46943.061    76.727    -4.65    8.23
  47230.067    74.141    -9.01    9.04
  47517.085    70.748   -11.82    9.41
  47804.113    66.522   -14.72   11.93
  48091.153    60.534   -20.86   17.01
  48378.203    56.108   -15.42   21.17
  48665.264    49.152   -24.23   24.90
  48952.337    42.602   -22.82   27.47
  49239.420    36.441   -21.46   27.30
  49526.514    28.500   -27.66   24.23
  49813.619    22.621   -20.48   20.07
  50100.735    16.919   -19.86   13.60
  50387.861    15.420    -5.22   12.22
  50674.999    13.584    -6.40    9.01
  50962.148    13.043    -1.88    7.33
  51249.308    11.889    -4.02    2.33
  51536.478    11.423    -1.63    0.90
  51823.660    11.326    -0.34    0.86
  52110.852    11.172    -0.54    0.74
  52398.056    11.050    -0.42    0.58
  52685.270    11.001    -0.17    0.30
  52972.496    11.073     0.25    0.43
  53259.732    11.192     0.41    0.53
  53546.979    11.254     0.22    0.60
  53834.237    11.321     0.23    0.71
  54121.507    11.262    -0.21    0.79
  54408.787    11.219    -0.15    0.81
  54696.078    11.186    -0.12    0.84
  54983.380    11.175    -0.04    0.82
  55270.693    11.259     0.29    0.89
  55558.017    11.411     0.53    0.91
  55845.352    11.389    -0.08    1.00
  56132.698    11.448     0.21    1.07
  56420.055    11.478     0.11    1.40
  56707.423    11.331    -0.51    1.61
  56994.802    11.264    -0.23    1.60
  57282.191    11.036    -0.79    1.84
  57569.592    10.738    -1.04    1.94
  57857.004    10.453    -0.99    2.13
  58144.427    10.114    -1.18    2.23
  58431.860     9.712    -1.40    2.30
  58719.305     9.115    -2.07    2.37
  59006.761     8.508    -2.11    2.30
  59294.228     7.928    -2.02    2.32
  59581.705     7.186    -2.58    2.04
  59869.194     6.743    -1.54    1.86
  60156.694     6.255    -1.70    1.58
  60444.204     5.829    -1.48    1.23
  60731.726     5.548    -0.98    1.04
  61019.259     5.292    -0.89    0.63
  61306.802     5.239    -0.18    0.58
  61594.357     5.125    -0.40    0.41
  61881.923     5.068    -0.20    0.28
  62169.499     5.029    -0.14    0.20
  62457.087     4.986    -0.15    0.00
  62744.686     4.986     0.00    0.00
  63032.296     4.986     0.00    0.00
  63319.916     4.986     0.00    0.00
  63607.548     4.986     0.00    0.00
  63895.191     4.986     0.00    0.00
  64182.844     4.986     0.00    0.00
  64469.320     4.986     0.00    0.00
  64754.721     4.986     0.00    0.00
  65040.132     4.913    -0.26    0.34
  65325.552     4.672    -0.84    0.70
  65610.983     4.300    -1.30    0.93
  65896.424     3.949    -1.23    0.98
  66181.874     3.623    -1.14    0.91
  66467.335     3.434    -0.66    0.78
  66752.806     3.287    -0.51    0.66
  67038.287     3.159    -0.45    0.52
  67323.778     3.222     0.22    0.59
