-111025.746   455.220     0.00   43.27
-110739.513   443.481   -41.01   44.70
-110453.290   430.636   -44.88   44.72
-110167.076   413.875   -58.56   41.89
-109880.872   393.264   -72.02   41.26
-109594.677   379.742   -47.25   45.08
-109308.492   369.842   -34.59   52.66
-109022.317   353.036   -58.73   55.99
-108736.151   331.695   -74.57   49.45
-108449.995   316.086   -54.55   47.78
-108163.849   301.796   -49.94   39.85
-107877.712   290.722   -38.71   32.57
-107591.585   284.921   -20.27   27.18
-107305.468   281.972   -10.31   28.01
-107019.360   282.105     0.47   31.74
-106733.261   285.127    10.56   36.58
-106447.173   280.606   -15.80   38.54
-106161.093   276.778   -13.38   38.20
-105875.024   273.151   -12.68   35.25
-105588.964   275.674     8.82   35.81
-105302.914   280.678    17.49   42.83
-105016.873   288.742    28.19   50.42
-104730.842   299.616    38.02   53.23
-104444.821   318.673    66.63   53.68
-104158.809   343.037    85.19   51.68
-103872.806   363.743    72.40   47.66
-103586.814   382.652    66.12   45.52
-103300.831   395.244    44.03   43.84
-103014.857   408.446    46.17   41.28
-102728.893   418.877    36.47   34.65
-102442.939   422.400    12.32   29.98
-102156.994   416.312   -21.29   32.72
-101871.059   414.972    -4.69   33.30
-101585.134   415.288     1.11   34.36
-101299.218   418.741    12.08   37.26
-101013.311   428.016    32.44   41.35
-100727.415   439.899    41.57   39.80
-100441.528   448.280    29.32   36.23
-100155.650   449.800     5.32   38.36
 -99869.782   439.028   -37.68   48.67
 -99583.924   420.757   -63.92   60.50
 -99298.075   399.170   -75.52   65.24
 -99012.236   373.597   -89.47   62.88
 -98726.406   350.509   -80.78   52.10
 -98440.586   336.842   -47.82   48.36
 -98154.775   324.682   -42.55   50.22
 -97868.974   307.912   -58.68   60.01
 -97583.183   285.799   -77.38   68.82
 -97297.401   261.442   -85.23   67.74
 -97011.629   243.391   -63.17   60.56
 -96725.866   226.808   -58.03   46.24
 -96440.113   216.852   -34.84   32.36
 -96154.370   216.878     0.09   27.30
 -95868.636   231.037    49.55   40.67
 -95582.912   248.913    62.56   48.20
 -95297.197   265.050    56.48   48.82
 -95011.491   281.051    56.01   47.01
 -94725.796   291.505    36.59   43.60
 -94440.110   304.855    46.73   44.33
 -94154.433   313.357    29.76   43.40
 -93868.766   320.507    25.03   48.53
 -93583.109   331.886    39.83   53.32
 -93297.461   343.398    40.30   56.33
 -93011.822   361.723    64.16   61.95
 -92726.194   376.457    51.58   66.31
 -92440.574   385.539    31.80   68.52
 -92154.965   400.113    51.03   69.11
 -91869.365   414.572    50.63   73.22
 -91583.774   441.655    94.84   80.08
 -91298.193   460.770    66.93   71.68
 -91012.621   467.283    22.81   61.45
 -90727.059   464.971    -8.09   60.57
 -90441.507   459.993   -17.43   61.54
 -90155.964   448.606   -39.88   66.08
 -89870.431   426.914   -75.97   62.77
 -89584.907   406.883   -70.16   56.83
 -89299.393   389.646   -60.37   51.90
 -89013.888   374.435   -53.28   52.58
 -88728.393   358.352   -56.33   58.19
 -88442.907   342.336   -56.10   56.27
 -88157.431   329.599   -44.62   48.63
 -87871.965   325.987   -12.66   41.07
 -87586.176   331.871    20.59   45.48
 -87298.568   351.324    67.64   58.60
 -87010.971   379.964    99.59   67.14
 -86723.385   420.691   141.62   73.75
 -86435.809   454.464   117.44   66.44
 -86148.243   472.425    62.46   54.31
 -85860.688   475.582    10.98   51.49
 -85573.144   460.367   -52.91   65.79
 -85285.610   430.475  -103.96   81.04
 -84998.086   397.707  -113.97   81.72
 -84710.573   373.328   -84.79   70.17
 -84423.071   361.060   -42.67   66.12
 -84135.579   362.584     5.30   68.42
 -83848.097   369.561    24.27   75.16
 -83560.626   383.824    49.62   74.08
 -83273.165   395.571    40.87   66.15
 -82985.715   399.689    14.32   59.26
 -82698.275   400.009     1.11   57.72
 -82410.846   389.290   -37.29   58.71
 -82123.427   383.186   -21.24   59.14
 -81836.019   377.593   -19.46   60.59
 -81548.621   363.097   -50.44   66.24
 -81261.234   336.823   -91.42   79.23
 -80973.857   307.604  -101.68   82.77
 -80686.491   271.636  -125.17   73.09
 -80399.135   252.443   -66.79   61.11
 -80111.789   247.797   -16.17   57.66
 -79824.454   249.416     5.63   60.63
 -79537.130   251.877     8.57   66.04
 -79249.815   260.158    28.82   66.73
 -78962.512   271.442    39.28   65.41
 -78675.218   279.687    28.70   62.78
 -78387.936   273.498   -21.54   68.44
 -78100.663   256.180   -60.29   82.74
 -77813.401   228.083   -97.81   94.87
 -77526.150   200.614   -95.63   94.37
 -77238.909   174.725   -90.13   80.17
 -76951.678   156.919   -61.99   63.18
 -76664.458   148.590   -29.00   54.80
 -76377.249   155.453    23.90   63.65
 -76090.049   163.778    28.99   69.81
 -75802.861   167.942    14.50   66.63
 -75515.682   178.816    37.86   58.98
 -75228.514   187.114    28.90   52.86
 -74941.357   196.688    33.34   50.87
 -74654.210   199.314     9.15   49.37
 -74367.073   201.133     6.34   48.86
 -74079.947   207.438    21.96   47.81
 -73792.831   210.115     9.32   47.55
 -73505.726   197.964   -42.32   50.41
 -73218.631   180.196   -61.89   50.10
 -72931.547   163.361   -58.64   43.39
 -72644.473   158.337   -17.50   40.40
 -72357.409   159.079     2.58   44.96
 -72070.356   164.233    17.95   47.65
 -71783.313   164.848     2.14   47.87
 -71496.281   155.621   -32.15   50.89
 -71209.259   142.235   -46.64   55.05
 -70922.247   124.828   -60.65   56.10
 -70635.246   112.854   -41.72   49.02
 -70348.255   104.029   -30.75   36.82
 -70061.275   101.843    -7.62   32.25
 -69774.305   102.038     0.68   32.90
 -69487.345   102.907     3.03   33.75
 -69200.396    97.442   -19.04   33.57
 -68913.458    88.907   -29.74   36.33
 -68626.529    76.074   -44.72   29.24
 -68339.611    69.223   -23.88   21.18
 -68052.704    70.521     4.52   24.33
 -67765.807    73.227     9.43   30.71
 -67478.920    80.782    26.33   37.90
 -67192.044    88.392    26.53   40.63
 -66905.178    97.472    31.65   39.35
 -66618.322   112.671    52.99   40.68
 -66331.477   129.468    58.56   43.28
 -66044.642   143.442    48.72   43.31
 -65757.818   151.793    29.11   39.88
 -65471.004   157.731    20.70   34.40
 -65184.200   159.768     7.10   29.79
 -64897.407   155.860   -13.63   31.32
 -64610.624   148.671   -25.07   34.75
 -64323.852   138.514   -35.42   34.56
 -64037.090   131.446   -24.65   33.22
 -63750.338   125.583   -20.45   36.35
 -63463.597   113.039   -43.75   34.17
 -63176.866   100.403   -44.07   33.19
 -62890.145    90.319   -35.17   29.04
 -62603.435    84.322   -20.92   24.35
 -62316.735    82.849    -5.14   21.25
 -62030.046    83.651     2.80   21.22
 -61743.367    91.147    26.15   24.94
 -61456.698   106.307    52.89   32.72
 -61170.040   125.054    65.40   35.90
 -60883.392   137.986    45.11   34.95
 -60596.754   142.097    14.34   33.70
 -60310.127   142.494     1.39   34.24
 -60023.510   133.414   -31.68   45.88
 -59736.904   109.315   -84.09   61.46
 -59450.307    79.758  -103.13   65.48
 -59163.722    50.142  -103.34   59.58
 -58877.146    28.805   -74.46   49.43
 -58590.581     8.350   -71.38   28.99
 -58304.026    -1.006   -32.65    9.35
 -58017.482    -2.719    -5.98    0.71
 -57730.948    -2.431     1.00    0.91
 -57444.424    -2.110     1.12    0.99
 -57157.910    -1.764     1.21    0.95
 -56871.407    -1.461     1.06    0.80
 -56584.915    -1.180     0.98    0.49
 -56298.432    -1.051     0.45    0.12
 -56011.960    -1.051     0.00    0.12
 -55725.499    -1.043     0.03    0.08
 -55439.047    -1.036     0.03    0.00
 -55152.606    -1.036     0.00    0.00
 -54866.176    -1.036     0.00    0.00
 -54579.755    -1.036     0.00    0.00
 -54293.345    -1.036     0.00    0.00
 -54006.946    -1.036     0.00    0.00
 -53720.556    -1.036     0.00    0.00
 -53434.177    -1.036     0.00    0.00
 -53147.808    -1.036     0.00    0.00
 -52861.450    -1.036     0.00    0.00
 -52575.102    -1.036     0.00    0.00
 -52288.764    -1.022     0.05    0.12
 -52002.437    -0.940     0.28    0.30
 -51716.120    -0.815     0.44    0.42
 -51429.813    -0.643     0.60    0.57
 -51143.516    -0.322     1.12    0.73
 -50857.230    -0.007     1.10    0.78
 -50570.954     0.409     1.45    0.81
 -50284.689     0.772     1.27    0.76
 -49998.434     1.071     1.05    0.83
 -49712.189     1.397     1.14    0.84
 -49425.954     1.679     0.99    0.84
 -49139.730     1.979     1.05    0.87
 -48853.516     2.267     1.01    0.78
 -48567.312     2.537     0.94    0.87
 -48281.119     2.794     0.90    0.81
 -47994.935     2.986     0.67    0.86
 -47708.763     3.200     0.75    0.89
 -47422.600     3.416     0.76    0.84
 -47136.448     3.674     0.90    0.90
 -46850.306     3.987     1.09    0.79
 -46564.174     4.232     0.86    0.88
 -46278.053     4.541     1.08    0.93
 -45991.942     4.860     1.11    0.88
 -45705.841     5.232     1.30    0.88
 -45419.751     5.631     1.39    0.87
 -45133.670     6.105     1.66    1.07
 -44847.601     7.182     3.76    3.22
 -44561.541     9.099     6.70    5.65
 -44275.492    12.784    12.88    8.97
 -43989.452    17.038    14.87   11.46
 -43703.424    22.868    20.38   14.65
 -43417.405    30.194    25.62   16.55
 -43131.397    37.438    25.33   15.33
 -42845.399    43.406    20.87   12.31
 -42559.411    47.934    15.83    9.03
 -42273.434    50.860    10.23    5.23
 -41987.467    52.268     4.92    1.51
 -41701.510    52.258    -0.04    1.17
 -41415.563    52.058    -0.70    1.24
 -41129.627    51.638    -1.47    1.72
 -40843.701    51.009    -2.20    2.50
 -40557.785    50.489    -1.82    3.19
 -40271.879    50.115    -1.31    3.48
 -39985.984    50.413     1.05    3.63
 -39700.099    50.928     1.80    3.52
 -39414.224    51.521     2.07    3.16
 -39128.360    52.638     3.91    2.61
 -38842.505    53.053     1.45    1.81
 -38556.661    53.307     0.89    1.15
 -38270.828    53.393     0.30    0.76
 -37985.004    53.479     0.30    0.93
 -37699.191    53.616     0.48    0.99
 -37413.388    54.278     2.31    2.04
 -37127.595    55.671     4.88    3.89
 -36841.812    56.420     2.62    4.65
 -36556.040    55.398    -3.58    6.28
 -36270.278    54.619    -2.73    8.03
 -35984.526    53.123    -5.23    8.55
 -35698.785    51.482    -5.74    8.40
 -35413.053    49.898    -5.54    8.06
 -35127.332    48.654    -4.36    8.39
 -34841.621    48.058    -2.09   11.09
 -34555.921    49.831     6.21   12.90
 -34270.230    50.516     2.40   15.22
 -33984.550    51.340     2.89   17.14
 -33698.880    52.427     3.80   17.43
 -33413.220    52.840     1.45   18.27
 -33127.571    53.164     1.13   17.39
 -32841.932    53.547     1.34   17.65
 -32556.303    55.169     5.68   16.84
 -32270.684    58.127    10.36   14.96
 -31985.075    61.425    11.55   14.88
 -31699.477    65.919    15.74   13.04
 -31413.889    69.557    12.74   11.21
 -31128.311    72.551    10.49    9.38
 -30842.743    74.911     8.26    9.11
 -30557.185    78.166    11.40   11.42
 -30271.638    81.668    12.27   12.22
 -29986.101    83.521     6.49   16.02
 -29700.574    85.160     5.74   30.79
 -29415.057    83.757    -4.91   46.45
 -29129.551    78.508   -18.38   57.72
 -28844.055    65.074   -47.05   61.26
 -28558.569    50.235   -51.98   59.57
 -28273.093    34.684   -54.48   51.88
 -27987.627    17.666   -59.62   31.17
 -27702.172     9.383   -29.02   14.68
 -27416.726     5.675   -12.99    1.89
 -27131.291     5.199    -1.67    0.72
 -26845.866     4.964    -0.82    0.66
 -26560.452     4.829    -0.47    0.61
 -26275.047     4.751    -0.27    0.56
 -25989.653     4.685    -0.23    0.58
 -25703.735     4.601    -0.29    0.62
 -25416.049     4.571    -0.10    0.63
 -25128.375     4.683     0.39    0.54
 -24840.712     4.741     0.20    0.47
 -24553.060     4.761     0.07    0.46
 -24265.419     4.817     0.19    0.39
 -23977.789     4.935     0.41    0.30
 -23690.171     5.069     0.47    0.39
 -23402.563     5.150     0.28    0.52
 -23114.967     5.128    -0.07    0.80
 -22827.382     5.242     0.39    0.97
 -22539.809     5.409     0.58    1.14
 -22252.246     5.742     1.16    1.30
 -21964.695     6.154     1.43    1.40
 -21677.155     6.449     1.03    1.39
 -21389.625     6.763     1.09    1.21
 -21102.108     7.127     1.27    0.71
 -20814.601     7.280     0.53    0.51
 -20527.105     7.336     0.19    0.48
 -20239.621     7.272    -0.22    0.46
 -19952.148     7.207    -0.23    0.45
 -19664.685     7.158    -0.17    0.42
 -19377.234     7.080    -0.27    0.42
 -19089.795     7.023    -0.20    0.36
 -18802.366     6.979    -0.16    0.27
 -18514.948     6.821    -0.55    0.43
 -18227.542     6.633    -0.65    0.47
 -17940.147     6.417    -0.75    0.55
 -17652.763     6.225    -0.67    0.53
 -17365.390     6.058    -0.58    0.47
 -17078.028     5.964    -0.33    0.37
 -16790.677     5.912    -0.18    0.22
 -16503.338     5.914     0.01    0.22
 -16216.009     5.911    -0.01    0.22
 -15928.692     5.861    -0.17    0.31
 -15641.386     5.830    -0.11    0.34
 -15354.091     5.857     0.09    0.31
 -15066.807     5.876     0.07    0.28
 -14779.534     5.904     0.10    0.24
 -14492.273     5.928     0.08    0.19
 -14205.022     6.024     0.33    0.29
 -13917.783     6.059     0.12    0.38
 -13630.554     6.121     0.22    0.42
 -13343.337     6.171     0.18    0.44
 -13056.131     6.186     0.05    0.42
 -12768.936     6.182    -0.01    0.41
 -12481.753     6.238     0.19    0.45
 -12194.580     6.233    -0.02    0.51
 -11907.418     6.052    -0.63    0.98
 -11620.268     5.527    -1.83    1.62
 -11333.128     4.936    -2.06    2.04
 -11046.000     4.179    -2.64    2.25
 -10758.883     3.372    -2.81    2.19
 -10471.777     2.518    -2.97    1.75
 -10184.682     1.852    -2.32    1.12
  -9897.598     1.446    -1.42    0.71
  -9610.525     1.275    -0.59    0.59
  -9323.464     1.095    -0.63    0.36
  -9036.413     0.986    -0.38    0.15
  -8749.374     0.949    -0.13    0.12
  -8462.345     0.914    -0.12    0.22
  -8175.328     0.904    -0.04    0.24
  -7888.322     0.905     0.00    0.24
  -7601.327     0.882    -0.08    0.28
  -7314.343     0.828    -0.19    0.34
  -7027.370     0.754    -0.26    0.41
  -6740.408     0.742    -0.04    0.42
  -6453.457     0.748     0.02    0.41
  -6166.517     0.776     0.10    0.39
  -5879.588     0.788     0.04    0.38
  -5592.671     0.839     0.18    0.33
  -5305.764     0.896     0.20    0.25
  -5018.869     0.964     0.24    0.00
  -4731.985     0.964     0.00    0.00
  -4445.111     0.964     0.00    0.00
  -4158.249     0.964     0.00    0.00
  -3871.398     0.964     0.00    0.00
  -3584.558     0.964     0.00    0.00
  -3297.729     0.964     0.00    0.00
  -3010.911     0.964     0.00    0.00
  -2724.104     0.964     0.00    0.00
  -2437.308     0.964     0.00    0.00
  -2150.523     0.964     0.00    0.00
  -1863.749     0.964     0.00    0.00
  -1576.987     0.928    -0.13    0.19
  -1290.235     0.829    -0.35    0.34
  -1003.494     0.701    -0.44    0.44
   -716.765     0.554    -0.52    0.49
   -430.046     0.414    -0.49    0.50
   -143.339     0.335    -0.28    0.48
    143.358     0.302    -0.11    0.47
    430.043     0.288    -0.05    0.47
    716.718     0.337     0.17    0.49
   1003.381     0.442     0.37    0.50
   1290.033     0.497     0.19    0.50
   1576.674     0.571     0.26    0.49
   1863.305     0.611     0.14    0.48
   2149.924     0.616     0.02    0.48
   2436.532     0.612    -0.02    0.48
   2723.129     0.648     0.13    0.63
   3009.715     0.935     1.00    1.61
   3296.290     2.002     3.72    5.23
   3582.855     3.912     6.67    9.85
   3869.408     5.609     5.92   13.33
   4155.950     7.815     7.70   16.88
   4442.481     9.057     4.33   19.01
   4729.001     8.673    -1.34   20.30
   5015.510     7.869    -2.81   20.07
   5302.008     3.861   -13.99   13.43
   5588.495     1.024    -9.90    2.98
   5874.971     0.660    -1.27    0.46
   6161.436     0.770     0.39    0.40
   6447.889     0.848     0.27    0.32
   6734.332     0.920     0.25    0.21
   7020.764     0.912    -0.03    0.22
   7307.185     0.907    -0.02    0.23
   7593.595     0.904    -0.01    0.24
   7879.994     0.905     0.00    0.24
   8166.382     0.904    -0.00    0.24
   8452.759     0.943     0.13    0.15
   8739.125     0.964     0.08    0.00
   9025.480     0.964     0.00    0.00
   9311.824     0.964     0.00    0.00
   9598.157     0.964     0.00    0.00
   9884.479     1.015     0.18    0.22
  10170.790     1.040     0.09    0.29
  10457.090     1.096     0.19    0.36
  10743.379     1.173     0.27    0.51
  11029.657     1.280     0.37    0.61
  11315.924     1.475     0.68    0.82
  11602.180     1.651     0.61    0.95
  11888.425     1.899     0.87    1.13
  12174.660     2.178     0.97    1.27
  12460.883     2.409     0.81    1.36
  12747.095     2.757     1.22    1.52
  13033.296     3.032     0.96    1.55
  13319.487     3.439     1.42    1.70
  13605.666     3.807     1.29    1.70
  13891.834     4.243     1.52    1.74
  14177.992     4.846     2.11    1.73
  14464.138     5.524     2.37    1.89
  14750.274     6.964     5.03    3.02
  15036.398     9.010     7.15    4.57
  15322.512    11.709     9.43    5.78
  15608.614    14.564     9.98    6.75
  15894.706    18.214    12.76    8.43
  16180.787    22.420    14.70   10.09
  16466.856    25.521    10.84    9.89
  16752.915    29.355    13.41   12.83
  17038.963    30.852     5.23   11.49
  17325.000    31.906     3.68   10.41
  17611.026    32.453     1.91    8.71
  17897.041    32.256    -0.69    6.76
  18183.045    32.786     1.85    5.47
  18469.038    33.830     3.65    5.53
  18755.020    36.507     9.36    8.51
  19040.992    39.278     9.69    9.90
  19326.952    42.320    10.64   12.49
  19612.901    44.942     9.17   12.69
  19898.840    46.145     4.21   12.26
  20184.767    48.008     6.52   12.15
  20470.684    48.494     1.70   10.40
  20756.590    49.906     4.94    9.50
  21042.484    52.039     7.46    8.69
  21328.368    54.251     7.74    8.59
  21614.241    58.136    13.59    9.81
  21900.103    62.527    15.36   11.23
  22185.954    66.475    13.81   12.12
  22471.794    69.343    10.03   13.34
  22757.624    70.225     3.09   15.00
  23043.442    70.360     0.47   16.02
  23329.250    68.216    -7.50   16.98
  23615.046    66.580    -5.72   16.66
  23900.832    65.468    -3.89   14.65
  24186.606    66.381     3.20   14.16
  24472.370    70.055    12.86   14.89
  24758.123    75.964    20.68   18.28
  25043.865    82.883    24.21   19.54
  25329.596    88.575    19.92   19.14
  25615.316    94.709    21.47   19.93
  25901.026   100.115    18.92   18.54
  26186.724   106.087    20.91   19.20
  26472.412   112.438    22.23   18.95
  26758.088   114.942     8.76   18.32
  27043.754   115.583     2.24   15.94
  27329.409   116.778     4.18   15.34
  27615.053   117.141     1.27   17.49
  27900.686   116.805    -1.17   21.58
  28186.308   112.167   -16.24   24.51
  28471.919   104.031   -28.49   24.44
  28757.520    97.663   -22.30   24.29
  29043.109    90.435   -25.31   24.92
  29328.688    83.046   -25.87   24.86
  29614.256    74.307   -30.60   24.78
  29899.812    64.445   -34.54   23.96
  30185.358    54.853   -33.59   23.54
  30470.894    45.149   -33.98   20.18
  30756.418    36.460   -30.43   15.92
  31041.931    29.182   -25.49   10.35
  31327.434    24.793   -15.37    7.11
  31612.926    21.164   -12.71    4.34
  31898.406    18.749    -8.46    3.16
  32183.876    17.121    -5.70    2.96
  32469.335    15.763    -4.76    2.58
  32754.784    14.603    -4.06    1.95
  33040.221    13.810    -2.78    1.38
  33325.647    13.701    -0.38    1.31
  33611.063    13.900     0.70    1.82
  33896.468    14.438     1.89    2.48
  34181.862    15.972     5.37    4.60
  34467.245    19.073    10.87    8.71
  34752.617    23.681    16.15   11.93
  35037.979    29.293    19.67   14.42
  35323.329    35.623    22.19   15.32
  35608.669    42.404    23.77   15.22
  35893.998    50.475    28.29   16.25
  36180.085    59.047    29.96   19.95
  36467.841    70.694    40.48   25.32
  36755.586    85.248    50.58   32.33
  37043.320   100.043    51.42   36.22
  37331.041   116.438    56.98   35.11
  37618.750   127.623    38.88   30.33
  37906.448   134.920    25.36   24.69
  38194.133   137.166     7.81   24.21
  38481.807   137.801     2.21   25.40
  38769.469   135.397    -8.36   26.37
  39057.119   135.842     1.55   28.74
  39344.758   138.710     9.97   31.76
  39632.384   142.240    12.27   36.42
  39919.999   144.071     6.37   36.16
  40207.602   147.579    12.20   39.35
  40495.192   148.300     2.51   40.76
  40782.772   141.919   -22.19   38.10
  41070.339   138.283   -12.65   33.77
  41357.894   136.972    -4.56   28.66
  41645.438   140.718    13.03   27.70
  41932.970   145.287    15.89   27.42
  42220.490   153.060    27.03   30.68
  42507.998   164.904    41.19   32.09
  42795.494   171.037    21.33   28.70
  43082.978   176.408    18.68   26.52
  43370.451   177.439     3.59   26.50
  43657.912   174.692    -9.55   27.79
  43945.361   169.169   -19.21   26.66
  44232.798   166.288   -10.02   24.86
  44520.223   172.287    20.87   32.01
  44807.637   188.883    57.74   40.59
  45095.039   206.423    61.03   41.96
  45382.429   215.626    32.02   38.70
  45669.807   218.701    10.70   39.22
  45957.173   218.707     0.02   40.33
  46244.528   219.558     2.96   41.02
  46531.870   225.115    19.34   45.95
  46819.201   237.928    44.59   58.09
  47106.521   258.994    73.32   69.02
  47393.828   286.802    96.79   71.15
  47681.123   307.528    72.14   60.70
  47968.407   325.834    63.72   51.44
  48255.679   338.579    44.37   48.33
  48542.939   345.831    25.24   51.46
  48830.188   355.514    33.71   53.19
  49117.424   368.686    45.86   50.50
  49404.649   382.505    48.11   39.78
  49691.862   387.422    17.12   35.71
  49979.064   377.037   -36.16   47.73
  50266.253   359.483   -61.12   60.49
  50553.431   329.283  -105.16   67.11
  50840.597   294.472  -121.22   61.40
  51127.751   264.727  -103.58   53.64
  51414.893   236.246   -99.19   43.88
  51702.024   216.357   -69.27   38.32
  51989.143   197.831   -64.52   35.99
  52276.250   181.191   -57.95   36.87
  52563.345   163.174   -62.76   35.55
  52850.429   150.002   -45.88   29.06
  53137.501   142.790   -25.12   23.61
  53424.561   137.633   -17.96   22.54
  53711.609   138.816     4.12   26.36
  53998.646   144.112    18.45   28.04
  54285.671   152.105    27.85   27.93
  54572.684   162.994    37.94   29.60
  54859.685   174.707    40.81   36.21
  55146.675   194.319    68.34   45.98
  55433.652   211.101    58.47   47.41
  55720.618   226.648    54.18   44.19
  56007.573   241.835    52.93   34.79
  56294.515   246.151    15.04   30.92
  56581.446   247.166     3.54   31.89
  56868.365   245.030    -7.44   32.81
  57155.273   245.801     2.69   33.77
  57442.168   255.182    32.70   34.17
  57729.052   264.435    32.25   32.05
  58015.925   270.154    19.93   28.94
  58302.785   269.638    -1.80   29.38
  58589.634   270.388     2.62   29.14
  58876.471   275.135    16.55   30.90
  59163.296   283.769    30.10   39.49
  59450.110   298.310    50.70   47.66
  59736.912   315.920    61.40   48.93
  60023.702   329.573    47.61   42.21
  60310.480   338.174    29.99   30.10
  60597.247   335.320    -9.95   31.20
  60884.002   320.307   -52.35   41.10
  61170.746   296.714   -82.28   47.44
  61457.477   275.690   -73.32   43.64
  61744.197   263.092   -43.94   38.52
  62030.905   256.628   -22.54   35.55
  62317.602   252.268   -15.21   34.08
  62604.287   250.746    -5.31   33.84
  62890.960   245.058   -19.84   36.00
  63177.621   236.827   -28.71   38.37
  63464.271   225.001   -41.26   41.38
  63750.909   209.517   -54.02   37.68
  64037.535   197.616   -41.52   29.89
  64324.150   190.731   -24.02   19.99
  64610.753   189.752    -3.41   17.13
  64897.344   197.817    28.14   24.65
  65183.924   211.805    48.81   32.18
  65470.492   229.696    62.43   34.61
  65757.048   244.315    51.02   31.79
  66043.593   256.044    40.93   25.38
  66330.126   262.267    21.72   19.64
  66616.647   263.638     4.79   20.12
  66903.157   259.107   -15.81   23.77
  67189.655   255.220   -13.57   28.21
  67476.141   251.349   -13.51   30.50
  67762.615   253.237     6.59   31.61
  68049.078   261.080    27.38   35.54
  68335.529   270.926    34.37   38.73
  68621.969   285.276    50.09   35.74
  68908.397   292.760    26.13   28.80
  69194.813   295.295     8.85   25.89
  69481.218   286.498   -30.71   32.38
  69767.611   274.214   -42.89   41.93
  70053.992   252.416   -76.11   48.25
  70340.362   229.767   -79.09   47.37
  70626.720   205.812   -83.65   41.02
  70913.066   189.525   -56.88   34.42
  71199.401   178.396   -38.87   29.61
  71485.724   169.063   -32.60   27.97
  71772.035   161.648   -25.90   26.38
  72058.335   152.797   -30.91   25.16
  72344.623   142.589   -35.66   24.29
  72630.900   130.505   -42.21   25.27
  72917.165   118.819   -40.82   24.64
  73203.418   115.395   -11.96   23.79
  73489.660   122.850    26.04   35.71
  73775.890   137.712    51.92   51.01
  74062.108   158.799    73.67   60.53
  74348.315   180.697    76.51   58.62
  74634.510   201.445    72.49   47.46
  74920.693   216.712    53.35   29.17
  75206.865   220.794    14.26   23.12
  75493.025   217.613   -11.12   26.16
  75779.174   208.663   -31.28   28.44
  76065.311   199.733   -31.21   28.41
  76351.437   192.457   -25.43   26.35
  76637.550   183.479   -31.38   25.03
  76923.653   174.335   -31.96   26.24
  77209.743   163.610   -37.48   28.38
  77495.822   158.330   -18.46   28.62
  77781.890   152.786   -19.38   26.37
  78067.945   146.895   -20.59   23.29
  78353.989   144.614    -7.97   22.60
  78640.022   139.972   -16.23   20.66
  78926.043   137.345    -9.18   20.13
  79212.052   134.227   -10.90   17.49
  79498.050   134.758     1.86   17.41
  79784.036   137.124     8.27   17.67
  80070.011   137.643     1.81   17.87
  80355.974   138.207     1.97   17.35
  80641.926   138.224     0.06   17.29
  80927.865   137.744    -1.68   18.27
  81213.794   134.718   -10.58   17.99
  81499.710   133.468    -4.37   17.87
  81785.616   135.707     7.83   21.02
  82071.509   140.964    18.39   23.91
  82357.391   145.764    16.79   22.12
  82643.262   149.581    13.35   18.78
  82929.120   148.935    -2.26   17.73
  83214.968   145.205   -13.05   19.79
  83500.803   139.957   -18.36   19.90
  83786.627   133.782   -21.60   17.78
  84072.440   129.599   -14.64   14.87
  84358.241   128.957    -2.25   13.10
  84644.030   131.158     7.70   14.10
  84929.808   135.107    13.82   13.99
  85215.575   140.716    19.63   14.11
  85501.329   147.196    22.68   15.64
  85787.073   153.122    20.74   15.07
  86072.804   158.103    17.43   12.84
  86358.524   160.381     7.97   11.80
  86644.233   160.898     1.81   12.02
  86929.930   158.521    -8.32   14.00
  87215.616   153.563   -17.35   16.46
  87501.289   145.769   -27.28   17.25
  87786.952   138.397   -25.80   17.07
  88072.603   132.254   -21.50   16.10
  88358.242   125.305   -24.33   13.53
  88643.870   119.848   -19.10   10.69
  88929.486   115.252   -16.09    6.99
  89215.091   113.120    -7.47    4.59
  89500.684   113.094    -0.09    6.48
  89786.266   115.609     8.81   10.69
  90071.836   119.220    12.65   13.50
  90357.394   123.415    14.69   14.75
  90642.941   125.586     7.61   13.98
  90928.477   128.345     9.66   12.60
  91214.001   129.385     3.64   12.50
