# NaN NaN NaN ;Mean Elev.(m), Avg Gradient(m/km), RMS Gradient(m/km) - SRTM1     
#   10.151   0.097   1.822 ;Mean Elev.(m), Avg Gradient(m/km), RMS Gradient(m/km) - ASTER GDEM
#    0.145  -0.030   0.501 ;Mean Elev.(m), Avg Gradient(m/km), RMS Gradient(m/km) - GMTED2010 
   1 195.468124  62.722153     1.911     1.895  5 54663.93239063 33.971
   2 195.472622  62.724889     2.245     1.915  4 54673.84803618 29.166
   3 195.473422  62.726883   -44.329   -31.695  3 54683.76367985 19.986
   4 195.473811  62.727399     2.068     2.076  4 54693.67932194 30.837
   5 195.471585  62.725114   -34.334   -34.645  5 54703.59496099 11.539
   6 195.472118  62.723050     1.842     1.840  5 54713.51061068 45.926
   7 195.469061  62.720791   -64.125   -64.049  6 54723.42626083  8.426
   8 195.469769  62.721403     1.554     1.514  6 54733.34190933 36.681
   9 195.470286  62.723725     2.113     2.120  5 54743.25755659 47.557
  10 195.472862  62.725854     1.508     1.418  5 54753.17320377 36.151
  11 195.472302  62.725206     1.187     1.160  5 54763.08884989 40.510
  12 195.468093  62.721808     1.312     1.273  5 54773.00449283 29.856
  13 195.469743  62.720383     1.377     1.496  6 54782.92013368 27.849
  14 195.468008  62.719806     1.526     1.529  5 54792.83577192 24.590
  15 195.470972  62.722031     1.758     1.789  5 54802.75140977 21.939
  16 195.471049  62.723109     2.057     1.927  5 54812.66704699 18.353
  17 195.472546  62.723689     1.983     1.964  5 54822.58268981 15.466
  18 195.468565  62.722490     1.824     1.835  5 54832.49832961 14.436
  19 195.472312  62.724176     1.676     1.761  5 54842.41398023 13.843
  20 195.470881  62.725902     2.677     2.703  4 54852.32962923 12.505
  21 195.476129  62.729685     2.561     2.525  3 54862.24527879 13.130
  22 195.476202  62.730740     2.472     2.457  3 54872.16092758 12.843
  23 195.473687  62.728522     2.683     2.635  3 54882.07657390 11.707
  24 195.472281  62.724896     2.859     2.883  4 54891.99221686 12.946
  25 195.471453  62.722284     2.994     2.974  5 54901.90785710 12.153
  26 195.469864  62.722176     3.030     3.014  5 54911.82349589 12.259
  27 195.472595  62.724678     3.053     3.054  4 54921.73913425 11.635
  28 195.473357  62.725627     3.118     3.100  4 54931.65477156 12.357
  29 195.471129  62.723150     3.162     3.127  5 54941.57040669 11.566
  30 195.467986  62.719039     1.199     1.273  6 54951.48603987 40.473
  31 195.465963  62.716695     2.531     2.470  7 54961.40168080 27.289
  32 195.468216  62.718599     2.681     2.696  6 54971.31732986 48.135
  33 195.467697  62.720949     2.667     2.651  5 54981.23297762 35.669
  34 195.470369  62.723757   -73.813   -74.115  4 54991.14862544 10.416
  35 195.471658  62.724626     2.133     2.110  4 55001.06427256 34.543
  36 195.471632  62.724529     2.365     2.361  4 55010.97991765 30.979
  37 195.469934  62.723801     2.365     2.202  5 55020.89556099 31.517
  38 195.473180  62.725678     1.973     1.904  4 55030.81120391 34.187
  39 195.472924  62.727021     1.772     1.751  4 55040.72684574 31.996
  40 195.474409  62.727623     1.849     1.802  4 55050.64248619 36.955
  41 195.472035  62.724979     2.170     2.061  4 55060.55812380 49.260
  42 195.468655  62.721135     1.431     1.437  5 55070.47376438 38.372
  43 195.469724  62.719711     1.484     1.449  6 55080.38941347 44.143
  44 195.468500  62.720111     1.395     1.406  6 55090.30506079 43.705
  45 195.471442  62.723334     1.605     1.531  5 55100.22070789 41.410
  46 195.471655  62.725442     2.314     2.168  4 55110.13635416 35.223
  47 195.473420  62.725309     1.503     1.533  4 55120.05199869 37.544
  48 195.469155  62.721600     1.519     1.538  5 55129.96763965 41.933
  49 195.469024  62.719348     0.522     0.528  6 55139.88327912 43.947
  50 195.466981  62.719112     1.417     1.472  6 55149.79891750 22.948
  51 195.469581  62.721800     1.719     1.740  5 55159.71455633 18.358
  52 195.471304  62.723890     1.946     1.916  4 55169.63019464 16.873
  53 195.470622  62.723734     1.864     1.850  4 55179.54583132 24.424
  54 195.471740  62.723575     1.881     1.956  5 55189.46147807 32.996
  55 195.471270  62.724151     2.120     2.081  5 55199.37712857 24.002
  56 195.473012  62.726109     2.150     2.082  4 55209.29277868 22.328
  57 195.474226  62.727968     2.068     2.057  4 55219.20842828 21.359
  58 195.475070  62.728279     2.002     2.054  3 55229.12407684 21.246
  59 195.474249  62.726598     2.066     2.039  4 55239.03972189 21.885
  60 195.472541  62.723734     2.364     2.369  5 55248.95536314 18.299
  61 195.468459  62.721197     2.298     2.327  5 55258.87100178 18.316
  62 195.470341  62.721744     2.325     2.372  5 55268.78664048 16.954
  63 195.470116  62.722846     2.302     2.269  5 55278.70227875 16.516
  64 195.469244  62.722915     2.178     2.236  5 55288.61791557 15.715
  65 195.469445  62.721654     2.295     2.309  6 55298.53354994 13.649
  66 195.468174  62.719521     2.090     2.238  5 55308.44919263 15.970
  67 195.465430  62.718027     2.424     2.473  6 55318.36483833 12.001
  68 195.467692  62.719449     2.307     2.308  6 55328.28048381 34.942
  69 195.471382  62.722503     2.953     2.896  5 55338.19612903 39.701
  70 195.472036  62.724459     1.908     1.881  4 55348.11177345 35.735
  71 195.472552  62.725212     1.572     1.632  5 55358.02741596 41.644
  72 195.470686  62.724569     2.133     2.156  4 55367.94305600 32.573
  73 195.470835  62.724253     1.895     1.877  5 55377.85869477 39.958
  74 195.472289  62.724617     1.666     1.686  5 55387.77433287 35.651
  75 195.470514  62.724015     1.856     1.750  5 55397.68996962 36.833
  76 195.471805  62.723667     1.724     1.759  5 55407.60561346 36.457
  77 195.469078  62.722070     2.115     2.116  5 55417.52126400 30.217
  78 195.468754  62.720710     2.175     1.991  5 55427.43691134 42.500
  79 195.467579  62.720072     2.034     2.105  5 55437.35255604 39.543
  80 195.469033  62.721275     2.099     2.068  5 55447.26819993 30.001
  81 195.469521  62.722517     1.763     1.742  5 55457.18384340 42.110
  82 195.471933  62.723564     1.356     1.355  5 55467.09948635 34.761
  83 195.470265  62.722001     1.613     1.685  5 55477.01512543 46.908
  84 195.466825  62.719328     1.620     1.670  6 55486.93076103 32.385
  85 195.466800  62.718093     1.342     1.304  6 55496.84639484 38.855
  86 195.469490  62.719508     1.048     1.037  6 55506.76203144 41.945
  87 195.471402  62.722276     0.592     0.567  5 55516.67768233 36.550
  88 195.471251  62.723988     1.003     1.019  4 55526.59333198 29.095
  89 195.472520  62.725104     1.569     1.555  4 55536.50897969 20.459
  90 195.472381  62.725401     1.559     1.550  4 55546.42462502 17.964
  91 195.472615  62.726123     1.727     1.717  5 55556.34026866 16.261
  92 195.475023  62.727441     1.031     1.049  4 55566.25591174 25.539
  93 195.474270  62.726735     1.652     1.664  4 55576.17155369 23.874
  94 195.471766  62.724104     1.660     1.639  5 55586.08719347 18.578
  95 195.468793  62.720759     1.969     1.994  5 55596.00282989 13.981
  96 195.468088  62.718979     2.468     2.487  6 55605.91846355 13.499
  97 195.465842  62.718047     2.342     2.341  6 55615.83409499 14.801
  98 195.468087  62.719771     2.472     2.458  6 55625.74973685 15.437
  99 195.467569  62.720734     2.488     2.473  5 55635.66538889 15.229
 100 195.469478  62.721199     2.339     2.340  6 55645.58103897 14.300
 101 195.469177  62.720350     2.630     2.611  6 55655.49668594 11.730
 102 195.467087  62.719299     2.821     2.806  6 55665.41232825 12.013
 103 195.468839  62.720183     2.803     2.794  6 55675.32796821  9.099
 104 195.469144  62.721444     2.221     2.308  6 55685.24360644 23.429
 105 195.468657  62.722175     2.398     2.363  5 55695.15924341 33.166
 106 195.469614  62.722301     3.135     3.134  5 55705.07487916 44.855
 107 195.471669  62.722979     2.326     2.410  5 55714.99052708 33.699
 108 195.472095  62.723877     2.420     2.318  5 55724.90617619 32.989
 109 195.472708  62.725329     2.554     2.268  5 55734.82182342 31.006
 110 195.470849  62.725924     2.311     1.989  4 55744.73746902 34.809
 111 195.472597  62.725994     2.322     2.355  5 55754.65311327 28.834
 112 195.468879  62.722685     2.248     1.979  5 55764.56875433 44.653
 113 195.467655  62.719586     1.699     1.655  6 55774.48439283 40.086
 114 195.467901  62.718163     1.768     1.767  6 55784.40002844 31.443
 115 195.466317  62.718471     2.084     2.096  6 55794.31566183 36.878
 116 195.467672  62.720256     1.934     1.999  6 55804.23129943 31.106
 117 195.470875  62.722104     2.304     2.394  5 55814.14694957 26.455
 118 195.468561  62.720449     1.367     1.430  6 55824.06259671 38.497
 119 195.467523  62.718460     1.310     1.261  6 55833.97823926 38.363
 120 195.464929  62.717052     1.231     1.213  6 55843.89387771 40.766
 121 195.466871  62.718550     1.412     1.455  6 55853.80951382 37.684
 122 195.468335  62.720952     1.904     1.733  5 55863.72515149 46.732
 123 195.471325  62.724052     0.824     0.827  4 55873.64080576 32.222
 124 195.472212  62.724449     0.890     0.882  5 55883.55645430 21.089
 125 195.470996  62.723448     1.687     1.645  4 55893.47209626 15.127
 126 195.470802  62.722681     1.605     1.599  5 55903.38773286 31.497
 127 195.468892  62.722823     2.019     1.970  5 55913.30337051 16.225
 128 195.471768  62.725613     2.151     2.130  4 55923.21902527 14.260
 129 195.472542  62.726071     2.236     2.240  4 55933.13467666 15.260
 130 195.470959  62.723505     2.211     2.205  5 55943.05032313 14.045
 131 195.467912  62.719901     2.300     2.201  5 55952.96596503 14.499
 132 195.466700  62.718498     2.265     2.314  6 55962.88160406 13.698
 133 195.469321  62.720442     2.196     2.195  6 55972.79724179 14.164
 134 195.468610  62.722049     2.529     2.520  5 55982.71287789 12.588
 135 195.468240  62.721623     2.306     2.329  5 55992.62851202 11.097
 136 195.468976  62.720648     2.378     2.392  5 56002.54416021 11.141
 137 195.466277  62.718335     2.393     2.390  6 56012.45980922 10.669
 138 195.465539  62.718142     2.569     2.578  6 56022.37545518 10.736
 139 195.470463  62.721510     2.897     2.938  5 56032.29109934  9.556
 140 195.471044  62.724313     1.055     1.231  5 56042.20674102 14.425
 141 195.472467  62.725852     2.449     2.474  4 56052.12238018  9.300
 142 195.471867  62.724728     1.770     1.775  5 56062.03801598 34.927
 143 195.468685  62.722099     3.700     3.566  5 56071.95365503 49.114
 144 195.471748  62.723131     2.343     2.252  5 56081.86930584 35.512
 145 195.472620  62.724662     2.341     2.228  5 56091.78495389 35.244
 146 195.474859  62.726616     2.525     2.272  4 56101.70059975 28.532
 147 195.472334  62.725551     2.437     2.433  5 56111.61623053 30.830
 148 195.468360  62.722015     2.004     2.047  5 56121.53186904 30.148
 149 195.465904  62.718000     1.823     1.790  6 56131.44750390 43.410
 150 195.466568  62.716646     1.821     1.843  6 56141.36313902 47.141
 151 195.467838  62.719325     1.945     1.942  6 56151.27879040 50.934
 152 195.471097  62.723013     1.987     1.909  5 56161.19444032 31.146
 153 195.471680  62.724246     2.302     2.042  4 56171.11008801 29.477
 154 195.472302  62.722927     1.825     1.791  5 56181.02573118 34.677
 155 195.467180  62.719441     1.759     1.759  6 56190.94136969 31.917
 156 195.468446  62.718859     1.722     1.683  6 56200.85700624 33.530
 157 195.467623  62.719862     1.859     1.735  6 56210.77264044 35.142
 158 195.469698  62.722198     1.866     1.822  5 56220.68827312 46.145
 159 195.471844  62.725031     1.229     1.163  5 56230.60392462 42.484
 160 195.473050  62.725633     1.168     1.161  4 56240.51957775 42.349
 161 195.471748  62.724672     1.049     1.054  5 56250.43522652 26.123
 162 195.472014  62.723929     1.226     1.245  5 56260.35087072 25.258
 163 195.472802  62.724421     1.188     1.156  5 56270.26651268 22.407
 164 195.471148  62.724370     1.626     1.626  5 56280.18215267 16.477
 165 195.473385  62.725567     1.734     1.730  4 56290.09780477 19.162
 166 195.471358  62.723710     1.804     1.838  4 56300.01345262 15.986
 167 195.469749  62.721208     2.365     2.366  6 56309.92909636 13.744
 168 195.468223  62.719782     2.419     2.441  6 56319.84473783 11.805
 169 195.470141  62.721401     2.329     2.281  5 56329.76037903 11.798
 170 195.470959  62.723193     2.583     2.628  5 56339.67601937 12.609
 171 195.472072  62.723706     2.450     2.432  5 56349.59165744 12.192
 172 195.469864  62.721353     2.856     2.867  6 56359.50729326 11.436
 173 195.468131  62.720070     2.818     2.776  6 56369.42294319 11.082
 175 195.470705  62.723440     2.810     2.841  4 56389.25423656 10.519
 176 195.472687  62.726118     2.838     2.855  5 56399.16988044 10.896
 177 195.474243  62.727332     2.981     3.003  4 56409.08552160  9.443
 178 195.472082  62.725654     2.692     2.657  4 56419.00115763 10.365
 179 195.471217  62.723473     0.944     0.638  5 56428.91679131 15.989
 180 195.471425  62.724022     1.771     1.847  5 56438.83244500 43.753
 181 195.471657  62.724904     4.539     4.538  5 56448.74809616 50.524
 182 195.473284  62.725830     2.812     2.638  4 56458.66374524 32.318
 183 195.471574  62.724714     2.529     2.514  4 56468.57939048 38.424
 184 195.469409  62.722770     2.219     2.187  5 56478.49503160 32.362
 185 195.469146  62.720934     2.144     2.130  5 56488.41066905 29.310
 186 195.468173  62.719910     1.856     1.855  6 56498.32630406 41.433
 187 195.468071  62.719770     1.645     1.654  6 56508.24193809 38.671
 188 195.467682  62.720277     1.560     1.548  6 56518.15757693 38.306
 189 195.470244  62.722036     1.498     1.508  5 56528.07323160 40.184
 190 195.468510  62.721682     1.687     1.678  5 56537.98888140 35.804
 191 195.468896  62.721503     2.023     2.014  5 56547.90452738 50.789
 192 195.471545  62.722925     1.544     1.557  5 56557.82017110 37.886
 193 195.471885  62.724352     1.380     1.407  5 56567.73581366 34.507
 194 195.470699  62.725430     1.600     1.606  4 56577.65145471 37.357
 195 195.473129  62.725927     1.678     1.742  4 56587.56709242 36.318
 196 195.473139  62.725078     1.578     1.574  4 56597.48273356 39.181
 197 195.471751  62.724645     1.798     1.862  5 56607.39838494 46.007
 198 195.471929  62.724854     1.244     1.191  4 56617.31403167 43.964
 199 195.471443  62.724756     1.033     1.020  5 56627.22967497 32.538
 200 195.472696  62.724469     1.290     1.216  5 56637.14531566 30.854
 201 195.469192  62.722121     1.765     1.600  5 56647.06095680 26.252
 202 195.469606  62.721667     1.864     1.916  6 56656.97660894 24.669
 203 195.469254  62.721222     1.682     1.706  6 56666.89225664 36.850
 204 195.467991  62.721633     1.858     1.853  5 56676.80790167 37.857
 205 195.469258  62.722965     1.591     1.550  5 56686.72354582 40.848
 206 195.471896  62.723897     2.086     1.963  5 56696.63918801 26.543
 207 195.470990  62.722555     2.192     2.134  5 56706.55482505 23.942
 208 195.469832  62.720736     1.440     1.514  5 56716.47045867 28.094
 209 195.469527  62.721865   -75.652   -75.490  5 56726.38611192  9.095
 210 195.471393  62.724462     1.892     1.888  4 56736.30176160 16.553
 211 195.474036  62.727296     1.860     1.872  4 56746.21740803 16.539
 212 195.473449  62.727476     1.965     1.940  3 56756.13304958 15.681
 213 195.473222  62.725905     1.816     1.753  4 56766.04868527 39.090
 214 195.471025  62.723954     1.538     1.595  5 56775.96432548 40.336
 215 195.473542  62.725584     1.636     1.623  4 56785.87998246 41.788
 216 195.473330  62.727018     2.141     2.139  4 56795.79563549 38.898
 217 195.474363  62.728055     2.163     2.096  3 56805.71128422 32.133
 218 195.474981  62.726866     1.746     1.751  4 56815.62692599 35.573
 219 195.472125  62.723705     1.823     1.841  5 56825.54256377 37.536
 220 195.467794  62.720358   -74.389   -74.452  6 56835.45819778  7.444
 221 195.467996  62.719594     2.314     2.280  6 56845.37382923 44.420
 222 195.468078  62.721139     2.258     2.213  5 56855.28947605 35.248
 223 195.471857  62.723996     2.032     2.047  4 56865.20513034 34.584
 224 195.470532  62.724173     1.955     1.963  5 56875.12078302 30.472
 225 195.471414  62.724104     1.905     1.921  4 56885.03643275 33.660
 226 195.469478  62.723197     1.712     1.777  5 56894.95207912 37.608
 227 195.471986  62.724684     1.534     1.530  4 56904.86772296 36.918
 228 195.474472  62.727248     2.500     2.304  4 56914.78336473 29.790
 229 195.473470  62.728383     1.893     1.897  4 56924.69900419 48.297
 230 195.474292  62.728201     1.302     1.269  4 56934.61464086 37.867
 231 195.471608  62.725069     1.429     1.423  4 56944.53027160 31.855
 232 195.469565  62.723148     1.262     1.345  5 56954.44592013 43.485
 233 195.470418  62.723455     1.740     1.717  4 56964.36157009 43.070
 234 195.471400  62.724990     2.071     1.993  5 56974.27721560 49.018
 235 195.471569  62.725849     1.215     1.220  4 56984.19285660 39.336
 236 195.471867  62.724438     1.053     1.044  5 56994.10849240 28.421
 237 195.469534  62.720789     1.471     1.517  5 57004.02413048 20.583
 238 195.469122  62.719598     1.540     1.514  6 57013.93978649 19.243
 239 195.468476  62.720149     1.401     1.276  5 57023.85543755 40.007
 240 195.470295  62.723210     1.544     1.605  5 57033.77108655 25.973
 241 195.474323  62.726135     1.759     1.765  4 57043.68673331 18.549
 242 195.472517  62.725485     1.770     1.756  5 57053.60237661 16.906
 243 195.468240  62.722235     1.872     1.901  5 57063.51801484 14.990
 244 195.468353  62.720546     1.253     1.301  6 57073.43364860 26.570
 245 195.468461  62.720559     1.643     1.677  5 57083.34927890 26.005
 246 195.472718  62.724761     1.859     1.831  5 57093.26492901 19.936
 247 195.475041  62.728550     1.775     1.803  4 57103.18058663 19.560
 248 195.475343  62.729162     1.776     1.734  3 57113.09623993 19.030
 249 195.473333  62.726680     1.953     1.925  4 57123.01188664 14.445
 250 195.471825  62.724176     2.267     2.242  4 57132.92752793 11.623
 251 195.471912  62.723283     2.228     2.192  5 57142.84316478 30.885
 252 195.472234  62.723881     1.704     1.654  5 57152.75879884 44.095
 253 195.470069  62.723373     2.682     2.628  5 57162.67443130 37.231
 254 195.472272  62.724362     2.603     2.541  5 57172.59008867 49.583
 255 195.470425  62.722381     2.262     2.398  5 57182.50574234 40.398
 256 195.468739  62.720392     2.130     2.078  5 57192.42139218 42.736
 257 195.468690  62.720724     1.538     1.529  5 57202.33703981 43.775
 258 195.472020  62.723599     1.575     1.600  5 57212.25267455 41.013
 259 195.472834  62.725636     1.815     1.822  4 57222.16831872 38.149
 260 195.471499  62.725319     1.637     1.706  4 57232.08396099 38.148
 261 195.471247  62.723894     1.622     1.709  4 57241.99960060 38.824
 262 195.469651  62.721820     1.888     1.830  6 57251.91523742 45.654
 263 195.468120  62.721422     1.654     1.697  5 57261.83087258 34.501
 264 195.469972  62.723302     1.945     1.867  5 57271.74650707 41.690
 265 195.472762  62.727011     1.867     1.853  4 57281.66216472 47.513
 266 195.473640  62.728053     1.961     1.965  3 57291.57781989 51.494
 267 195.473533  62.726691     2.689     2.600  4 57301.49347156 30.323
 268 195.470358  62.723844     1.715     1.730  4 57311.40911908 35.013
 269 195.470346  62.723280     2.026     2.256  5 57321.32476388 47.505
 270 195.470851  62.724516     1.753     1.807  5 57331.24040654 36.082
 271 195.471229  62.725839     1.543     1.500  4 57341.15604713 43.254
 272 195.472533  62.726423     2.479     2.477  4 57351.07169837 38.810
 273 195.471324  62.723977     1.594     1.586  4 57360.98734294 22.004
 274 195.469654  62.721004     1.571     1.560  5 57370.90298419 23.996
 275 195.467492  62.720006     1.710     1.717  5 57380.81862340 19.730
 276 195.469809  62.721997     1.808     1.841  6 57390.73426239 23.007
 277 195.471500  62.723714     1.969     2.024  5 57400.64990030 23.685
 278 195.469536  62.723176     2.006     2.008  5 57410.56554004 20.202
 279 195.472390  62.723657     2.020     2.021  5 57420.48119252 19.058
 280 195.472100  62.723702     2.022     2.040  5 57430.39684212 17.037
 281 195.472838  62.725170     2.157     2.149  4 57440.31248996 17.003
 282 195.473317  62.727182     2.032     2.114  4 57450.22813690 17.644
 283 195.474135  62.728464     2.156     2.178  4 57460.14378237 16.968
 284 195.473226  62.727436     2.114     2.123  4 57470.05942419 15.765
 285 195.471427  62.724663     2.472     2.367  5 57479.97506167 13.860
 286 195.468369  62.721658     1.813     1.803  5 57489.89069593 30.582
 287 195.468786  62.720377     2.195     2.189  6 57499.80632863 33.571
 288 195.467859  62.720850     1.499     1.507  5 57509.72197306 39.058
 289 195.472667  62.723649     2.140     2.117  5 57519.63762950 36.606
 290 195.472192  62.724060     2.148     2.123  5 57529.55328247 38.097
 291 195.470214  62.722629     1.777     1.691  5 57539.46893196 39.337
 292 195.469096  62.721275     2.098     2.110  6 57549.38457887 28.693
 293 195.468867  62.721210     1.709     1.690  5 57559.30022471 33.214
 294 195.470769  62.723078     1.560     1.578  4 57569.21587031 34.671
 295 195.472761  62.725016     1.713     1.712  4 57579.13151552 37.587
 296 195.471546  62.725203     2.310     2.022  4 57589.04715869 26.968
 297 195.473204  62.725192     2.639     2.554  4 57598.96279942 27.004
