-115904.659    -9.234     0.00    1.78
-115618.591    -9.038     0.68    1.71
-115332.535    -8.791     0.87    1.52
-115046.490    -8.540     0.88    1.44
-114760.457    -8.077     1.62    1.41
-114474.435    -7.592     1.70    1.60
-114188.425    -6.885     2.47    1.98
-113902.426    -5.879     3.52    2.26
-113616.439    -4.719     4.06    3.23
-113330.464    -3.343     4.81    4.08
-113044.500    -1.673     5.84    4.60
-112758.548    -0.284     4.86    4.63
-112472.607     0.683     3.38    4.62
-112186.678     2.055     4.80    5.05
-111900.760     3.529     5.16    5.38
-111614.854     5.031     5.25    5.76
-111328.959     6.077     3.66    6.04
-111043.076     7.237     4.06    6.37
-110757.205     8.595     4.75    7.12
-110471.345    10.017     4.97    7.62
-110185.496    11.344     4.64    8.16
-109899.659    11.896     1.93    8.82
-109613.834    12.870     3.40    9.61
-109328.020    13.107     0.83   10.02
-109042.218    13.223     0.41   10.25
-108756.427    13.449     0.79   11.00
-108470.648    12.940    -1.78   10.87
-108184.880    12.954     0.05   11.05
-107899.124    11.823    -3.96    9.18
-107613.380    11.603    -0.77    8.55
-107327.646    10.551    -3.68    6.17
-107041.925    11.062     1.79    5.98
-106756.215    11.464     1.41    5.70
-106470.516    12.031     1.99    5.74
-106184.829    12.731     2.45    6.05
-105899.154    12.573    -0.55    5.17
-105613.490    13.143     1.99    5.36
-105327.837    13.084    -0.20    5.13
-105042.196    13.842     2.65    6.40
-104756.567    14.481     2.24    7.16
-104470.949    15.350     3.04    7.81
-104185.342    16.947     5.59    8.54
-103899.747    18.212     4.43    8.74
-103614.164    22.165    13.84   12.45
-103328.592    24.509     8.21   13.78
-103043.031    29.522    17.56   16.64
-102757.482    33.738    14.77   17.92
-102471.944    41.602    27.54   22.38
-102186.418    53.652    42.20   30.75
-101900.904    70.529    59.11   43.59
-101615.401    93.309    79.79   57.82
-101329.909   115.220    76.75   62.86
-101044.429   138.858    82.80   71.73
-100758.960   162.084    81.36   66.66
-100473.503   182.344    70.97   66.69
-100188.058   207.935    89.66   71.00
 -99902.623   233.507    89.59   79.92
 -99617.201   267.450   118.93   90.69
 -99331.790   305.925   134.81   99.56
 -99046.390   350.493   156.16   91.52
 -98761.001   382.493   112.13   70.76
 -98475.625   390.055    26.50   59.60
 -98190.259   384.746   -18.61   66.23
 -97904.905   362.381   -78.38   83.66
 -97619.563   322.240  -140.68   91.60
 -97334.232   284.281  -133.04   87.45
 -97048.912   240.277  -154.23   77.81
 -96763.604   208.436  -111.61   64.37
 -96478.308   188.070   -71.39   50.28
 -96193.022   187.791    -0.98   54.06
 -95907.749   203.454    54.91   72.31
 -95622.486   222.993    68.50   78.98
 -95336.867   244.581    75.58   75.22
 -95049.037   268.305    82.43   67.27
 -94761.220   285.107    58.38   65.78
 -94473.414   279.187   -20.57   74.87
 -94185.622   264.940   -49.51   75.20
 -93897.842   251.181   -47.81   68.64
 -93610.074   241.646   -33.14   54.01
 -93322.319   246.628    17.32   51.58
 -93034.576   258.160    40.08   57.87
 -92746.846   288.649   105.97   79.65
 -92459.128   318.107   102.39   81.18
 -92171.423   339.968    75.98   83.44
 -91883.730   360.871    72.66   70.83
 -91596.050   368.702    27.22   62.07
 -91308.382   359.129   -33.28   58.68
 -91020.727   342.208   -58.83   62.46
 -90733.084   321.501   -71.99   61.86
 -90445.454   298.151   -81.18   55.39
 -90157.836   276.307   -75.95   53.20
 -89870.230   256.092   -70.29   43.96
 -89582.638   247.187   -30.97   40.32
 -89295.057   246.836    -1.22   46.85
 -89007.489   259.077    42.57   57.75
 -88719.933   280.738    75.33   69.08
 -88432.390   304.595    82.97   66.75
 -88144.860   321.957    60.38   53.19
 -87857.341   327.513    19.33   47.16
 -87569.836   322.260   -18.27   48.08
 -87282.342   310.909   -39.48   53.55
 -86994.861   285.289   -89.12   54.69
 -86707.393   260.009   -87.94   50.30
 -86419.937   240.642   -67.38   46.93
 -86132.493   224.342   -56.71   38.10
 -85845.062   213.334   -38.30   26.57
 -85557.643   211.668    -5.80   24.37
 -85270.237   213.763     7.29   22.42
 -84982.843   218.781    17.46   23.05
 -84695.462   226.369    26.40   25.50
 -84408.093   230.774    15.33   25.20
 -84120.736   236.695    20.61   23.56
 -83833.392   244.787    28.16   23.96
 -83546.060   256.263    39.94   28.86
 -83258.741   269.054    44.52   32.63
 -82971.434   285.698    57.93   41.09
 -82684.140   303.466    61.85   49.74
 -82396.858   323.461    69.60   56.59
 -82109.588   353.453   104.40   71.67
 -81822.331   382.744   101.97   80.66
 -81535.086   403.054    70.71   77.55
 -81247.854   415.816    44.43   69.64
 -80960.634   426.640    37.69   63.37
 -80673.426   437.307    37.14   61.66
 -80386.231   443.457    21.42   68.27
 -80099.048   454.630    38.90   72.12
 -79811.877   467.671    45.41   68.35
 -79524.719   479.842    42.38   56.57
 -79237.574   481.410     5.46   54.84
 -78950.440   475.167   -21.74   60.66
 -78663.320   455.950   -66.93   69.32
 -78376.211   425.478  -106.14   73.01
 -78089.115   399.452   -90.66   69.07
 -77802.031   374.213   -87.92   63.54
 -77514.960   349.406   -86.42   57.13
 -77227.901   332.834   -57.73   53.02
 -76940.854   314.135   -65.14   51.06
 -76653.820   301.823   -42.90   50.24
 -76366.798   292.516   -32.43   49.11
 -76079.789   281.780   -37.41   48.98
 -75792.791   267.894   -48.39   46.36
 -75505.807   255.129   -44.48   44.08
 -75218.834   252.023   -10.82   45.31
 -74931.874   262.346    35.97   57.86
 -74644.927   275.274    45.06   67.76
 -74357.991   293.245    62.63   69.56
 -74071.068   310.084    58.69   62.56
 -73784.158   318.703    30.04   58.33
 -73497.259   317.438    -4.41   58.94
 -73210.373   305.537   -41.48   61.89
 -72923.500   296.838   -30.32   63.00
 -72636.639   286.262   -36.87   62.68
 -72349.790   271.933   -49.96   60.69
 -72062.953   251.974   -69.58   54.52
 -71776.129   228.994   -80.12   55.61
 -71489.317   208.307   -72.13   61.83
 -71202.517   185.173   -80.66   64.73
 -70915.730   158.781   -92.03   50.82
 -70628.955   154.621   -14.51   49.46
 -70342.193   158.145    12.29   54.64
 -70055.443   168.687    36.77   61.16
 -69768.705   190.774    77.03   63.35
 -69481.979   214.388    82.36   59.04
 -69195.266   238.855    85.34   51.57
 -68908.565   264.944    91.00   55.54
 -68621.876   278.819    48.40   60.51
 -68335.200   287.267    29.47   58.54
 -68048.536   294.039    23.62   56.46
 -67761.884   289.301   -16.53   63.88
 -67475.245   269.106   -70.45   76.96
 -67188.618   245.566   -82.13   77.17
 -66902.003   218.440   -94.64   59.91
 -66615.400   205.550   -44.98   46.75
 -66328.810   204.182    -4.77   42.65
 -66042.232   210.382    21.63   46.83
 -65755.667   226.588    56.55   53.33
 -65469.113   246.084    68.04   51.63
 -65182.572   269.227    80.77   51.66
 -64896.044   287.275    62.99   56.45
 -64609.527   308.692    74.75   63.85
 -64323.023   323.456    51.53   65.89
 -64036.531   339.137    54.74   59.20
 -63750.052   353.154    48.93   52.34
 -63463.584   365.181    41.99   46.58
 -63177.129   378.077    45.02   49.16
 -62890.687   385.791    26.93   47.32
 -62604.256   395.607    34.27   50.41
 -62317.838   413.840    63.66   61.70
 -62031.432   442.327    99.47   84.19
 -61745.038   480.955   134.88   98.82
 -61458.657   525.548   155.72  117.13
 -61172.288   574.588   171.25  118.62
 -60885.931   602.166    96.31  101.93
 -60599.586   627.736    89.30   92.41
 -60313.254   631.277    12.37   97.98
 -60026.934   630.403    -3.05   95.69
 -59740.626   608.040   -78.11  100.60
 -59454.331   582.062   -90.74  100.92
 -59168.047   565.802   -56.80   92.76
 -58881.776   550.219   -54.44   84.34
 -58595.517   525.220   -87.33   70.60
 -58309.271   501.945   -81.31   64.15
 -58023.036   478.887   -80.56   79.90
 -57736.814   453.724   -87.92   90.53
 -57450.604   426.168   -96.28   87.45
 -57164.407   404.989   -74.00   78.20
 -56878.221   382.319   -79.21   73.33
 -56592.048   365.003   -60.51   71.61
 -56305.887   358.069   -24.23   72.01
 -56019.739   354.283   -13.23   76.17
 -55733.602   350.516   -13.16   75.45
 -55447.478   334.822   -54.85   67.07
 -55161.366   320.107   -51.43   64.67
 -54875.266   301.323   -65.66   74.11
 -54589.178   276.959   -85.16   83.41
 -54303.103   247.190  -104.06   83.48
 -54017.040   212.048  -122.85   73.77
 -53730.989   188.237   -83.24   51.19
 -53444.950   183.801   -15.51   45.24
 -53158.924   189.581    20.21   51.16
 -52872.909   211.666    77.22   67.95
 -52586.907   234.077    78.36   68.47
 -52300.917   255.468    74.80   60.46
 -52014.940   268.654    46.11   52.21
 -51728.974   290.143    75.15   61.99
 -51443.021   324.348   119.62   92.89
 -51157.080   369.558   158.12  126.44
 -50871.151   421.334   181.08  140.18
 -50585.234   464.728   151.77  126.78
 -50299.329   494.768   105.07   97.73
 -50013.437   504.077    32.56   85.77
 -49727.557   478.340   -90.03  104.26
 -49441.689   449.261  -101.72  104.68
 -49155.833   418.989  -105.90   83.64
 -48869.989   418.678    -1.09   82.07
 -48584.158   437.251    64.98   93.98
 -48298.339   462.154    87.13   98.89
 -48012.532   480.822    65.32   91.08
 -47726.737   486.516    19.93   81.86
 -47440.954   469.699   -58.85   89.32
 -47155.183   431.523  -133.59  105.04
 -46869.425   386.674  -156.95   97.83
 -46583.679   349.358  -130.59   73.63
 -46297.945   334.398   -52.36   59.50
 -46012.223   324.913   -33.20   53.53
 -45726.513   329.938    17.59   58.04
 -45440.815   340.915    38.42   60.90
 -45155.130   365.493    86.03   66.23
 -44869.456   397.114   110.69   70.66
 -44583.795   407.787    37.36   73.01
 -44298.146   409.199     4.95   73.93
 -44012.509   405.630   -12.50   67.70
 -43726.885   404.930    -2.45   67.71
 -43441.272   393.123   -41.34   65.46
 -43155.672   373.340   -69.27   56.60
 -42870.083   354.168   -67.13   50.61
 -42584.507   339.637   -50.88   52.21
 -42298.943   317.994   -75.79   51.07
 -42013.391   301.669   -57.17   54.26
 -41727.851   282.205   -68.17   42.63
 -41442.324   275.592   -23.16   36.90
 -41156.808   269.788   -20.33   37.95
 -40871.305   268.993    -2.79   38.32
 -40585.814   273.192    14.71   36.93
 -40300.334   280.431    25.36   31.68
 -40014.867   290.877    36.59   32.01
 -39729.412   295.329    15.60   34.26
 -39443.970   293.024    -8.07   36.53
 -39158.539   283.023   -35.04   45.72
 -38873.120   270.069   -45.38   51.68
 -38587.714   250.711   -67.83   52.21
 -38302.320   227.603   -80.97   48.65
 -38016.937   201.287   -92.21   34.95
 -37731.567   184.961   -57.21   33.30
 -37446.209   169.989   -52.47   33.79
 -37160.863   158.657   -39.72   31.09
 -36875.529   145.352   -46.63   23.30
 -36590.208   135.274   -35.32   13.96
 -36304.898   128.865   -22.46   10.42
 -36019.600   124.304   -15.99    8.38
 -35734.315   121.121   -11.16    7.35
 -35449.042   118.223   -10.16    5.61
 -35163.780   116.716    -5.28    4.61
 -34878.531   116.196    -1.82    4.07
 -34593.294   116.472     0.97    3.97
 -34308.069   117.866     4.89    4.54
 -34022.856   119.969     7.37    6.00
 -33737.655   124.084    14.43    9.01
 -33451.871   128.630    15.91   11.28
 -33163.976   134.988    22.09   13.21
 -32876.094   141.374    22.18   13.48
 -32588.225   148.548    24.92   14.78
 -32300.369   156.706    28.34   16.22
 -32012.526   165.914    31.99   18.63
 -31724.696   177.634    40.72   23.91
 -31436.880   190.892    46.06   30.88
 -31149.077   206.918    55.68   38.18
 -30861.286   224.987    62.79   42.71
 -30573.509   242.527    60.95   42.44
 -30285.745   263.194    71.82   42.57
 -29997.994   280.800    61.19   37.71
 -29710.257   289.106    28.87   31.41
 -29422.532   291.754     9.20   31.20
 -29134.821   297.647    20.49   42.96
 -28847.122   302.577    17.13   48.09
 -28559.437   307.555    17.30   52.76
 -28271.765   306.622    -3.24   51.53
 -27984.106   304.383    -7.78   50.50
 -27696.460   305.084     2.44   47.15
 -27408.828   294.684   -36.16   40.59
 -27121.208   279.000   -54.53   44.02
 -26833.601   263.976   -52.24   48.83
 -26546.008   256.880   -24.67   51.66
 -26258.428   254.433    -8.51   55.41
 -25970.860   250.077   -15.15   57.09
 -25683.306   249.704    -1.30   62.66
 -25395.765   250.277     1.99   64.14
 -25108.237   246.890   -11.78   64.37
 -24820.722   240.425   -22.49   67.63
 -24533.221   222.731   -61.54   65.57
 -24245.732   202.887   -69.03   44.56
 -23958.256   190.333   -43.67   35.88
 -23670.794   182.977   -25.59   38.59
 -23383.344   173.751   -32.10   38.24
 -23095.908   164.603   -31.82   37.58
 -22808.484   158.137   -22.50   40.21
 -22521.074   147.484   -37.06   32.49
 -22233.677   142.271   -18.14   26.83
 -21946.293   141.551    -2.51   23.61
 -21658.922   148.159    23.00   29.63
 -21371.564   159.645    39.97   42.53
 -21084.219   178.224    64.66   55.11
 -20796.887   201.387    80.62   62.16
 -20509.568   224.492    80.41   61.22
 -20222.262   239.629    52.69   51.97
 -19934.970   248.084    29.43   43.11
 -19647.690   247.366    -2.50   42.82
 -19360.423   239.122   -28.70   48.86
 -19073.170   222.048   -59.44   53.78
 -18785.929   200.865   -73.75   52.36
 -18498.702   177.853   -80.12   46.48
 -18211.487   161.000   -58.68   42.22
 -17924.286   143.107   -62.30   37.70
 -17637.098   126.831   -56.68   33.11
 -17349.922   113.795   -45.39   27.07
 -17062.760   104.046   -33.95   20.66
 -16775.611    98.812   -18.23   17.24
 -16488.474    96.046    -9.63   14.64
 -16201.351    94.746    -4.53   13.51
 -15914.241    96.561     6.32   14.88
 -15627.144   104.033    26.02   22.29
 -15340.059   114.245    35.57   30.05
 -15052.988   121.388    24.88   34.76
 -14765.930   130.649    32.26   39.51
 -14478.885   141.499    37.80   40.69
 -14191.853   157.115    54.40   46.90
 -13904.834   163.951    23.82   52.08
 -13617.827   161.531    -8.43   51.37
 -13330.834   152.802   -30.41   52.24
 -13043.854   151.715    -3.79   47.96
 -12756.887   148.070   -12.70   43.69
 -12469.933   143.497   -15.94   38.32
 -12182.992   139.062   -15.46   31.47
 -11896.063   141.221     7.52   33.44
 -11609.148   147.383    21.48   35.18
 -11322.246   152.039    16.23   33.82
 -11035.357   150.329    -5.96   35.18
 -10748.480   144.223   -21.28   30.37
 -10461.617   141.540    -9.35   28.62
 -10174.767   139.169    -8.27   26.27
  -9887.929   139.873     2.45   27.70
  -9601.105   140.400     1.84   30.09
  -9314.294   139.298    -3.84   31.74
  -9027.495   137.161    -7.45   30.78
  -8740.710   136.490    -2.34   30.66
  -8453.937   129.769   -23.44   27.98
  -8167.178   125.032   -16.52   27.76
  -7880.431   116.802   -28.70   25.14
  -7593.698   110.203   -23.01   25.76
  -7306.977    99.677   -36.71   24.92
  -7020.269    90.833   -30.85   26.23
  -6733.574    79.153   -40.74   24.71
  -6446.893    70.892   -28.82   23.38
  -6160.224    63.957   -24.19   18.96
  -5873.568    64.346     1.36   22.70
  -5586.925    75.626    39.35   40.68
  -5300.295    92.668    59.46   52.63
  -5013.678   112.144    67.95   56.89
  -4727.073   133.250    73.64   53.54
  -4440.482   148.558    53.42   44.82
  -4153.904   155.904    25.63   38.32
  -3867.338   152.197   -12.94   38.71
  -3580.786   140.338   -41.38   39.35
  -3294.246   120.949   -67.67   46.40
  -3007.720   104.561   -57.19   47.46
  -2721.206    90.966   -47.45   44.24
  -2434.705    82.461   -29.68   36.50
  -2148.217    75.621   -23.88   37.37
  -1861.742    71.562   -14.17   42.98
  -1575.280    69.625    -6.76   51.29
  -1288.831    66.200   -11.96   55.16
  -1002.395    54.477   -40.93   57.43
   -715.971    39.397   -52.65   53.10
   -429.561    25.614   -48.12   46.66
   -143.163    11.321   -49.91   32.12
    143.221     1.784   -33.30   13.85
    429.593    -1.893   -12.84    0.26
    715.952    -1.916    -0.08    0.00
   1002.298    -1.892     0.08    0.15
   1288.631    -1.821     0.25    0.38
   1574.951    -1.746     0.26    0.52
   1861.258    -1.621     0.44    0.57
   2147.553    -1.485     0.47    0.61
   2433.834    -1.349     0.47    0.60
   2720.103    -1.231     0.41    0.57
   3006.359    -1.182     0.17    0.44
   3292.602    -0.977     0.72    0.44
   3578.832    -0.790     0.65    0.46
   3865.049    -0.631     0.55    0.47
   4151.253    -0.498     0.47    0.50
   4437.445    -0.259     0.83    0.63
   4723.623     0.010     0.94    0.75
   5009.789     0.367     1.25    0.90
   5295.942     0.825     1.60    1.06
   5582.082     1.367     1.89    1.14
   5868.209     1.973     2.12    1.31
   6154.324     2.669     2.43    1.40
   6440.425     3.413     2.60    1.48
   6726.514     4.190     2.72    1.45
   7012.589     4.956     2.67    1.38
   7298.652     5.766     2.83    1.32
   7584.703     6.463     2.44    1.31
   7870.740     7.247     2.74    1.33
   8156.764     7.934     2.40    1.35
   8442.776     8.723     2.76    1.34
   8728.775     9.415     2.42    1.31
   9014.761    10.160     2.60    1.24
   9300.734    10.846     2.40    1.29
   9586.694    11.573     2.54    1.28
   9872.641    12.245     2.35    1.31
  10158.576    13.233     3.45    1.94
  10444.498    15.615     8.33    5.96
  10730.407    20.136    15.81   12.06
  11016.303    27.024    24.09   17.65
  11302.186    36.573    33.40   23.26
  11588.057    49.487    45.17   28.91
  11873.915    61.899    43.42   28.51
  12159.760    71.741    34.43   23.14
  12445.592    78.423    23.38   20.27
  12731.411    79.410     3.45   19.48
  13017.218    76.674    -9.57   20.18
  13303.011    69.478   -25.18   18.47
  13588.792    61.708   -27.19   13.20
  13874.561    57.130   -16.02   11.28
  14160.316    53.937   -11.17   10.05
  14446.058    51.061   -10.06    7.99
  14731.788    49.695    -4.78    6.82
  15017.505    50.023     1.15    7.15
  15303.210    50.437     1.45    8.37
  15588.901    51.557     3.92    9.93
  15874.580    52.270     2.49   10.75
  16160.246    53.377     3.88   11.04
  16445.899    52.663    -2.50   11.56
  16731.539    48.461   -14.71   11.27
  17017.167    43.942   -15.82   10.26
  17302.781    39.846   -14.34    8.03
  17588.383    36.726   -10.92    7.76
  17873.973    33.693   -10.62    7.80
  18159.549    30.965    -9.55    6.98
  18445.113    28.535    -8.51    5.93
  18730.664    27.716    -2.87    5.62
  19016.202    27.100    -2.16    5.52
  19301.728    26.236    -3.03    5.84
  19587.241    25.430    -2.82    6.24
  19872.741    24.177    -4.39    6.56
  20158.228    22.277    -6.66    6.46
  20443.702    20.277    -7.01    5.90
  20729.164    18.398    -6.58    5.56
  21014.613    16.645    -6.14    5.19
  21300.049    15.181    -5.13    4.39
  21585.473    14.000    -4.14    3.61
  21870.884    13.195    -2.82    2.74
  22156.282    12.731    -1.63    2.32
  22441.667    13.234     1.76    3.46
  22727.040    14.313     3.78    5.17
  23012.400    15.868     5.45    6.58
  23297.747    18.789    10.24    8.64
  23583.082    21.769    10.44    9.57
  23868.403    24.357     9.07   10.24
  24153.712    26.799     8.56    9.89
  24439.009    28.418     5.67    8.81
  24724.292    29.930     5.30    7.76
  25009.563    30.092     0.57    4.88
  25294.821    30.246     0.54    3.66
  25580.067    29.992    -0.89    2.32
  25865.300    30.143     0.53    2.04
  26150.520    31.292     4.03    4.41
  26435.727    34.558    11.45    9.00
  26720.922    40.495    20.82   15.05
  27006.104    51.405    38.26   24.26
  27291.273    65.569    49.67   30.59
  27576.430    78.039    43.73   30.35
  27861.574    89.812    41.29   29.25
  28146.705    99.190    32.89   26.51
  28432.654   105.970    23.71   22.41
  28720.630   106.385     1.44   21.53
  29008.592   103.600    -9.67   23.96
  29296.540    96.277   -25.43   27.11
  29584.475    87.145   -31.71   28.46
  29872.395    78.336   -30.60   24.41
  30160.302    75.365   -10.32   18.40
  30448.195    76.673     4.54   18.34
  30736.074    84.015    25.50   24.95
  31023.940    95.892    41.26   30.48
  31311.792   107.898    41.71   30.03
  31599.630   115.025    24.76   26.46
  31887.454   114.848    -0.61   27.94
  32175.264   109.340   -19.14   33.25
  32463.061    94.986   -49.88   39.41
  32750.844    78.964   -55.67   36.97
  33038.613    63.895   -52.36   31.62
  33326.368    51.445   -43.26   24.50
  33614.110    42.931   -29.59   20.00
  33901.838    38.373   -15.84   15.16
  34189.552    38.100    -0.95   15.04
  34477.252    41.188    10.73   17.33
  34764.939    48.710    26.15   22.44
  35052.611    59.321    36.89   28.49
  35340.271    72.977    47.47   33.36
  35627.916    84.773    41.01   30.98
  35915.548    91.684    24.03   26.31
  36203.166    93.803     7.37   23.22
  36490.770    92.061    -6.06   25.04
  36778.360    83.047   -31.34   29.13
  37065.937    70.504   -43.61   29.24
  37353.500    56.023   -50.36   24.23
  37641.049    44.348   -40.60   22.21
  37928.585    34.577   -33.98   20.24
  38216.107    25.662   -31.00   17.02
  38503.615    19.397   -21.79   13.39
  38791.109    14.033   -18.66    8.44
  39078.590    11.037   -10.42    3.79
  39366.057    10.430    -2.11    1.93
  39653.510    11.115     2.38    3.23
  39940.950    12.182     3.71    4.62
  40228.376    13.169     3.43    4.79
  40515.788    14.652     5.16    5.45
  40803.186    16.703     7.14    6.39
  41090.571    18.047     4.68    7.06
  41377.942    18.821     2.69    7.75
  41665.300    19.255     1.51    9.14
  41952.643    18.736    -1.81    9.63
  42239.973    17.165    -5.47    9.85
  42527.290    14.907    -7.86    9.22
  42814.593    12.113    -9.73    6.59
  43101.882     9.836    -7.93    3.30
  43389.157     9.106    -2.54    2.09
  43676.419     8.891    -0.75    1.73
  43963.667     9.336     1.55    2.08
  44250.901     9.929     2.06    2.38
  44538.122    10.516     2.04    2.46
  44825.329    11.215     2.43    2.37
  45112.522    11.911     2.42    1.96
  45399.702    12.415     1.75    1.22
  45686.868    12.656     0.84    0.62
  45974.020    12.631    -0.09    0.62
  46261.159    12.671     0.14    0.69
  46548.284    12.881     0.73    0.80
  46835.396    13.009     0.45    0.78
  47122.493    13.138     0.45    0.73
  47409.578    13.219     0.28    0.66
  47696.648    13.002    -0.76    1.09
  47983.705    12.626    -1.31    1.35
  48270.748    12.321    -1.06    1.35
  48557.778    12.168    -0.53    1.27
  48844.794    12.084    -0.29    1.24
  49131.797    11.993    -0.32    1.20
  49418.785    12.069     0.27    1.13
  49705.761    12.139     0.24    0.89
  49992.722    12.122    -0.06    0.71
  50279.670    11.787    -1.16    0.85
  50566.604    11.400    -1.35    1.03
  50853.525    10.823    -2.01    1.19
  51140.432    10.225    -2.08    1.36
  51427.326     9.542    -2.38    1.43
  51714.206     8.834    -2.47    1.47
  52001.072     8.084    -2.61    1.56
  52287.925     7.299    -2.74    1.58
  52574.764     6.545    -2.63    1.48
  52861.589     5.766    -2.72    1.50
  53148.401     5.022    -2.59    1.41
  53435.199     4.302    -2.51    1.38
  53721.984     3.718    -2.04    1.34
  54008.755     3.069    -2.26    1.30
  54295.513     2.493    -2.01    1.22
  54582.257     1.987    -1.77    1.18
  54868.987     1.637    -1.22    1.02
  55155.704     1.325    -1.09    0.99
  55442.407     1.168    -0.55    0.84
  55729.097     1.122    -0.16    0.82
  56015.773     1.207     0.30    0.78
  56302.436     1.342     0.47    0.71
  56589.085     1.491     0.52    0.68
  56875.720     1.599     0.38    0.60
  57162.342     1.658     0.20    0.56
  57448.951     1.666     0.03    0.54
  57735.545     1.687     0.07    0.51
  58022.127     1.713     0.09    0.52
  58308.694     1.831     0.41    0.59
  58595.248     1.972     0.49    0.67
  58881.789     2.184     0.74    0.71
  59168.316     2.505     1.12    0.82
  59454.830     2.829     1.13    0.86
  59741.330     3.241     1.44    0.90
  60027.816     3.618     1.32    0.94
  60314.289     4.137     1.81    0.96
  60600.748     4.558     1.47    0.98
  60887.194     5.084     1.84    1.01
  61173.627     5.565     1.68    1.00
  61460.045     6.092     1.84    1.07
  61746.451     6.637     1.90    1.04
  62032.843     7.214     2.01    1.12
  62319.221     7.796     2.03    1.12
  62605.586     8.382     2.04    1.16
  62891.937     9.025     2.25    1.18
  63178.275     9.619     2.07    1.17
  63464.599    10.263     2.25    1.19
  63750.910    10.929     2.33    1.19
  64037.207    11.584     2.29    1.18
  64323.490    12.200     2.15    1.17
  64609.761    12.831     2.20    1.14
  64896.017    13.352     1.82    1.04
  65182.261    13.806     1.59    0.92
  65468.491    14.145     1.18    0.75
  65754.707    14.348     0.71    0.67
  66040.910    14.501     0.54    0.55
  66327.099    14.535     0.12    0.56
  66613.275    14.592     0.20    0.50
  66899.437    14.671     0.28    0.49
  67185.586    14.759     0.31    0.47
  67471.721    14.836     0.27    0.43
  67757.843    14.937     0.35    0.36
  68043.952    15.017     0.28    0.25
  68330.047    15.069     0.18    0.12
  68616.128    15.121     0.18    0.19
  68902.197    15.170     0.17    0.28
  69188.251    15.405     0.82    0.71
  69474.292    15.677     0.95    1.00
  69760.320    16.249     2.00    1.61
  70046.334    17.061     2.84    2.48
  70332.335    18.696     5.72    4.25
  70618.323    21.454     9.64    7.00
  70904.297    26.468    17.53   11.02
  71190.257    34.263    27.26   18.53
  71476.204    47.166    45.12   27.43
  71762.138    61.514    50.18   34.90
  72048.058    83.032    75.26   42.09
  72333.965   101.360    64.10   44.24
  72619.858   122.904    75.35   41.03
  72905.738   137.423    50.79   33.37
  73191.604   147.031    33.61   24.00
  73477.458   151.631    16.09   19.94
  73763.297   151.901     0.95   22.42
  74049.123   148.728   -11.10   26.96
  74334.936   144.359   -15.29   29.20
  74620.736   143.069    -4.51   29.53
  74906.522   145.077     7.02   28.86
  75192.294   147.713     9.23   26.37
  75478.053   147.474    -0.84   23.21
  75763.799   145.919    -5.44   22.42
  76049.531   140.138   -20.23   27.10
  76335.250   129.758   -36.33   34.34
  76620.956   113.530   -56.80   36.49
  76906.648    94.741   -65.76   36.10
  77192.327    75.738   -66.52   30.83
  77477.992    60.505   -53.32   26.47
  77763.644    48.325   -42.64   22.18
  78049.283    39.468   -31.01   19.94
  78334.908    30.892   -30.02   17.28
  78620.520    25.287   -19.62   14.80
  78906.119    19.623   -19.83   10.24
  79191.704    17.751    -6.55    8.41
  79477.275    15.484    -7.94    4.35
  79762.834    15.002    -1.69    1.92
  80048.379    15.214     0.74    1.71
  80333.910    15.766     1.93    2.07
  80619.429    16.123     1.25    2.28
  80904.934    16.723     2.10    2.79
  81190.425    17.185     1.62    2.98
  81475.903    18.017     2.91    3.52
  81761.368    18.772     2.65    3.76
  82046.820    19.821     3.68    4.26
  82332.258    21.045     4.29    4.40
  82617.683    22.711     5.84    4.87
  82903.094    25.147     8.53    5.73
  83188.492    28.736    12.58    8.32
  83473.877    35.170    22.54   14.17
  83759.248    43.388    28.80   21.29
  84044.606    54.553    39.13   28.37
  84329.951    65.010    36.64   31.63
  84615.283    76.883    41.61   32.48
  84900.601    84.814    27.80   30.67
  85185.905    92.992    28.66   28.42
  85471.197    96.972    13.95   27.88
  85756.475   101.354    15.36   27.99
  86041.740   104.711    11.77   30.04
  86326.991   112.177    26.17   31.86
  86612.229   118.569    22.41   35.28
  86897.454   127.643    31.81   35.63
  87182.666   132.726    17.82   35.26
  87467.864   136.209    12.21   32.78
  87753.049   134.754    -5.10   32.29
  88038.221   133.328    -5.00   29.78
  88323.379   125.495   -27.47   28.76
  88608.524   121.037   -15.63   25.52
  88893.656   114.920   -21.45   24.42
  89178.774   115.541     2.18   24.54
  89463.879   120.706    18.11   27.27
  89748.971   128.348    26.81   30.22
  90034.050   135.062    23.55   29.48
  90320.234   137.454     8.36   26.41
  90608.272   134.115   -11.59   28.18
  90896.295   125.626   -29.47   34.52
  91184.304   111.100   -50.44   39.80
  91472.299    93.723   -60.33   38.75
  91760.279    77.270   -57.13   31.93
  92048.245    62.413   -51.59   22.26
  92336.196    51.889   -36.55   15.20
  92624.133    44.950   -24.10   11.19
  92912.056    42.006   -10.22    9.01
  93199.964    41.786    -0.77    9.95
  93487.858    42.777     3.44   10.30
  93775.738    43.214     1.52    9.79
  94063.603    43.245     0.11    9.62
  94351.453    42.466    -2.70   10.21
  94639.290    40.706    -6.12   10.89
  94927.112    37.358   -11.63    9.79
  95214.919    35.069    -7.95    7.36
  95502.712    35.888     2.84    9.71
  95790.491    39.940    14.08   16.31
  96078.256    44.671    16.44   19.98
