# NaN NaN NaN ;Mean Elev.(m), Avg Gradient(m/km), RMS Gradient(m/km) - SRTM1     
#   54.644  -8.876  96.041 ;Mean Elev.(m), Avg Gradient(m/km), RMS Gradient(m/km) - ASTER GDEM
#   45.720  -8.085  98.859 ;Mean Elev.(m), Avg Gradient(m/km), RMS Gradient(m/km) - GMTED2010 
   1 204.757880  64.839341    46.828    46.828  2 54662.06333741 13.835
   4 204.767702  64.839848    47.089    46.908  3 54691.81026967 38.982
  10 204.758778  64.836360   100.446   100.445  4 54751.30415009 21.626
  11 204.760962  64.836190    96.178    92.011  4 54761.21979686 23.059
  12 204.759415  64.835770    44.768    44.749  4 54771.13544090 41.145
  13 204.758379  64.835269    45.086    45.115  4 54781.05108185 32.344
  14 204.755644  64.835437    44.942    44.948  3 54790.96672006 30.126
  15 204.757523  64.836162    44.792    44.853  4 54800.88235759 24.690
  16 204.760735  64.837071    44.290    44.284  4 54810.79799529 21.007
  17 204.763533  64.837885    44.665    44.649  4 54820.71363558 21.055
  18 204.762662  64.837831    54.257    51.465  4 54830.62928779  8.527
  19 204.764141  64.837426    50.565    44.871  4 54840.54492673 10.483
  20 204.760022  64.838370    93.740    93.740  2 54850.46057529  0.599
  21 204.762406  64.838978    44.685    44.646  4 54860.37622400 10.361
  23 204.763291  64.838467    45.250    45.242  4 54880.20752008  9.817
  24 204.764159  64.836216    45.391    45.391  2 54890.12316446  9.430
  25 204.753948  64.835574    45.868    45.898  4 54900.03880467  7.405
  26 204.754916  64.835239    45.563    45.505  4 54909.95444379  8.323
  27 204.757239  64.836258    45.407    45.334  4 54919.87008173  7.903
  28 204.759098  64.837255    45.365    45.365  4 54929.78571927  7.961
  29 204.759697  64.836964    44.271    44.199  3 54939.70135577 12.229
  30 204.757565  64.836193    76.198    68.089  3 54949.61699041 10.977
  31 204.757750  64.835300    72.402    70.646  4 54959.53262891 33.146
  32 204.757314  64.835695    98.254    96.902  4 54969.44827742 26.925
  33 204.759132  64.836794   100.582   100.423  3 54979.36392489 14.161
  35 204.759951  64.837762    51.435    50.248  4 54999.19521938 16.343
  36 204.759877  64.837569    60.554    61.603  4 55009.11086486 15.162
  37 204.760874  64.837510    47.244    47.215  3 55019.02650868 50.744
  38 204.762439  64.838341    93.713    93.669  4 55028.94215119 25.380
  39 204.767368  64.838959    93.502    93.528  4 55038.85779349 20.751
  40 204.767466  64.839772    64.102    63.217  4 55048.77343412  6.348
  41 204.766742  64.838942    60.982    65.125  4 55058.68907273  9.036
  42 204.761036  64.837440    44.953    44.901  4 55068.60471128 20.153
  43 204.754870  64.835834    45.536    45.616  4 55078.52036077 24.508
  44 204.753938  64.835459    46.509    46.207  4 55088.43600837 47.474
  45 204.758914  64.835994    45.434    45.451  4 55098.35165494 53.210
  46 204.761816  64.836988    92.242    92.240  4 55108.26730078 26.397
  47 204.759621  64.836989    91.900    91.372  3 55118.18294526 27.289
  48 204.754588  64.835807    97.630    98.506  4 55128.09858724 17.890
  49 204.751042  64.834689    96.966    92.563  4 55138.01422721 21.036
  50 204.755082  64.834610   101.777   100.830  4 55147.92986621  3.637
  51 204.756912  64.836850    45.033    45.047  4 55157.84550429 25.896
  52 204.764648  64.838029    45.220    45.231  4 55167.76114284 24.043
  53 204.765440  64.838772    45.592    45.624  4 55177.67678020 22.296
  54 204.760929  64.838451    64.921    69.313  4 55187.59242402  6.471
  55 204.761233  64.837561    53.360    45.780  3 55197.50807499  8.922
  56 204.761413  64.838074    45.618    45.659  4 55207.42372474 14.662
  57 204.766141  64.838795    45.199    45.205  4 55217.33937430 14.854
  58 204.764768  64.839275    44.884    44.927  4 55227.25502264 15.688
  59 204.762139  64.838008    44.911    44.873  3 55237.17066825 15.241
  60 204.758286  64.835735    44.770    44.747  4 55247.08631035 15.362
  62 204.753187  64.834678    80.763    81.014  3 55266.91758860  0.603
  63 204.757287  64.836295    44.889    44.875  4 55276.83322714 14.053
  65 204.760730  64.837528    66.813    66.977  3 55296.66449955  5.624
  66 204.758481  64.835796    79.775    79.819  4 55306.58014020  4.296
  67 204.753349  64.834663    98.426    98.561  4 55316.49578661 13.577
  68 204.756610  64.834583   107.361   106.653  4 55326.41143237 22.088
  69 204.756457  64.836827    45.921    45.955  4 55336.32707655 48.345
  70 204.762401  64.838062    48.095    48.999  3 55346.24272090 31.057
  71 204.764478  64.838291    49.917    49.946  3 55356.15836369 22.460
  72 204.764061  64.837880    51.591    50.134  4 55366.07400430 18.664
  73 204.764140  64.837454    46.263    46.229  4 55375.98964348 50.768
  74 204.762807  64.838357    92.483    92.379  4 55385.90528150 29.385
  75 204.765253  64.839212   100.921   102.131  4 55395.82091899 18.705
  76 204.765003  64.839913    92.942    92.706  4 55405.73655964 27.372
  77 204.762640  64.838682    53.488    47.116  4 55415.65221092 13.952
  78 204.758219  64.836498    99.429    99.689  4 55425.56785882 25.424
  79 204.752692  64.835104    47.231    47.282  4 55435.48350388 51.393
  80 204.752342  64.835037    46.800    46.730  4 55445.39914792 50.878
  81 204.755788  64.836126    66.247    72.838  4 55455.31479133  9.560
  82 204.760538  64.837243    92.129    91.928  4 55465.23043413 26.419
  83 204.762416  64.837089    44.738    44.737  4 55475.14607389 36.521
  84 204.756351  64.836434    44.096    44.100  4 55485.06170991 37.427
  85 204.756654  64.834855    94.100    90.765  4 55494.97734449 18.559
  86 204.757713  64.835471    99.841    99.655  4 55504.89297814  5.057
  87 204.763144  64.836562    55.291    55.291  2 55514.80862884 12.190
  88 204.763097  64.838606    98.790    99.519  4 55524.72427837  5.219
  90 204.763464  64.838233    44.543    44.552  3 55544.55557205 15.643
  91 204.762416  64.837644    44.688    44.699  4 55554.47121590 13.750
  94 204.764262  64.838244    86.424    86.424  2 55584.21814188  0.205
  95 204.761692  64.837408    44.696    44.702  4 55594.13377905 13.344
  96 204.760327  64.836093    44.712    44.694  4 55604.04941305 11.916
  99 204.757652  64.837133    62.621    67.562  4 55633.79633536  5.834
 100 204.761290  64.836941    71.076    74.639  4 55643.71198620  4.499
 103 204.750638  64.836084    91.592    91.592  2 55673.45891635  0.327
 104 204.756565  64.835836    51.773    44.878  4 55683.37455555 14.456
 105 204.759780  64.837314    94.949    98.591  4 55693.29019300  6.485
 106 204.764885  64.838626    49.523    50.907  3 55703.20582911 26.763
 107 204.763970  64.839441    49.953    50.028  4 55713.12147329 48.123
 108 204.765044  64.838721    46.951    47.007  3 55723.03712271 26.185
 109 204.763399  64.838435   101.977   103.110  4 55732.95276989 25.175
 110 204.761752  64.838539    53.369    48.014  4 55742.86841582 14.310
 111 204.764426  64.838030    47.352    47.217  4 55752.78406086 28.231
 112 204.761222  64.837803    94.004    93.643  4 55762.69970306 25.419
 113 204.760130  64.836804    47.246    47.282  4 55772.61534270 14.192
 114 204.757253  64.835940   101.211   103.437  3 55782.53097865 24.019
 115 204.756981  64.836095   101.869   103.286  4 55792.44661215 24.742
 116 204.757603  64.837164    93.346    92.835  4 55802.36224604 25.418
 117 204.761481  64.837223    98.963    98.731  3 55812.27789633 25.206
 118 204.760699  64.837260    92.289    97.694  4 55822.19354454  6.163
 119 204.760031  64.836661    45.491    45.688  3 55832.10918801 25.466
 120 204.756792  64.836393    45.387    45.398  4 55842.02482677 51.888
 121 204.759490  64.836175    90.814    91.050  4 55851.94046303 27.004
 122 204.763011  64.837260    93.828    89.903  4 55861.85609720 21.071
 123 204.762118  64.838306    95.169    90.448  4 55871.77175135 14.681
 125 204.763627  64.838870    43.623    43.584  4 55891.60304474 19.772
 126 204.764475  64.838849    67.978    66.652  3 55901.51868238  4.266
 127 204.767604  64.838982    43.883    43.909  4 55911.43431635 16.575
 128 204.765316  64.839060    44.604    44.611  4 55921.34997065 18.382
 129 204.763440  64.838551    44.591    44.570  3 55931.26562239 15.303
 131 204.754459  64.836036    44.314    44.244  4 55951.09691297 12.773
 132 204.754057  64.835313    44.386    44.288  4 55961.01255255 10.695
 135 204.762568  64.837703    44.489    44.204  3 55990.75946187 10.511
 136 204.758729  64.837500    44.539    44.523  4 56000.67510667  9.115
 137 204.756903  64.836064    44.937    44.821  3 56010.59075713  8.378
 138 204.755016  64.835709    44.798    44.750  4 56020.50640354  8.930
 139 204.759636  64.835796    43.551    43.323  4 56030.42204750 15.740
 141 204.764371  64.838300    98.914    99.176  4 56050.25332871 17.462
 142 204.766096  64.838837    92.926    92.517  4 56060.16896555 28.553
 143 204.766648  64.838604    85.186    83.081  4 56070.08460180 10.307
 144 204.765811  64.838030    48.491    48.464  4 56080.00025266 23.730
 145 204.763893  64.838345    47.865    47.875  4 56089.91590069 24.527
 146 204.764753  64.838853    58.543    57.295  4 56099.83154652 13.547
 147 204.763288  64.838672    52.029    47.178  4 56109.74717814 12.810
 148 204.760572  64.837388    98.169    98.235  3 56119.66281828 27.397
 149 204.755416  64.836222    99.382    98.212  4 56129.57845451 22.580
 150 204.754278  64.835787    52.677    47.142  4 56139.49408782 12.917
 151 204.756142  64.836392    98.508    98.350  4 56149.40973752 22.998
 152 204.760126  64.837597    92.349    92.260  4 56159.32538680 24.439
 153 204.760512  64.838229    99.695    99.949  4 56169.24103447 18.140
 154 204.760585  64.836983    85.391    84.792  4 56179.15667892  8.560
 155 204.754739  64.836136    93.515    97.680  4 56189.07231854 18.384
 156 204.755073  64.835691    61.940    64.718  4 56198.98795552 13.070
 157 204.759073  64.837065    92.093    97.243  4 56208.90359003 19.070
 158 204.763877  64.839269    91.264    90.966  4 56218.81922286 25.286
 159 204.768682  64.839961    90.552    90.045  3 56228.73486987 23.212
 160 204.766605  64.839426    44.784    44.731  3 56238.65052367 36.039
 161 204.765087  64.838210    44.635    44.626  4 56248.56617368 28.610
 162 204.763918  64.837543    45.152    45.155  4 56258.48181875 23.856
 163 204.763330  64.838302    45.056    45.024  3 56268.39746068 20.364
 164 204.764851  64.838872    44.857    44.879  4 56278.31310110 19.447
 165 204.764705  64.838535    44.500    44.543  4 56288.22875025 20.256
 166 204.758614  64.837213    44.395    44.396  4 56298.14439864 19.707
 167 204.756879  64.834981    44.342    44.292  4 56308.06004358 14.386
 168 204.755180  64.834213    44.126    44.094  4 56317.97568583 15.535
 169 204.756248  64.835631    44.088    44.104  3 56327.89132694 15.738
 170 204.760075  64.837505    43.869    43.745  4 56337.80696730 17.238
 171 204.764334  64.838256    43.986    43.951  4 56347.72260597 15.237
 173 204.759670  64.835694    44.620    44.648  4 56367.55389058 10.974
 176 204.762992  64.838535    44.574    44.567  4 56397.30082797 11.153
 179 204.762966  64.839135    89.103    92.516  4 56427.04773897  0.456
 180 204.761288  64.837899   105.969   103.397  4 56436.96339071 16.164
 181 204.764071  64.837320    50.552    50.533  4 56446.87904261 49.568
 182 204.763417  64.838210    98.410    97.579  3 56456.79469185 24.648
 183 204.765031  64.837768    48.134    48.133  4 56466.71033822 46.154
 184 204.760310  64.836915    47.608    47.622  4 56476.62598005 50.268
 185 204.756619  64.835456    47.248    47.275  4 56486.54161837 51.653
 186 204.753912  64.835345    47.117    46.981  4 56496.45725393 42.136
 187 204.760451  64.836041    98.472    94.249  4 56506.37288881  8.893
 188 204.765476  64.838043    92.470    92.044  4 56516.28852337 28.403
 189 204.766086  64.838494    46.320    46.233  4 56526.20417789 51.207
 190 204.761458  64.838023    46.312    46.314  4 56536.11982789 41.544
 192 204.758347  64.835825    98.584    94.282  4 56555.95111830 16.554
 193 204.758754  64.837226    97.293    99.968  4 56565.86676100  3.876
 194 204.760285  64.839593    81.098    72.570  3 56575.78240240  6.980
 195 204.770028  64.840018    98.180    99.328  4 56585.69804152 25.776
 196 204.768775  64.840157    90.851    90.240  3 56595.61367898 27.135
 197 204.766722  64.838454    95.664    92.740  4 56605.52933145 17.388
 198 204.762513  64.837587    44.810    44.783  4 56615.44497879 33.452
 199 204.760640  64.837813    44.458    44.458  4 56625.36062258 27.300
 200 204.762255  64.838111    44.598    44.593  4 56635.27626390 31.196
 201 204.765659  64.837973    44.872    44.822  4 56645.19190253 29.673
 202 204.760907  64.837114    44.939    44.953  4 56655.10755474 22.116
 203 204.757229  64.835745    44.777    44.808  3 56665.02320283 21.371
 204 204.755150  64.835235    44.603    44.544  4 56674.93884838 20.576
 205 204.756633  64.835957    44.273    44.268  4 56684.85449311 19.697
 206 204.758654  64.837411    44.899    44.897  4 56694.77013583 14.441
 207 204.763354  64.838050    44.846    44.847  4 56704.68577439 13.546
 208 204.762061  64.838191    44.884    44.894  4 56714.60140702 13.416
 210 204.758516  64.836461    45.140    45.130  4 56734.43270815 13.355
 211 204.759771  64.837609    45.108    45.107  4 56744.34835489 11.948
 212 204.764886  64.838917    45.077    45.045  4 56754.26399768 11.730
 213 204.772664  64.839140    43.763    43.763  2 56764.17963529 25.915
 214 204.767157  64.839694    94.153   104.683  3 56774.09527020  6.202
 215 204.763715  64.838363    98.136    98.149  3 56784.01092714 22.493
 216 204.762296  64.837295   103.265   102.875  4 56793.92658062 13.394
 217 204.762582  64.836816   101.133   100.113  4 56803.84223102 22.674
 218 204.759583  64.837333    91.129    94.121  4 56813.75787357  8.296
 219 204.759665  64.836973    58.537    56.789  3 56823.67351296 14.556
 221 204.758743  64.836474   101.982   103.440  3 56843.50478000 22.657
 222 204.759134  64.836734    59.472    59.501  4 56853.42042207 13.769
 223 204.761719  64.836665    46.728    46.720  4 56863.33607621 21.383
 224 204.760481  64.837236    46.893    46.873  4 56873.25172938 51.751
 225 204.759930  64.837258    59.902    59.740  4 56883.16737950 13.390
 226 204.761731  64.836680    92.834    92.355  4 56893.08302645 23.310
 227 204.757945  64.836908    65.887    72.197  4 56902.99866969 12.280
 228 204.759749  64.837309    62.261    59.229  4 56912.91431152 13.833
 229 204.761288  64.838384    66.167    72.397  4 56922.82995165 10.725
 230 204.767978  64.838910    99.800   100.545  4 56932.74558995 18.677
 231 204.767689  64.839693    98.916    99.547  3 56942.66122233 22.058
 232 204.764291  64.839476    90.963    90.504  4 56952.57686642 26.870
 233 204.763496  64.838241    95.635    91.178  3 56962.49251719 23.797
 234 204.764069  64.837644    44.757    44.511  4 56972.40816312 37.662
 235 204.761349  64.838223    45.902    45.904  4 56982.32380445 35.377
 236 204.762963  64.838092    45.018    45.036  4 56992.23944166 26.970
 237 204.761673  64.837742    44.932    44.884  3 57002.15507533 24.148
 238 204.757347  64.836604    44.751    44.796  4 57012.07073216 23.744
 239 204.757438  64.835780    44.834    44.873  3 57021.98638370 20.549
 240 204.760630  64.836125    44.640    44.666  4 57031.90203269 21.114
 241 204.759697  64.837358    44.324    44.386  4 57041.81767925 20.199
 242 204.763136  64.837463    44.194    44.192  4 57051.73332418 18.644
 243 204.761776  64.837312    44.274    44.259  4 57061.64896442 16.410
 244 204.760563  64.837309    44.234    44.253  4 57071.56459922 16.307
 245 204.761326  64.838061    64.082    66.680  4 57081.48022991 11.121
 246 204.766491  64.838766    44.757    44.751  4 57091.39587383 19.157
 247 204.766201  64.839796    78.029    78.109  4 57101.31153117  4.700
 248 204.768611  64.839505    44.880    44.836  4 57111.22718554 14.045
 249 204.766891  64.838618    52.807    51.026  4 57121.14283382  8.733
 250 204.762195  64.837807    73.049    68.574  3 57131.05847616  5.088
 251 204.761941  64.837609    83.688    83.549  3 57140.97411373  5.197
 252 204.764223  64.838347    91.042   101.057  4 57150.88974818 19.380
 253 204.766307  64.839199    47.436    47.328  3 57160.80537942 20.463
 254 204.763096  64.838531    58.004    57.632  4 57170.72103378 14.799
 255 204.759456  64.836871    99.554    99.556  3 57180.63668873 27.229
 256 204.748707  64.836625    90.492    90.492  2 57190.55233897  2.307
 257 204.757906  64.835396    92.001    91.963  4 57200.46798772 28.058
 258 204.757487  64.837007    92.837    92.870  4 57210.38362167 27.381
 259 204.763622  64.837709    96.600    95.569  4 57220.29926607 20.531
 260 204.762620  64.838061   104.526   104.044  3 57230.21490870  2.740
 261 204.763293  64.837402    94.282    99.464  3 57240.13054925  3.088
 262 204.761489  64.837192    97.679    97.294  3 57250.04618673 27.379
 263 204.762581  64.838056    54.967    46.354  3 57259.96182220 14.158
 264 204.766759  64.839577    53.786    47.706  4 57269.87745667 19.474
 265 204.767792  64.840785    88.518    92.992  4 57279.79310934 16.502
 266 204.767715  64.840461    47.227    47.166  4 57289.70876499 22.866
 267 204.765116  64.839011    97.486    96.819  3 57299.62441758 27.320
 268 204.762296  64.837154    99.633   100.336  4 57309.54006652 18.344
 269 204.759276  64.836645    97.391    97.807  3 57319.45571183 23.430
 270 204.760968  64.837060    92.129    91.225  3 57329.37135453 23.288
 271 204.761323  64.838514    95.937    91.438  4 57339.28699483 21.144
 272 204.762577  64.837922    45.130    45.138  4 57349.20264421 29.012
 273 204.756797  64.836842    45.481    45.473  4 57359.11828946 18.668
 274 204.755453  64.835021    45.870    45.873  3 57369.03393198 17.373
 275 204.754266  64.835289    46.009    46.007  4 57378.94957177 18.513
 276 204.759924  64.836908    45.804    45.800  4 57388.86521069 16.681
 277 204.765510  64.838719    45.488    45.509  4 57398.78084872 16.660
 278 204.760046  64.840373    74.091    74.091  2 57408.69648504  0.624
 279 204.763066  64.838117    45.229    45.232  3 57418.61213854 14.682
 280 204.760635  64.836939    45.083    45.059  3 57428.52778885 16.042
 281 204.760274  64.837378    44.889    44.890  4 57438.44343671 16.446
 282 204.765443  64.838723    44.859    44.833  3 57448.35908369 14.443
 283 204.766810  64.840265    44.750    44.788  4 57458.27472910 13.302
 284 204.768086  64.840086    44.731    44.718  4 57468.19037178 11.894
 285 204.766846  64.838546    44.487    44.490  4 57478.10601032 11.136
 287 204.759271  64.837569    42.782    42.797  4 57497.93727851 17.075
 288 204.765606  64.838006    86.678    86.356  4 57507.85291899  4.719
 289 204.763603  64.838747   100.073   100.928  4 57517.76857497 24.386
 290 204.764176  64.838213    99.220    98.741  4 57527.68422840 26.598
 291 204.759070  64.836904   101.105   101.386  3 57537.59987858  9.011
 292 204.755894  64.835455    74.151    72.270  3 57547.51552628  7.378
 293 204.756065  64.835111    47.479    47.365  4 57557.43117268 49.790
 294 204.757678  64.836716    98.707    98.388  4 57567.34681795 26.641
 295 204.760881  64.838339    59.940    59.613  4 57577.26246264 14.036
 296 204.766850  64.838389    60.299    60.142  4 57587.17810645 12.280
 297 204.764255  64.838118    98.596    98.418  4 57597.09374713 23.063
