# NaN NaN NaN ;Mean Elev.(m), Avg Gradient(m/km), RMS Gradient(m/km) - SRTM1     
#  -12.392  -0.146   3.952 ;Mean Elev.(m), Avg Gradient(m/km), RMS Gradient(m/km) - ASTER GDEM
#    2.192   0.001   2.181 ;Mean Elev.(m), Avg Gradient(m/km), RMS Gradient(m/km) - GMTED2010 
   2 197.879965  61.824631     9.133     8.857  3 54669.86576647 28.652
   3 197.878992  61.825675    10.159    10.022  3 54679.78141054 27.117
   4 197.879120  61.826667    10.034    10.032  3 54689.69705350 49.444
   5 197.880468  61.826628    10.195    10.360  3 54699.61269427 22.196
   6 197.880126  61.824954     9.330     9.163  3 54709.52833856 29.387
   7 197.882124  61.824467     9.698     9.846  3 54719.44399004 25.120
   8 197.881132  61.823439     9.236     9.642  3 54729.35963863 35.031
   9 197.881403  61.824077     9.106     9.335  4 54739.27528602 31.077
  10 197.880868  61.825073     9.362     9.424  4 54749.19093341 34.681
  11 197.879135  61.825515     7.006     7.021  4 54759.10658041 44.574
  12 197.880740  61.825694     7.512     7.513  4 54769.02222538 33.735
  13 197.881458  61.824366     6.754     6.817  3 54778.93786670 31.709
  14 197.882145  61.822906     6.642     6.642  3 54788.85350548 30.294
  15 197.883652  61.822927     6.698     6.708  3 54798.76914339 25.216
  16 197.881522  61.822982     6.786     6.772  3 54808.68478094 22.052
  17 197.881168  61.823569     6.490     6.574  4 54818.60041824 21.772
  18 197.879850  61.824496     8.014     8.393  4 54828.51606976 14.939
  19 197.879616  61.825499     7.498     7.370  3 54838.43170867 12.725
  20 197.879081  61.826896     6.012     6.034  3 54848.34735798 27.285
  21 197.878674  61.828314     8.304     8.291  3 54858.26300683 10.555
  22 197.877033  61.828896     7.465     7.408  3 54868.17865563 11.331
  23 197.877394  61.828425     7.977     8.271  3 54878.09430373 18.370
  24 197.878755  61.826775     8.467     8.394  4 54888.00994868 13.268
  25 197.881204  61.825528    10.324    10.323  3 54897.92559044 12.841
  26 197.881661  61.825144    10.403    10.349  3 54907.84122947 12.225
  27 197.879511  61.824949    10.158    10.409  3 54917.75686697 11.843
  28 197.880539  61.825376     8.043     8.462  4 54927.67250466 13.820
  29 197.881014  61.824299     9.923     9.989  4 54937.58814146 12.771
  30 197.882115  61.822549     5.408     5.466  4 54947.50377646 33.389
  31 197.883372  61.820869     7.998     7.129  3 54957.41941097 35.272
  32 197.885015  61.821937    10.556    10.544  3 54967.33505974 42.308
  33 197.883374  61.822995    12.392    12.392  3 54977.25070727 30.472
  35 197.881136  61.824826    11.201    11.212  4 54997.08200272 28.625
  36 197.880790  61.825206    10.955    10.953  4 55006.99764881 27.964
  37 197.878869  61.825283    10.806    10.764  4 55016.91329256 48.251
  38 197.878295  61.826273    10.342    10.334  3 55026.82893507 23.023
  39 197.877147  61.827312     9.363     9.301  4 55036.74457703 29.210
  40 197.877554  61.827263     8.466     7.905  4 55046.66021803 32.874
  41 197.881124  61.825970     9.176    10.045  3 55056.57585729 25.577
  42 197.882164  61.822900     7.221     7.196  3 55066.49149377 42.192
  43 197.884334  61.822746     9.015     9.668  3 55076.40714372 30.489
  44 197.882472  61.823422     7.843     7.821  3 55086.32279145 48.371
  45 197.880873  61.825021     8.254     7.696  4 55096.23843773 34.157
  46 197.878794  61.825399     7.547     7.625  4 55106.15408357 49.625
  47 197.881658  61.825511     7.781     6.897  3 55116.06972947 33.129
  48 197.881305  61.823579     8.077     8.066  4 55125.98537249 34.022
  49 197.882524  61.822692     5.386     5.414  4 55135.90101324 42.054
  50 197.882115  61.822636     5.730     5.697  4 55145.81665179 29.908
  51 197.882360  61.824032     5.395     5.371  3 55155.73228976 23.728
  52 197.880251  61.824299     5.132     5.168  4 55165.64792754 24.648
  53 197.881931  61.824804     6.080     6.014  3 55175.56356543 26.997
  54 197.881570  61.823868     5.602     5.438  3 55185.47920631 23.799
  55 197.881857  61.824984     5.547     5.561  3 55195.39485751 28.113
  56 197.878120  61.826060     5.628     5.344  3 55205.31050712 23.907
  57 197.877073  61.828022     5.851     5.888  3 55215.22615648 22.559
  58 197.876261  61.828424     5.872     6.023  4 55225.14180519 21.316
  59 197.878537  61.827233     5.529     5.454  4 55235.05745199 19.308
  60 197.880471  61.824487     4.706     4.603  3 55244.97309527 20.073
  61 197.882657  61.823157     6.177     6.179  4 55254.88873581 24.269
  62 197.882131  61.823867     5.405     6.002  3 55264.80437460 23.819
  63 197.879290  61.825165     5.930     6.125  3 55274.72001231 20.527
  64 197.879877  61.825741     6.252     6.234  4 55284.63564955 20.169
  65 197.881049  61.823659     4.439     3.798  3 55294.55128488 22.613
  66 197.885152  61.821743     5.079     5.617  3 55304.46692300 37.629
  67 197.886020  61.821305     8.048     7.442  3 55314.38257029 27.140
  68 197.884388  61.822486     5.560     5.461  3 55324.29821574 42.998
  69 197.882075  61.824451    12.977    12.986  4 55334.21385999 43.925
  70 197.879168  61.825415     9.363     9.380  3 55344.12950386 48.597
  71 197.879757  61.825514    10.671    10.725  3 55354.04514735 24.168
  72 197.881023  61.825135    10.516    10.482  3 55363.96078872 25.080
  73 197.881014  61.824857     9.390     9.911  3 55373.87642823 30.728
  74 197.880288  61.825367     9.871    10.037  3 55383.79206648 21.944
  75 197.878255  61.825513     8.701     8.717  3 55393.70770371 40.326
  76 197.880696  61.825687     9.142     9.147  4 55403.62334094 42.432
  77 197.880873  61.824542     9.411     9.329  3 55413.53899254 50.601
  78 197.883303  61.823051     9.675     9.603  4 55423.45464140 27.337
  79 197.884467  61.821974     9.729     9.696  3 55433.37028762 27.508
  80 197.881853  61.822543     9.690     9.569  3 55443.28593204 26.337
  81 197.881386  61.824787     9.390     9.370  4 55453.20157553 28.930
  82 197.878973  61.825541     9.513     9.518  3 55463.11721788 27.026
  83 197.880605  61.824536     9.445     9.568  3 55473.03285832 29.048
  84 197.883271  61.822375     8.700     9.416  4 55482.94849586 28.800
  85 197.886089  61.820950     5.635     5.829  4 55492.86413130 45.181
  86 197.883839  61.820651     4.701     4.676  3 55502.77976484 43.794
  87 197.881439  61.823084     5.119     5.065  3 55512.69541119 38.614
  88 197.880597  61.825660     4.686     4.723  4 55522.61106090 45.270
  89 197.878054  61.825833     4.943     4.872  3 55532.52670873 35.151
  90 197.878721  61.825434     4.825     4.822  3 55542.44235513 32.916
  91 197.879494  61.825326     4.289     4.228  3 55552.35799958 26.985
  92 197.878399  61.826001     4.471     4.504  4 55562.27364270 21.531
  93 197.877893  61.826930     4.609     4.603  3 55572.18928525 23.435
  94 197.877379  61.826402     4.816     4.753  3 55582.10492644 17.724
  95 197.879818  61.824560     4.458     4.439  4 55592.02056448 31.061
  96 197.884143  61.822319     4.192     4.164  4 55601.93619934 19.406
  97 197.884786  61.820251     3.838     3.849  3 55611.85183168 20.357
  98 197.885682  61.820757     3.849     3.769  4 55621.76746533 19.766
  99 197.881818  61.822887     5.861     5.840  3 55631.68311799 14.886
 100 197.881994  61.824591     4.341     3.869  4 55641.59876881 17.713
 101 197.882032  61.823938     4.038     3.505  3 55651.51441657 21.601
 102 197.884616  61.822611     5.621     5.536  3 55661.43006064 14.032
 103 197.883815  61.821557     3.774     3.716  4 55671.34570128 22.935
 104 197.882273  61.822120     7.125     7.698  4 55681.26134050 37.451
 105 197.882006  61.823920     7.705     8.828  3 55691.17697829 31.764
 106 197.881654  61.824859     9.543     9.471  4 55701.09261436 47.479
 107 197.880232  61.824521     9.736     9.716  4 55711.00825507 27.648
 108 197.879894  61.824634    11.731    11.669  4 55720.92390498 46.902
 109 197.879935  61.825109    10.909    10.845  4 55730.83955281 50.591
 110 197.879023  61.825418    10.203    10.262  3 55740.75519919 22.125
 111 197.879636  61.826056    10.155    10.115  3 55750.67084448 23.776
 112 197.880214  61.825572    10.211    10.251  4 55760.58648725 25.567
 113 197.880818  61.824098    10.129    10.212  4 55770.50212706 35.121
 114 197.882628  61.822272    10.180    10.192  3 55780.41776356 29.467
 115 197.884251  61.821113    10.138    10.077  3 55790.33339761 26.981
 116 197.883795  61.820614    10.031    10.004  3 55800.24903045 50.537
 117 197.882814  61.822322    10.016    10.024  3 55810.16467884 23.362
 118 197.882659  61.823685     9.960    10.031  3 55820.08032798 24.792
 119 197.882488  61.823106     9.933     9.963  3 55829.99597230 26.605
 120 197.883342  61.821602     9.363     9.841  3 55839.91161206 30.968
 121 197.884432  61.820848     7.329     7.343  3 55849.82724882 37.703
 122 197.883272  61.821194     7.571     6.501  3 55859.74288342 29.960
 123 197.881990  61.823770     5.868     5.881  4 55869.65853356 38.608
 124 197.880003  61.825295     5.422     5.445  4 55879.57418456 33.378
 125 197.878520  61.825197     5.817     5.838  3 55889.48982876 25.543
 126 197.880421  61.824975     5.883     5.910  4 55899.40546744 44.759
 127 197.881398  61.824303     5.955     5.950  4 55909.32110119 21.796
 128 197.880934  61.825477     5.852     5.843  4 55919.23675202 21.858
 129 197.880571  61.826024     5.928     5.943  3 55929.15240490 22.054
 130 197.879109  61.824744     5.913     5.879  3 55939.06805384 17.694
 131 197.880840  61.823521     6.228     5.897  3 55948.98369823 15.378
 132 197.881686  61.822647     6.421     6.202  3 55958.89933813 15.031
 133 197.881717  61.822621     5.595     5.680  4 55968.81497555 17.203
 134 197.881846  61.823144     5.298     5.310  3 55978.73061208 16.787
 135 197.881286  61.822627     4.330     4.473  3 55988.64624770 16.059
 136 197.883007  61.822432     5.335     5.217  3 55998.56188895 14.313
 137 197.883002  61.822308     4.839     4.863  4 56008.47753987 13.250
 138 197.882562  61.822226     3.939     3.932  4 56018.39318659 19.853
 139 197.881283  61.822986     4.188     4.168  4 56028.30883048 23.968
 140 197.879979  61.824222     8.222     8.845  4 56038.22447279 27.769
 141 197.881082  61.825443     8.199     6.229  3 56048.14011340 31.336
 142 197.880610  61.825337     7.293     7.269  3 56058.05575097 36.527
 143 197.880479  61.823997    13.543    13.550  4 56067.97138403 56.163
 144 197.880090  61.824714    10.692    10.678  4 56077.88703462 30.094
 145 197.879196  61.825621    11.598    11.637  4 56087.80268331 33.283
 146 197.879169  61.826295    11.433    11.434  4 56097.71832952 32.759
 147 197.879424  61.825568    11.170    11.169  3 56107.63397334 53.546
 148 197.880697  61.823770    10.365    10.369  4 56117.54960274 30.676
 149 197.883772  61.822285    10.376    10.356  3 56127.46524025 29.612
 150 197.883857  61.820910    10.397    10.422  4 56137.38087382 27.819
 151 197.883834  61.822375    10.035    10.021  4 56147.29651948 29.427
 152 197.881550  61.823685     9.874     9.888  4 56157.21216880 24.992
 153 197.881422  61.824468    10.311    10.259  4 56167.12781734 24.141
 154 197.882119  61.823834    10.373    10.421  3 56177.04346326 25.128
 155 197.882245  61.822469    10.243    10.228  3 56186.95910425 25.426
 156 197.882722  61.821953    10.346    10.399  3 56196.87474166 28.215
 157 197.882354  61.822693    10.331    10.310  4 56206.79037607 25.678
 158 197.881965  61.823931     9.945     9.937  4 56216.70600895 29.632
 159 197.881085  61.824849     7.404     7.425  3 56226.62165049 48.249
 160 197.879143  61.824806     6.735     6.772  3 56236.53730515 40.164
 161 197.879827  61.824800     6.462     6.476  3 56246.45295622 26.170
 162 197.880044  61.824974     6.649     6.637  4 56256.36860222 26.289
 163 197.878956  61.825658     6.770     6.818  3 56266.28424452 31.903
 164 197.878468  61.826202     6.412     6.627  4 56276.19988524 30.155
 165 197.878891  61.825833     6.294     6.261  3 56286.11553200 17.367
 166 197.881601  61.824569     5.941     5.957  4 56296.03118231 19.170
 167 197.883375  61.822943     5.844     5.826  4 56305.94682840 44.655
 168 197.883136  61.822662     6.412     5.798  3 56315.86247111 21.036
 169 197.881309  61.824023     6.736     7.164  3 56325.77811199 18.413
 170 197.881349  61.825587     5.637     5.422  3 56335.69375210 18.731
 171 197.880122  61.824591     7.090     7.285  3 56345.60939060 15.045
 172 197.883625  61.823114     6.161     6.408  3 56355.52502710 14.893
 173 197.884460  61.822127     6.655     6.598  3 56365.44067303 21.824
 174 197.882538  61.822567     6.960     6.878  3 56375.35632164 15.223
 176 197.878114  61.826674     6.796     6.876  3 56395.18761136 16.579
 177 197.878348  61.827356     8.053     8.271  3 56405.10325326 32.672
 178 197.878740  61.826240    10.014    10.111  4 56415.01889180 26.451
 179 197.880219  61.824031    11.369    11.674  4 56424.93452544 35.029
 180 197.881682  61.824428    11.544    11.559  3 56434.85017288 30.339
 181 197.879739  61.825643    11.809    11.814  3 56444.76582482 47.761
 182 197.878275  61.827061    12.050    12.080  4 56454.68147431 32.342
 183 197.878443  61.826848    12.361    12.347  3 56464.59712085 53.180
 184 197.879947  61.824862    11.169    11.106  3 56474.51276373 27.635
 185 197.883861  61.822887    10.069    10.110  3 56484.42840344 33.777
 186 197.884858  61.822001     9.393     9.373  3 56494.34403994 49.113
 187 197.882592  61.822364     9.327     9.327  4 56504.25967431 46.774
 188 197.880996  61.823100    10.036     9.999  3 56514.17530724 27.485
 189 197.879815  61.823883     9.016     8.677  3 56524.09095858 37.461
 190 197.881528  61.823552     9.500     9.713  4 56534.00661036 31.254
 192 197.882413  61.823022     9.541     9.850  3 56553.83790292 31.630
 193 197.880653  61.824930     9.567     9.742  3 56563.75354571 23.372
 194 197.878917  61.826972     9.649     9.589  4 56573.66918719 22.314
 195 197.878364  61.827374     8.316     8.318  4 56583.58482615 51.728
 196 197.879142  61.825281     9.504     9.582  4 56593.50046035 29.158
 197 197.881432  61.825056     7.369     7.349  4 56603.41611321 41.307
 198 197.881203  61.824793     6.298     6.190  3 56613.33176201 47.126
 199 197.880942  61.825700     5.543     5.292  3 56623.24740688 39.735
 200 197.878979  61.825909     6.608     6.609  4 56633.16304869 43.517
 201 197.879989  61.825272     6.464     6.426  4 56643.07868610 39.055
 202 197.880749  61.824005     5.465     5.235  3 56652.99433705 24.337
 203 197.882389  61.822848     6.520     6.504  4 56662.90998644 25.931
 204 197.881829  61.822340     6.502     6.583  3 56672.82563282 32.632
 205 197.880634  61.823933     6.563     6.487  4 56682.74127783 38.293
 206 197.881013  61.825745     5.650     5.692  3 56692.65692088 37.033
 207 197.880557  61.825559     5.511     5.586  3 56702.57255951 29.631
 208 197.881566  61.823465     5.174     5.140  3 56712.48819297 31.611
 210 197.882156  61.824084     4.526     4.580  4 56732.31949093 30.177
 211 197.879686  61.826070     5.042     4.384  3 56742.23513859 30.011
 212 197.878214  61.827831     5.055     4.362  4 56752.15078200 38.024
 213 197.878755  61.827984     4.156     4.150  3 56762.06642022 45.936
 214 197.879112  61.825658     5.192     5.270  3 56771.98205127 41.254
 215 197.879122  61.825414     6.563     6.720  3 56781.89770811 41.424
 216 197.880625  61.826148    10.061    10.044  3 56791.81336273 52.347
 217 197.878461  61.826726    10.580    10.528  4 56801.72901401 25.435
 218 197.877113  61.826932    10.339    10.275  4 56811.64465794 50.773
 219 197.878503  61.826577     9.859     9.845  4 56821.56029780 31.379
 221 197.883202  61.822516    10.460    10.509  3 56841.39156574 28.154
 222 197.884075  61.821745    10.897    10.888  4 56851.30720301 48.477
 223 197.882871  61.823693    10.476    10.431  3 56861.22285757 30.387
 224 197.881197  61.825674    10.797    10.781  3 56871.13851146 29.527
 225 197.878958  61.826042    10.051    10.086  3 56881.05416226 22.281
 226 197.878455  61.825570     9.552     9.545  3 56890.96980942 44.446
 227 197.880117  61.825489     9.398     9.362  4 56900.88545387 33.512
 228 197.880253  61.826473     9.311     9.330  3 56910.80109623 33.841
 229 197.877675  61.827013     9.285     9.224  3 56920.71673662 23.342
 230 197.878450  61.828027     8.761     8.805  3 56930.63237520 50.729
 231 197.879040  61.827102     8.991     8.990  3 56940.54800857 32.947
 232 197.878462  61.825315     7.244     7.254  3 56950.46364724 41.793
 233 197.879376  61.825256     6.686     6.702  3 56960.37929911 43.339
 234 197.879228  61.825283     6.524     6.521  4 56970.29494594 41.830
 235 197.880442  61.825631     6.499     6.441  3 56980.21058905 43.993
 236 197.879686  61.824785     6.425     6.407  4 56990.12622745 39.518
 237 197.882265  61.823500     6.873     6.934  3 57000.04185978 34.370
 238 197.883246  61.823745     6.594     6.558  3 57009.95751429 34.317
 239 197.881055  61.822983     6.579     6.622  3 57019.87316629 31.931
 240 197.880891  61.823627     7.149     6.578  3 57029.78881556 27.745
 241 197.880953  61.824781     6.504     6.483  3 57039.70446312 32.202
 242 197.878799  61.825034     7.298     7.421  3 57049.62010811 23.370
 243 197.881353  61.825415     6.549     6.539  3 57059.53574954 24.185
 244 197.882222  61.824533     6.839     6.687  3 57069.45138501 22.443
 245 197.880884  61.823294     5.412     5.352  3 57079.36701596 34.264
 246 197.881953  61.824286     6.751     6.874  3 57089.28265357 24.160
 247 197.878996  61.826350     7.986     7.665  4 57099.19831176 20.592
 248 197.877628  61.827641     8.798     8.791  3 57109.11396703 29.222
 249 197.877285  61.827037     4.758     4.796  3 57119.02961685 40.462
 250 197.879390  61.826306     9.818     9.766  3 57128.94526084 23.824
 251 197.880738  61.825717     7.469     7.151  4 57138.86089926 35.007
 252 197.878988  61.824756     6.199     6.086  3 57148.77653355 41.355
 253 197.880234  61.824207     9.998     9.953  4 57158.69216544 44.432
 254 197.882268  61.824414    11.270    11.284  4 57168.60781460 52.670
 255 197.882114  61.823977    11.332    11.265  3 57178.52347044 28.879
 256 197.881487  61.823325    10.349    10.451  4 57188.43912215 27.163
 257 197.881714  61.823881     9.421     9.448  4 57198.35477014 29.236
 258 197.881260  61.824953     8.456     8.929  3 57208.27040456 23.757
 259 197.879385  61.825346     8.908     8.856  4 57218.18604900 32.831
 260 197.879436  61.825164     8.752     8.808  4 57228.10169258 47.378
 261 197.881565  61.824964     8.789     8.639  4 57238.01733418 28.060
 262 197.880693  61.823945     9.284     9.359  4 57247.93297211 32.802
 263 197.882302  61.824642     9.010     9.117  3 57257.84860788 33.609
 264 197.879604  61.824912     9.237     9.212  3 57267.76424193 24.990
 265 197.880178  61.826737    10.321    10.281  3 57277.67988992 21.322
 266 197.877837  61.826708    10.166    10.177  4 57287.59554598 24.449
 267 197.879933  61.826596     9.812     9.808  3 57297.51119956 23.518
 268 197.881288  61.825877     9.557     9.528  3 57307.42684941 32.418
 269 197.879655  61.825608     8.886     8.839  3 57317.34249535 49.529
 270 197.879500  61.826573     7.043     7.022  3 57327.25813842 43.673
 271 197.878630  61.826805     7.292     6.673  4 57337.17377925 47.310
 272 197.878367  61.826047     6.136     6.124  4 57347.08942697 33.824
 273 197.881615  61.825167     5.869     5.860  3 57357.00507413 30.797
 274 197.882267  61.823640     5.762     5.782  3 57366.92071748 27.014
 275 197.882063  61.823460     5.754     5.738  4 57376.83635765 23.190
 276 197.881898  61.824592     6.542     6.527  3 57386.75199604 35.243
 277 197.880823  61.824900     6.674     6.657  4 57396.66763355 28.089
 278 197.880983  61.824116     6.531     6.495  3 57406.58326987 25.395
 279 197.881812  61.823815     5.914     5.919  3 57416.49892054 24.803
 280 197.881073  61.823850     6.589     6.729  3 57426.41457150 27.379
 281 197.879699  61.825335     5.351     5.388  3 57436.33021970 25.953
 282 197.878712  61.827756     6.015     6.477  3 57446.24586650 37.595
 283 197.876250  61.828623     4.774     4.781  4 57456.16151214 34.122
 284 197.877011  61.827916     4.569     4.599  4 57466.07715568 31.818
 285 197.880152  61.825592     4.458     4.419  4 57475.99279538 32.042
 286 197.882850  61.823508     4.435     4.431  4 57485.90843168 36.035
 287 197.883942  61.823021     4.761     4.684  3 57495.82406544 36.683
 288 197.881611  61.823337     6.438     6.462  3 57505.73969950 45.200
 289 197.880226  61.825321     9.020     9.037  3 57515.65535587 43.049
 290 197.879315  61.824839    10.217    10.275  4 57525.57100947 32.345
 291 197.883152  61.823915    11.205    11.195  3 57535.48666106 48.687
 292 197.883802  61.822767    10.474    10.522  4 57545.40230951 28.266
 293 197.883378  61.823506     9.950     9.868  3 57555.31795613 52.145
 294 197.880258  61.824958     9.480     9.447  3 57565.23360121 24.567
 295 197.880320  61.826640     9.323     9.359  3 57575.14924595 24.751
 296 197.877971  61.825793     9.380     9.423  3 57585.06488953 24.497
 297 197.880511  61.825238     9.652     9.582  4 57594.98053150 27.189
