# NaN NaN NaN ;Mean Elev.(m), Avg Gradient(m/km), RMS Gradient(m/km) - SRTM1     
#   10.007  -0.089   0.603 ;Mean Elev.(m), Avg Gradient(m/km), RMS Gradient(m/km) - ASTER GDEM
#    0.548  -0.098   0.567 ;Mean Elev.(m), Avg Gradient(m/km), RMS Gradient(m/km) - GMTED2010 
   1 195.902177  62.676443     2.624     2.562  9 54661.12761996 28.568
   2 195.901020  62.676138     2.391     2.316  8 54671.04326528 25.520
   3 195.902049  62.676525     2.733     2.616  9 54680.95890920 22.752
   4 195.901987  62.677874     2.308     2.292  8 54690.87455180 29.038
   5 195.901119  62.679087     2.369     2.347  8 54700.79019208 25.951
   6 195.901273  62.677844     2.353     2.238  9 54710.70583855 25.253
   7 195.903168  62.674899     2.289     2.218  8 54720.62149032 26.323
   8 195.903959  62.672162     1.839     1.754  8 54730.53713931 30.780
   9 195.906435  62.670545     1.783     1.822  8 54740.45278666 30.763
  10 195.905028  62.671081     2.445     2.472  8 54750.36843337 24.775
  11 195.905931  62.671293     1.661     1.718  8 54760.28408013 41.260
  12 195.905315  62.671382     1.682     1.693  8 54770.19972439 34.882
  13 195.906836  62.670554     0.794     0.783  9 54780.11536567 31.226
  14 195.907067  62.670025     0.893     0.803  8 54790.03100430 30.711
  15 195.906616  62.670746     0.587     0.590  9 54799.94664173 28.218
  16 195.903916  62.673012     0.349     0.474  9 54809.86227894 25.499
  17 195.902725  62.675326     0.986     0.976  8 54819.77791727 21.948
  18 195.903299  62.675292     1.337     1.354  8 54829.69356971 15.102
  19 195.901702  62.675217     1.314     1.279  8 54839.60920844 14.661
  20 195.905139  62.673961     2.654     2.611  8 54849.52485798 14.450
  21 195.903452  62.674762     2.191     2.085  8 54859.44050630 15.804
  22 195.903400  62.675276     2.357     2.363  9 54869.35615490 15.228
  23 195.904417  62.674412     2.777     2.768  8 54879.27180270 12.849
  24 195.906053  62.672333     2.985     3.002  8 54889.18744755 13.519
  25 195.905916  62.670216     3.509     3.546  8 54899.10308907 12.462
  26 195.908605  62.668807     3.623     3.581  8 54909.01872846 12.894
  27 195.907414  62.670105     3.612     3.514  8 54918.93436601 11.857
  28 195.905992  62.671885     3.678     3.627  8 54928.85000329 12.459
  29 195.904628  62.672679     3.546     3.373  9 54938.76563989 11.748
  30 195.905705  62.672102     1.580     1.558  9 54948.68127517 40.429
  31 195.906163  62.671587     1.717     1.405  9 54958.59691211 34.497
  32 195.905641  62.671527     3.111     3.156  9 54968.51256061 41.620
  33 195.903504  62.672920     4.099     4.073  8 54978.42820763 28.418
  34 195.903073  62.673837     3.731     3.661  8 54988.34385481 27.351
  35 195.904379  62.673658     3.589     3.624  9 54998.25950239 25.529
  36 195.904613  62.673583     3.365     3.399  8 55008.17514808 26.863
  37 195.905294  62.673667     2.775     2.737  8 55018.09079188 36.963
  38 195.902765  62.675217     2.563     2.617  8 55028.00643389 36.084
  39 195.902205  62.676584     2.442     2.375  9 55037.92207564 26.358
  40 195.901156  62.677725     2.111     2.136  8 55047.83771630 28.709
  41 195.901372  62.677109     1.934     1.991  8 55057.75335530 29.346
  42 195.904111  62.674474     2.053     1.993  8 55067.66899361 28.759
  43 195.906655  62.671093     1.923     1.931  8 55077.58464444 28.203
  44 195.906899  62.670038     2.157     1.979  8 55087.50029231 29.019
  45 195.905534  62.671133     1.929     1.917  8 55097.41593814 31.320
  46 195.905309  62.672274     1.832     1.851  8 55107.33158361 31.150
  47 195.905591  62.671923     2.002     1.923  9 55117.24722863 32.908
  48 195.906005  62.670235     2.336     2.379  8 55127.16287150 27.250
  49 195.907286  62.668634     1.315     1.266  9 55137.07851219 41.353
  50 195.907765  62.669055     2.116     2.103  8 55146.99415077 33.048
  51 195.906618  62.671781     1.279     1.277  8 55156.90978834 20.494
  52 195.903007  62.674966     1.492     1.509  8 55166.82542565 15.796
  53 195.903999  62.675923     1.601     1.597  8 55176.74106326 26.321
  54 195.901112  62.676063     1.488     1.452  8 55186.65670591 31.594
  55 195.903576  62.674392     1.394     1.396  8 55196.57235735 32.134
  56 195.903578  62.674566     1.459     1.427  8 55206.48800713 25.709
  57 195.901849  62.676200     1.714     1.616  9 55216.40365594 24.616
  58 195.902236  62.676308     1.633     1.625  9 55226.31930447 24.567
  59 195.903982  62.674061     1.567     1.557  8 55236.23495095 23.189
  60 195.906692  62.670448     1.436     1.393  8 55246.15059428 23.211
  61 195.908875  62.667582     1.895     1.918  9 55256.06623486 19.374
  62 195.907678  62.668210     1.931     1.881  8 55265.98187357 18.143
  63 195.906791  62.670901     1.669     1.698  8 55275.89751140 18.133
  64 195.904162  62.673707     1.889     1.869  9 55285.81314816 16.984
  65 195.904266  62.673848     1.855     1.794  8 55295.72878345 16.960
  66 195.906680  62.671201     2.580     2.576  8 55305.64442359  9.364
  67 195.907160  62.668926     1.944     1.835  8 55315.56007099 12.752
  68 195.908419  62.669062     3.111     3.328  8 55325.47571659 22.227
  69 195.905042  62.672292     3.253     3.249  9 55335.39136017 35.227
  70 195.904693  62.674439     3.753     3.760  8 55345.30700374 28.200
  71 195.902232  62.675404     3.416     3.370  8 55355.22264626 26.008
  72 195.904122  62.674398     3.423     3.340  9 55365.13828738 24.657
  73 195.903267  62.674399     2.419     2.428  8 55375.05392659 25.468
  74 195.902287  62.675796     2.050     1.944  8 55384.96956462 31.328
  75 195.900816  62.677768     2.689     2.635  8 55394.88520171 22.629
  76 195.900991  62.678766     2.443     2.298  8 55404.80084076 25.739
  77 195.902111  62.676402     2.368     2.245  8 55414.71649273 27.320
  78 195.905180  62.672222     2.878     2.937  8 55424.63214196 22.410
  79 195.908450  62.668675     2.693     2.688  9 55434.54778847 29.911
  80 195.908160  62.668505     2.783     2.788  8 55444.46343275 25.234
  81 195.905139  62.671014     2.608     2.669  8 55454.37907532 23.812
  82 195.905120  62.673185     2.167     2.131  8 55464.29471740 27.214
  83 195.893430  62.676451     1.884     1.965  5 55474.21035574 57.414
  84 195.905297  62.671818     1.733     1.644  8 55484.12599415 32.791
  85 195.907926  62.669486     1.183     1.222  8 55494.04162941 41.776
  86 195.906629  62.670852     0.923     0.859  8 55503.95726285 40.450
  87 195.903390  62.673772     0.844     0.813  9 55513.87291084 31.124
  88 195.901966  62.676280     1.048     1.068  9 55523.78856013 33.182
  89 195.901072  62.676850     1.618     1.460  8 55533.70420797 21.552
  90 195.904270  62.674708     1.454     1.470  8 55543.61985463 19.574
  91 195.903314  62.673829     1.463     1.449  8 55553.53549879 19.682
  92 195.904698  62.673756     2.132     2.106  8 55563.45114189 13.404
  93 195.903272  62.675404     1.386     1.488  9 55573.36678388 28.351
  94 195.900689  62.676476     1.483     1.503  8 55583.28242445 27.114
  95 195.904609  62.674326     1.253     1.368  8 55593.19806257 29.725
  96 195.906145  62.672106     1.731     1.717  8 55603.11369715 13.909
  97 195.905539  62.671420     2.143     2.045  9 55613.02932935 15.058
  98 195.904972  62.672398     1.589     1.564  9 55622.94496525 16.272
  99 195.903917  62.673490     1.761     1.718  8 55632.86061799 17.589
 100 195.903319  62.674198     1.781     1.788  8 55642.77626858 17.543
 101 195.904315  62.673363     2.254     1.971  8 55652.69191660 14.963
 102 195.906210  62.670978     2.881     2.680  8 55662.60756064 12.250
 103 195.906712  62.669667     2.973     2.973  9 55672.52320133 12.170
 104 195.905566  62.670596     1.434     1.259  9 55682.43884007 38.444
 105 195.904818  62.673453     2.688     3.118  9 55692.35447707 24.438
 106 195.903167  62.676669     3.472     3.393  8 55702.27011235 44.747
 107 195.901282  62.678077     3.267     3.193  9 55712.18575469 25.159
 108 195.902712  62.676527     3.259     3.240  8 55722.10140446 38.693
 109 195.904069  62.675064     2.763     2.750  8 55732.01705223 24.817
 110 195.904404  62.674611     2.570     2.351  8 55741.93269859 26.274
 111 195.902500  62.675185     2.718     2.625  9 55751.84834339 24.721
 112 195.903440  62.674748     2.667     2.668  9 55761.76398626 26.888
 113 195.902901  62.674023     2.619     2.567  8 55771.67962618 23.278
 114 195.904099  62.672206     2.683     2.672  8 55781.59526286 21.611
 115 195.904789  62.671718     2.614     2.507  8 55791.51089667 22.999
 116 195.904078  62.673170     2.360     2.211  8 55801.42652884 25.790
 117 195.903883  62.673907     2.495     2.452  9 55811.34217882 24.239
 118 195.903717  62.674425     2.564     2.574  9 55821.25782728 26.827
 119 195.902704  62.674367     2.135     2.058  8 55831.17347098 27.529
 120 195.903642  62.673085     2.088     1.990  8 55841.08911043 27.422
 121 195.905519  62.672132     1.818     1.907  9 55851.00474694 31.239
 122 195.903688  62.674041     1.548     1.244  8 55860.92038084 36.440
 123 195.901356  62.675694     0.748     0.756  8 55870.83603297 32.665
 124 195.903480  62.676315     0.705     0.718  8 55880.75168366 21.124
 125 195.902969  62.676814     0.942     0.951  8 55890.66732746 16.106
 126 195.901919  62.677072     1.726     1.757  8 55900.58296536 27.258
 127 195.899438  62.678150     1.846     1.861  8 55910.49859827 20.543
 128 195.901441  62.676780     1.864     1.872  9 55920.41425179 15.536
 129 195.901143  62.675934     1.876     1.861  8 55930.32990409 16.043
 130 195.904641  62.673558     1.816     1.801  9 55940.24555305 14.581
 131 195.905259  62.671426     2.007     1.869  9 55950.16119707 14.629
 132 195.907957  62.669737     1.984     1.927  8 55960.07683715 14.333
 133 195.907578  62.670386     2.701     2.705  8 55969.99247443 15.284
 134 195.905570  62.672646     2.655     2.637  8 55979.90811042 14.674
 135 195.903415  62.674572     2.904     2.853  8 55989.82374558 12.886
 136 195.904354  62.674106     2.996     2.949  9 55999.73938923 11.580
 137 195.905295  62.672248     3.021     3.065  9 56009.65504040 11.097
 138 195.906323  62.671031     3.074     2.974  8 56019.57068736 11.319
 139 195.905349  62.671436     3.544     3.538  8 56029.48633093  9.750
 140 195.904645  62.672950     3.382     3.286  8 56039.40197250  9.563
 141 195.902629  62.675079     2.194     2.148  9 56049.31761184 11.787
 142 195.902684  62.676564     1.540     1.528  8 56059.23324875 30.581
 143 195.901949  62.677567     3.651     3.606  8 56069.14888298 36.927
 144 195.901759  62.676633     3.740     3.789  8 56079.06453416 25.917
 145 195.902783  62.675788     3.338     3.333  8 56088.98018277 38.049
 146 195.904152  62.675577     3.449     3.417  8 56098.89582889 25.231
 147 195.901123  62.675885     3.105     3.124  8 56108.81147222 36.586
 148 195.903383  62.673947     3.033     2.906  9 56118.72710183 28.120
 149 195.904827  62.672181     2.698     2.576  8 56128.64273925 38.378
 150 195.905130  62.671742     3.061     3.010  8 56138.55837292 22.176
 151 195.905383  62.672086     2.813     2.633  8 56148.47402060 25.623
 152 195.903379  62.673874     2.116     2.241  8 56158.38966924 28.786
 153 195.903061  62.674520     2.505     2.416  8 56168.30531702 27.232
 154 195.904704  62.673071     2.528     2.561  8 56178.22096227 26.485
 155 195.904264  62.671844     2.969     2.797  8 56188.13660283 25.651
 156 195.906559  62.670993     2.903     3.028  9 56198.05224019 25.384
 157 195.903542  62.673708     3.033     3.084  9 56207.96787388 26.162
 158 195.900808  62.677445     2.843     2.853  8 56217.88350592 29.089
 159 195.898844  62.679421     1.717     1.759  8 56227.79914997 47.887
 160 195.899476  62.678307     1.178     1.190  8 56237.71480460 36.095
 161 195.903716  62.675641     1.146     0.883  8 56247.63045585 25.927
 162 195.903576  62.674828     1.656     1.745  8 56257.54610146 20.558
 163 195.901102  62.676119     1.804     1.802  8 56267.46174323 18.052
 164 195.903591  62.676270     2.082     1.998  8 56277.37738385 17.251
 165 195.903386  62.675646     2.052     1.968  8 56287.29303184 14.927
 166 195.905487  62.672599     2.080     2.164  8 56297.20868167 16.285
 167 195.907111  62.669512     1.619     1.668  8 56307.12432752 29.102
 168 195.907205  62.668551     1.991     2.011  9 56317.03997019 14.182
 169 195.905269  62.670783     2.339     2.372  8 56326.95561087 12.586
 170 195.902443  62.674123     2.710     2.636  8 56336.87125040 11.785
 171 195.904438  62.675067     2.741     2.632  8 56346.78688908 11.247
 172 195.902880  62.674840     3.111     3.070  8 56356.70252505 14.933
 173 195.906390  62.671382     3.299     3.339  8 56366.61817367  9.964
 176 195.902523  62.675358     3.145     3.108  8 56396.36511066 10.926
 177 195.901491  62.677413     2.942     3.030  9 56406.28075164 12.034
 178 195.900686  62.677861     3.000     2.859  8 56416.19638932 12.043
 179 195.901236  62.677092     2.105     2.092  8 56426.11202253 20.668
 180 195.904003  62.674795     1.590     1.572  8 56436.02767281 49.417
 181 195.904074  62.674211     3.649     3.626  9 56445.94332471 46.597
 182 195.901835  62.675478     3.625     3.685  8 56455.85897387 28.085
 183 195.904687  62.674437     3.740     3.687  8 56465.77462068 24.757
 184 195.904613  62.672710     3.550     3.438  9 56475.69026348 24.030
 185 195.906964  62.669966     2.905     2.988  9 56485.60590306 24.819
 186 195.906774  62.669588     2.627     2.524  8 56495.52153921 25.037
 187 195.904213  62.672499     2.564     2.564  9 56505.43717306 23.547
 188 195.902555  62.676578     2.203     2.215  8 56515.35280532 33.200
 189 195.901619  62.677235     2.112     2.126  9 56525.26845885 32.302
 190 195.904510  62.674754     1.837     1.866  8 56535.18411014 36.164
 192 195.906187  62.670757     2.161     2.237  9 56555.01540199 36.624
 193 195.903842  62.673124     2.225     2.017  9 56564.93104434 25.602
 194 195.902274  62.676582     2.401     2.297  9 56574.84668534 35.265
 195 195.898451  62.679788     2.737     2.825  8 56584.76232330 29.031
 196 195.899638  62.679722     2.259     2.201  8 56594.67795921 48.244
 197 195.903308  62.676086     2.073     2.083  8 56604.59361299 37.816
 198 195.904019  62.674005     1.545     1.491  8 56614.50926149 49.679
 199 195.904750  62.673962     1.418     1.115  8 56624.42490586 31.270
 200 195.902423  62.675409     1.794     1.836  8 56634.34054697 41.895
 201 195.902358  62.676307     1.290     1.290  9 56644.25618345 36.620
 202 195.904697  62.673512     1.194     1.211  8 56654.17183687 25.734
 203 195.906502  62.670533     1.433     1.479  8 56664.08748605 27.411
 204 195.907371  62.669059     1.480     1.474  9 56674.00313235 24.010
 205 195.906835  62.670381     1.472     1.536  9 56683.91877708 46.119
 206 195.903529  62.673503     1.310     1.303  8 56693.83441932 36.849
 207 195.904188  62.675283     2.151     1.993  8 56703.75005773 25.636
 208 195.902161  62.675915     1.251     1.241  9 56713.66569071 29.600
 209 195.904744  62.672937     1.607     1.620  8 56723.58134053 19.791
 210 195.904551  62.671560     1.343     1.341  8 56733.49699128 19.607
 211 195.904317  62.672937     1.469     1.470  8 56743.41263823 20.234
 212 195.903253  62.675894     1.432     1.388  8 56753.32828058 20.296
 213 195.898478  62.679259     1.282     1.320  8 56763.24391718 44.068
 214 195.900123  62.679145     1.513     1.574  9 56773.15955027 42.450
 215 195.902612  62.675583     2.054     2.077  8 56783.07520840 43.419
 216 195.904935  62.672797     2.691     2.583  8 56792.99086281 23.222
 217 195.904710  62.672075     2.650     2.633  9 56802.90651405 25.028
 218 195.906098  62.672360     2.713     2.716  8 56812.82215741 56.652
 219 195.905672  62.672740     2.793     2.734  8 56822.73779704 21.539
 220 195.905939  62.672308     2.762     2.672  8 56832.65343261 23.413
 221 195.905071  62.672270     2.379     2.291  9 56842.56906459 25.758
 222 195.904705  62.672455     2.747     2.694  9 56852.48470442 22.034
 223 195.903424  62.672853     2.713     2.707  8 56862.40035834 21.563
 224 195.904961  62.673209     2.830     2.673  9 56872.31601194 23.108
 225 195.904619  62.673491     2.682     2.615  8 56882.23166229 23.464
 226 195.904535  62.672987     2.536     2.579  8 56892.14730915 48.071
 227 195.905560  62.671687     2.325     2.351  9 56902.06295317 24.865
 228 195.905959  62.671763     2.221     2.064  9 56911.97859511 25.042
 229 195.903124  62.673977     2.058     2.004  8 56921.89423498 31.951
 230 195.902929  62.676379     2.092     2.119  8 56931.80987286 43.769
 231 195.898681  62.679155     2.686     2.695  8 56941.72550517 24.955
 232 195.900742  62.678295     1.707     1.653  8 56951.64114749 47.739
 233 195.903363  62.675521     1.788     1.799  8 56961.55679926 46.408
 234 195.903400  62.674258     1.605     1.569  9 56971.47244563 43.165
 235 195.904813  62.673898     1.432     1.413  8 56981.38808790 39.853
 236 195.902665  62.675085     1.265     1.264  9 56991.30372522 31.981
 237 195.903114  62.675596     1.257     1.171  9 57001.21935648 23.624
 238 195.904345  62.673209     1.684     1.657  9 57011.13501440 22.277
 239 195.905614  62.671376     1.502     1.528  9 57021.05066645 29.447
 240 195.905248  62.671474     1.160     1.185  9 57030.96631533 26.795
 241 195.905567  62.672191     1.509     1.478  9 57040.88196241 20.531
 242 195.904888  62.673398     1.745     1.602  9 57050.79760725 17.815
 243 195.903335  62.674263     1.659     1.693  9 57060.71324792 17.215
 244 195.903077  62.674668     1.577     1.615  9 57070.62888315 17.844
 245 195.904355  62.675141     1.472     1.402  8 57080.54451415 39.406
 246 195.902076  62.676785     1.267     1.219  9 57090.46015450 23.701
 247 195.902082  62.677088     1.398     1.472  9 57100.37581217 22.671
 248 195.900141  62.677756     1.275     1.278  8 57110.29146650 22.967
 249 195.900529  62.676998     1.383     1.424  8 57120.20711562 20.634
 250 195.904413  62.674710     1.563     1.436  8 57130.12275940 17.499
 251 195.903342  62.674576     1.470     1.376  9 57140.03839720 35.241
 252 195.902235  62.675750     1.643     1.598  8 57149.95403141 41.655
 253 195.900874  62.677487     3.876     3.857  8 57159.86966260 44.797
 254 195.902031  62.676045     3.266     3.106  9 57169.78531507 24.251
 255 195.903711  62.673351     3.220     3.187  9 57179.70097117 46.229
 256 195.905858  62.670890     2.726     2.813  9 57189.61662323 23.162
 257 195.906982  62.670439     2.327     2.396  9 57199.53227127 28.260
 258 195.905141  62.672143     1.988     1.935  8 57209.44790504 29.199
 259 195.905395  62.673498     1.986     1.987  8 57219.36354897 31.921
 260 195.902945  62.674516     2.023     1.925  8 57229.27919164 27.159
 261 195.903340  62.674249     2.021     2.090  8 57239.19483249 26.971
 262 195.902831  62.674431     1.935     1.944  8 57249.11047019 41.144
 263 195.901442  62.676045     2.102     2.071  8 57259.02610532 24.127
 264 195.901232  62.678310     2.489     2.452  8 57268.94173929 39.842
 265 195.899897  62.679676     2.774     2.754  9 57278.85738954 22.306
 266 195.900553  62.678870     2.391     2.508  9 57288.77304568 28.146
 267 195.901620  62.676692     2.593     2.619  8 57298.68869913 29.097
 268 195.904536  62.673734     2.594     2.626  9 57308.60434920 49.391
 269 195.905499  62.672408     2.237     2.167  9 57318.51999528 33.122
 270 195.905137  62.672785     2.321     2.251  8 57328.43563786 28.057
 271 195.904000  62.674400     1.632     1.583  8 57338.35127803 48.297
 272 195.902598  62.674174     1.167     1.203  8 57348.26692637 24.401
 273 195.904136  62.671984     1.326     1.343  8 57358.18257290 21.983
 274 195.907988  62.669263     1.464     1.628  9 57368.09821642 19.913
 275 195.906866  62.669847     1.599     1.557  8 57378.01385630 25.259
 276 195.905439  62.672804     2.070     1.944  8 57387.92949431 44.438
 277 195.903474  62.676095     1.279     1.258  8 57397.84513145 30.636
 278 195.901840  62.677792     1.624     1.750  8 57407.76076733 23.168
 279 195.901400  62.675851     1.620     1.559  8 57417.67642023 23.225
 280 195.903695  62.673485     1.410     1.434  9 57427.59207152 24.721
 281 195.903108  62.673789     1.480     1.507  8 57437.50771949 24.194
 282 195.901506  62.676240     1.348     1.401  8 57447.42336564 24.833
 283 195.898973  62.678729     1.346     1.316  8 57457.33901061 24.522
 284 195.899201  62.678795     1.286     1.209  8 57467.25465352 22.147
 285 195.903092  62.676247     1.452     1.492  8 57477.17029310 18.931
 286 195.902906  62.674595     1.652     1.637  9 57487.08592901 26.344
 287 195.903838  62.674444     1.631     1.548  8 57497.00156270 36.794
 288 195.902150  62.676702     1.775     1.764  8 57506.91719981 43.504
 289 195.901480  62.676940     2.730     2.663  8 57516.83285609 26.599
 290 195.902163  62.675775     2.714     2.503  9 57526.74850987 25.528
 291 195.903353  62.672922     3.061     3.043  8 57536.66416128 57.019
 292 195.906025  62.670025     2.845     2.802  9 57546.57981009 49.431
 293 195.907091  62.669555     2.663     2.752  8 57556.49545675 37.365
 294 195.905375  62.672156     2.303     2.284  8 57566.41110149 31.774
 295 195.903044  62.674999     2.199     2.140  8 57576.32674537 33.790
 296 195.901502  62.676165     2.215     2.117  8 57586.24238850 28.911
 297 195.903231  62.674919     2.242     2.218  9 57596.15802995 30.261
