# NaN NaN NaN ;Mean Elev.(m), Avg Gradient(m/km), RMS Gradient(m/km) - SRTM1     
#   60.052  -1.879   6.204 ;Mean Elev.(m), Avg Gradient(m/km), RMS Gradient(m/km) - ASTER GDEM
#   63.000  -1.360   9.048 ;Mean Elev.(m), Avg Gradient(m/km), RMS Gradient(m/km) - GMTED2010 
   2    64.670 54673.84940334 50.71 208.223597  65.103077  1.443 -100.00 -100.00 -100.00
   2    64.567 54673.84940393 44.13 208.229566  65.103832   -100 -100.00 -100.00 -100.00
   2    64.622 54673.84940452 44.59 208.235535  65.104586   -100 -100.00 -100.00 -100.00
   4    65.103 54693.68068906 45.63 208.225071  65.105385   -100 -100.00 -100.00 -100.00
   4    65.041 54693.68068965 46.57 208.231040  65.106139   -100 -100.00 -100.00 -100.00
   4    65.068 54693.68069024 47.54 208.237010  65.106893   -100 -100.00 -100.00 -100.00
   6    64.321 54713.51197760 53.88 208.218188  65.101200 16.457 -100.00 -100.00 -100.00
   6    64.397 54713.51197819 51.89 208.224156  65.101955   -100 -100.00 -100.00 -100.00
   6    64.549 54713.51197878 48.52 208.230124  65.102709   -100 -100.00 -100.00 -100.00
   8    63.947 54733.34327627 39.87 208.215506  65.099138   -100 -100.00 -100.00 -100.00
   8    64.164 54733.34327686 41.37 208.221474  65.099892   -100 -100.00 -100.00 -100.00
   8    64.175 54733.34327745 43.03 208.227441  65.100646   -100 -100.00 -100.00 -100.00
   9    63.852 54743.25892346 45.92 208.217044  65.100964   -100 -100.00 -100.00 -100.00
   9    64.040 54743.25892405 49.31 208.223012  65.101718   -100 -100.00 -100.00 -100.00
   9    63.835 54743.25892464 49.42 208.228980  65.102472   -100 -100.00 -100.00 -100.00
  10    63.848 54753.17457072 42.29 208.222355  65.102872   -100 -100.00 -100.00 -100.00
  10    63.719 54753.17457131 44.12 208.228323  65.103626   -100 -100.00 -100.00 -100.00
  10    63.996 54753.17457190 45.69 208.234292  65.104379   -100 -100.00 -100.00 -100.00
  11    63.813 54763.09021657 38.80 208.219273  65.102103   -100 -100.00 -100.00 -100.00
  11    63.820 54763.09021716 39.28 208.225242  65.102857   -100 -100.00 -100.00 -100.00
  11    63.973 54763.09021775 40.46 208.231211  65.103611   -100 -100.00 -100.00 -100.00
  12    64.436 54773.00585984 35.25 208.216903  65.099812 31.188 -100.00 -100.00 -100.00
  12    64.355 54773.00586043 34.32 208.222872  65.100566 28.736 -100.00 -100.00 -100.00
  12    64.380 54773.00586102 35.60 208.228841  65.101320   -100 -100.00 -100.00 -100.00
  13    64.353 54782.92150039 25.94 208.215356  65.098026 10.472 -100.00 -100.00 -100.00
  13    64.478 54782.92150098 33.73 208.221324  65.098781 30.616 -100.00 -100.00 -100.00
  13    64.344 54782.92150157 28.62 208.227293  65.099535 18.760 -100.00 -100.00 -100.00
  14    64.354 54792.83713889 23.60 208.215936  65.098098  8.442 -100.00 -100.00 -100.00
  14    64.423 54792.83713948 23.13 208.221905  65.098852  8.118 -100.00 -100.00 -100.00
  15    64.356 54802.75277672 21.76 208.219621  65.100140  7.176 -100.00 -100.00 -100.00
  15    64.408 54802.75277731 22.63 208.225590  65.100895  9.249 -100.00 -100.00 -100.00
  16    64.267 54812.66841408 21.56 208.221060  65.101590  7.390 -100.00 -100.00 -100.00
  16    64.311 54812.66841467 21.94 208.227029  65.102345  9.128 -100.00 -100.00 -100.00
  16    64.429 54812.66841526 21.95 208.232998  65.103099  9.116 -100.00 -100.00 -100.00
  17    64.272 54822.58405665 20.06 208.220015  65.101751  7.300 -100.00 -100.00 -100.00
  17    64.352 54822.58405725 20.01 208.225984  65.102505  7.410 -100.00 -100.00 -100.00
  17    64.311 54822.58405784 20.60 208.231953  65.103260  8.421 -100.00 -100.00 -100.00
  18    64.307 54832.49969690 18.45 208.219543  65.101267  5.807 -100.00 -100.00 -100.00
  18    64.365 54832.49969749 19.01 208.225511  65.102021  6.703 -100.00 -100.00 -100.00
  18    64.409 54832.49969808 18.65 208.231480  65.102775  7.264 -100.00 -100.00 -100.00
  19    64.343 54842.41534724 20.33 208.221548  65.101854  9.286 -100.00 -100.00 -100.00
  19    64.410 54842.41534783 20.37 208.227517  65.102608 10.448 -100.00 -100.00 -100.00
  19    64.375 54842.41534842 19.29 208.233485  65.103362  7.963 -100.00 -100.00 -100.00
  20    64.381 54852.33099662 19.76 208.224883  65.103880  8.908 -100.00 -100.00 -100.00
  20    64.381 54852.33099721 20.30 208.230852  65.104634 11.056 -100.00 -100.00 -100.00
  20    64.293 54852.33099780 19.12 208.236821  65.105388  8.096 -100.00 -100.00 -100.00
  21    64.458 54862.24664515 18.10 208.222393  65.105620  7.380 -100.00 -100.00 -100.00
  21    64.317 54862.24664574 17.95 208.228363  65.106374  7.790 -100.00 -100.00 -100.00
  21    64.489 54862.24664633 17.33 208.234333  65.107127  6.877 -100.00 -100.00 -100.00
  21    64.240 54862.24664693 17.47 208.240303  65.107881  7.217 -100.00 -100.00 -100.00
  22    64.525 54872.16229425 16.00 208.226495  65.107012  5.257 -100.00 -100.00 -100.00
  22    64.449 54872.16229484 15.18 208.232465  65.107766  4.912 -100.00 -100.00 -100.00
  22    64.489 54872.16229543 15.64 208.238436  65.108519  5.963 -100.00 -100.00 -100.00
  23    64.588 54882.07794068 13.52 208.224146  65.105315  4.736 -100.00 -100.00 -100.00
  23    64.557 54882.07794127 13.37 208.230116  65.106069  4.108 -100.00 -100.00 -100.00
  23    64.384 54882.07794186 13.92 208.236086  65.106822  4.298 -100.00 -100.00 -100.00
  23    64.404 54882.07794245 13.12 208.242057  65.107576  4.047 -100.00 -100.00 -100.00
  24    64.783 54891.99358351 13.15 208.219943  65.101854  3.711 -100.00 -100.00 -100.00
  24    64.719 54891.99358410 13.29 208.225912  65.102608  3.768 -100.00 -100.00 -100.00
  24    64.661 54891.99358469 13.64 208.231881  65.103362  4.226 -100.00 -100.00 -100.00
  25    66.044 54901.90922374 11.60 208.217880  65.099333  2.713 -100.00 -100.00 -100.00
  25    65.422 54901.90922433 11.47 208.223849  65.100088  2.681 -100.00 -100.00 -100.00
  25    64.773 54901.90922492 11.42 208.229818  65.100842  3.005 -100.00 -100.00 -100.00
  26    66.659 54911.82486277 11.32 208.218377  65.099596  3.222 -100.00 -100.00 -100.00
  26    65.813 54911.82486336 11.26 208.224346  65.100350  3.693 -100.00 -100.00 -100.00
  26    64.998 54911.82486395 11.17 208.230315  65.101104  3.546 -100.00 -100.00 -100.00
  27    64.661 54921.74050110 12.20 208.221778  65.101728  4.680 -100.00 -100.00 -100.00
  27    64.839 54921.74050169 12.23 208.227747  65.102482  4.697 -100.00 -100.00 -100.00
  27    64.798 54921.74050228 12.43 208.233717  65.103236  5.155 -100.00 -100.00 -100.00
  28    64.469 54931.65613809 27.40 208.219004  65.102362 26.032 -100.00 -100.00 -100.00
  28    64.493 54931.65613868 26.51 208.224973  65.103116 22.075 -100.00 -100.00 -100.00
  28    64.921 54931.65613927 24.86 208.230942  65.103870 16.959 -100.00 -100.00 -100.00
  28    64.923 54931.65613986 25.22 208.236912  65.104624 20.456 -100.00 -100.00 -100.00
  29    64.107 54941.57177362 31.87 208.218595  65.101034   -100 -100.00 -100.00 -100.00
  29    64.166 54941.57177421 30.32 208.224563  65.101788   -100 -100.00 -100.00 -100.00
  29    64.311 54941.57177480 29.23 208.230531  65.102542 28.588 -100.00 -100.00 -100.00
  30    64.322 54951.48740716 45.42 208.216097  65.098139   -100 -100.00 -100.00 -100.00
  30    64.557 54951.48740776 43.20 208.222064  65.098894   -100 -100.00 -100.00 -100.00
  31    64.285 54961.40304839 43.42 208.215343  65.096382   -100 -100.00 -100.00 -100.00
  31    64.247 54961.40304898 44.33 208.221309  65.097137   -100 -100.00 -100.00 -100.00
  32    64.725 54971.31869731 34.55 208.217468  65.097596 28.759 -100.00 -100.00 -100.00
  32    64.519 54971.31869790 35.50 208.223435  65.098351   -100 -100.00 -100.00 -100.00
  33    64.105 54981.23434497 41.29 208.217342  65.099718   -100 -100.00 -100.00 -100.00
  33    64.313 54981.23434556 46.11 208.223310  65.100472  4.860 -100.00 -100.00 -100.00
  33    64.419 54981.23434615 42.25 208.229278  65.101227   -100 -100.00 -100.00 -100.00
  35    64.654 55001.06563987 52.10 208.223816  65.102844  0.308 -100.00 -100.00 -100.00
  35    64.518 55001.06564046 46.17 208.229785  65.103598   -100 -100.00 -100.00 -100.00
  35    64.574 55001.06564105 47.40 208.235754  65.104352   -100 -100.00 -100.00 -100.00
  36    64.841 55010.98128479 39.01 208.222331  65.102452   -100 -100.00 -100.00 -100.00
  36    64.496 55010.98128538 38.11 208.228300  65.103206   -100 -100.00 -100.00 -100.00
  36    64.536 55010.98128597 38.72 208.234269  65.103960   -100 -100.00 -100.00 -100.00
  37    64.300 55020.89692817 51.08 208.220773  65.101917 16.577 -100.00 -100.00 -100.00
  37    64.869 55020.89692876 52.22 208.226742  65.102671   -100 -100.00 -100.00 -100.00
  37    64.623 55020.89692935 49.00 208.232711  65.103425   -100 -100.00 -100.00 -100.00
  38    64.761 55030.81257135 49.08 208.227707  65.103741  2.229 -100.00 -100.00 -100.00
  38    64.796 55030.81257194 49.42 208.233676  65.104495  4.747 -100.00 -100.00 -100.00
  39    64.598 55040.72821292 46.07 208.225095  65.104770   -100 -100.00 -100.00 -100.00
  39    64.674 55040.72821351 46.29 208.231065  65.105524   -100 -100.00 -100.00 -100.00
  39    64.465 55040.72821410 49.14 208.237034  65.106277   -100 -100.00 -100.00 -100.00
  40    64.513 55050.64385305 48.96 208.223153  65.105014   -100 -100.00 -100.00 -100.00
  40    64.553 55050.64385364 45.71 208.229122  65.105768   -100 -100.00 -100.00 -100.00
  40    64.619 55050.64385423 46.51 208.235091  65.106522   -100 -100.00 -100.00 -100.00
  40    64.681 55050.64385482 46.20 208.241061  65.107275   -100 -100.00 -100.00 -100.00
  41    64.224 55060.55949107 51.83 208.222953  65.103416 10.760 -100.00 -100.00 -100.00
  41    64.317 55060.55949166 48.69 208.228922  65.104170   -100 -100.00 -100.00 -100.00
  41    64.361 55060.55949225 50.31 208.234890  65.104925 10.861 -100.00 -100.00 -100.00
  42    64.650 55070.47513180 46.40 208.218720  65.100165 32.731 -100.00 -100.00 -100.00
  42    64.478 55070.47513239 50.19 208.224688  65.100920   -100 -100.00 -100.00 -100.00
  42    64.732 55070.47513298 48.29 208.230656  65.101674   -100 -100.00 -100.00 -100.00
  43    64.801 55080.39078047 51.64 208.214995  65.097772   -100 -100.00 -100.00 -100.00
  43    65.008 55080.39078106 49.31 208.220962  65.098527   -100 -100.00 -100.00 -100.00
  43    65.059 55080.39078165 51.90 208.226929  65.099281   -100 -100.00 -100.00 -100.00
  44    63.787 55090.30642781 29.14 208.214551  65.097995 20.989 -100.00 -100.00 -100.00
  44    63.981 55090.30642840 30.33 208.220518  65.098749 26.353 -100.00 -100.00 -100.00
  44    64.112 55090.30642899 33.48 208.226485  65.099503 31.012 -100.00 -100.00 -100.00
  46   130.389 55110.13772126 13.28 208.222504  65.102897 11.633 -100.00 -100.00 -100.00
  46   131.252 55110.13772185 10.72 208.228473  65.103651 10.079 -100.00 -100.00 -100.00
  46   109.205 55110.13772244 13.68 208.234442  65.104404 20.086 -100.00 -100.00 -100.00
  47    63.373 55120.05336512 40.47 208.218055  65.101936   -100 -100.00 -100.00 -100.00
  47    63.724 55120.05336571 46.06 208.224024  65.102690   -100 -100.00 -100.00 -100.00
  47    63.865 55120.05336630 46.53 208.229993  65.103444 31.336 -100.00 -100.00 -100.00
  47    63.637 55120.05336689 49.60 208.235962  65.104198   -100 -100.00 -100.00 -100.00
  48   128.205 55129.96900659  7.81 208.217273  65.099546  7.950 -100.00 -100.00 -100.00
  48   127.629 55129.96900718 13.99 208.223242  65.100300 16.565 -100.00 -100.00 -100.00
  48   127.701 55129.96900778 15.47 208.229210  65.101054 16.524 -100.00 -100.00 -100.00
  49    63.125 55139.88464590 28.33 208.214746  65.097191 15.146 -100.00 -100.00 -100.00
  49    63.064 55139.88464649 31.19 208.220714  65.097945 24.897 -100.00 -100.00 -100.00
  50    64.107 55149.80028441 33.56 208.213746  65.097351 27.503 -100.00 -100.00 -100.00
  50    63.944 55149.80028500 33.44 208.219714  65.098106 31.016 -100.00 -100.00 -100.00
  50    63.937 55149.80028559 32.81 208.225683  65.098860 29.532 -100.00 -100.00 -100.00
  51    63.756 55159.71592307 24.68 208.215654  65.099679 11.670 -100.00 -100.00 -100.00
  51    64.043 55159.71592366 23.75 208.221622  65.100434 10.221 -100.00 -100.00 -100.00
  51    63.937 55159.71592425 23.46 208.227591  65.101188 10.178 -100.00 -100.00 -100.00
  52    63.848 55169.63156162 20.93 208.220332  65.102126  6.570 -100.00 -100.00 -100.00
  52    64.887 55169.63156221 20.27 208.226301  65.102880  6.409 -100.00 -100.00 -100.00
  52    64.018 55169.63156280 21.83 208.232270  65.103634  8.268 -100.00 -100.00 -100.00
  53    63.980 55179.54719846 21.12 208.220515  65.102475  8.623 -100.00 -100.00 -100.00
  53    64.904 55179.54719905 20.33 208.226483  65.103230  7.188 -100.00 -100.00 -100.00
  53    63.994 55179.54719964 20.70 208.232452  65.103984  8.205 -100.00 -100.00 -100.00
  54    63.829 55189.46284509 21.42 208.220378  65.101849  9.956 -100.00 -100.00 -100.00
  54    64.016 55189.46284568 20.67 208.226346  65.102603  8.244 -100.00 -100.00 -100.00
  54    64.054 55189.46284627 20.72 208.232314  65.103357  8.780 -100.00 -100.00 -100.00
  55    63.892 55199.37849581 21.07 208.222485  65.102309  9.405 -100.00 -100.00 -100.00
  55    64.068 55199.37849640 20.11 208.228454  65.103063  8.985 -100.00 -100.00 -100.00
  55    63.855 55199.37849699 21.62 208.234423  65.103817 10.210 -100.00 -100.00 -100.00
  56    63.809 55209.29414541 20.25 208.220517  65.103140  9.392 -100.00 -100.00 -100.00
  56    63.918 55209.29414600 20.07 208.226485  65.103894 10.125 -100.00 -100.00 -100.00
  56    63.743 55209.29414659 21.11 208.232455  65.104648  9.866 -100.00 -100.00 -100.00
  56    63.820 55209.29414718 20.53 208.238424  65.105402  9.015 -100.00 -100.00 -100.00
  57    63.950 55219.20979532 20.43 208.226223  65.105201  9.907 -100.00 -100.00 -100.00
  57    63.815 55219.20979591 20.70 208.232193  65.105955 10.640 -100.00 -100.00 -100.00
  57    63.850 55219.20979650 21.28 208.238163  65.106709 11.655 -100.00 -100.00 -100.00
  58    63.839 55229.12544356 20.46 208.224462  65.105031 10.063 -100.00 -100.00 -100.00
  58    63.858 55229.12544415 20.33 208.230431  65.105785  9.585 -100.00 -100.00 -100.00
  58    63.807 55229.12544474 21.12 208.236401  65.106538 12.294 -100.00 -100.00 -100.00
  59    63.871 55239.04108820 20.24 208.218968  65.102981 10.568 -100.00 -100.00 -100.00
  59    63.914 55239.04108879 20.37 208.224937  65.103735  9.549 -100.00 -100.00 -100.00
  59    63.937 55239.04108938 20.55 208.230906  65.104489 11.858 -100.00 -100.00 -100.00
  59    63.803 55239.04108997 20.60 208.236876  65.105243 10.582 -100.00 -100.00 -100.00
  60    63.669 55248.95672993 22.42 208.221001  65.100938 13.528 -100.00 -100.00 -100.00
  60    63.928 55248.95673052 19.66 208.226970  65.101692  9.631 -100.00 -100.00 -100.00
  60    63.756 55248.95673111 21.45 208.232939  65.102446 14.228 -100.00 -100.00 -100.00
  61    63.762 55258.87236855 21.43 208.215272  65.098714 13.797 -100.00 -100.00 -100.00
  61    63.874 55258.87236914 20.30 208.221240  65.099468 10.323 -100.00 -100.00 -100.00
  61    63.792 55258.87236973 21.23 208.227209  65.100223 12.924 -100.00 -100.00 -100.00
  62    63.918 55268.78800750 18.50 208.219767  65.099356  8.516 -100.00 -100.00 -100.00
  62    63.937 55268.78800809 18.69 208.225735  65.100110  9.331 -100.00 -100.00 -100.00
  63    63.785 55278.70364562 19.27 208.217816  65.100359 10.765 -100.00 -100.00 -100.00
  63    63.904 55278.70364621 18.99 208.223784  65.101113 10.052 -100.00 -100.00 -100.00
  63    63.850 55278.70364680 18.94 208.229753  65.101867  9.935 -100.00 -100.00 -100.00
  64    63.721 55288.61928276 26.48 208.219444  65.101203 17.842 -100.00 -100.00 -100.00
  64    63.710 55288.61928335 25.16 208.225412  65.101957 13.664 -100.00 -100.00 -100.00
  64    63.711 55288.61928394 26.18 208.231381  65.102711 18.089 -100.00 -100.00 -100.00
  65    63.838 55298.53491691 39.70 208.215867  65.100019   -100 -100.00 -100.00 -100.00
  65    63.987 55298.53491750 39.71 208.221835  65.100773   -100 -100.00 -100.00 -100.00
  65    63.773 55298.53491809 41.52 208.227802  65.101528  5.335 -100.00 -100.00 -100.00
  66    63.712 55308.45056015 44.36 208.218592  65.098709   -100 -100.00 -100.00 -100.00
  66    63.786 55308.45056074 44.81 208.224559  65.099463  4.514 -100.00 -100.00 -100.00
  67    63.877 55318.36620606 43.50 208.217059  65.097503  2.156 -100.00 -100.00 -100.00
  67    63.978 55318.36620665 44.31 208.223025  65.098257  7.691 -100.00 -100.00 -100.00
  68    63.444 55328.28185085 36.65 208.213415  65.097585   -100 -100.00 -100.00 -100.00
  68    63.447 55328.28185144 36.25 208.219382  65.098339   -100 -100.00 -100.00 -100.00
  68    63.410 55328.28185203 38.83 208.225349  65.099093   -100 -100.00 -100.00 -100.00
  70    63.718 55348.11314033 46.58 208.219423  65.102032  3.788 -100.00 -100.00 -100.00
  70    64.130 55348.11314092 47.99 208.225392  65.102786   -100 -100.00 -100.00 -100.00
  70    64.034 55348.11314151 48.19 208.231360  65.103540   -100 -100.00 -100.00 -100.00
  71    64.384 55358.02878285 38.01 208.220632  65.102873   -100 -100.00 -100.00 -100.00
  71    64.144 55358.02878344 38.66 208.226600  65.103627   -100 -100.00 -100.00 -100.00
  71    64.264 55358.02878403 35.83 208.232569  65.104381   -100 -100.00 -100.00 -100.00
  73    64.420 55377.86006196 49.01 208.221754  65.102517   -100 -100.00 -100.00 -100.00
  73    64.333 55377.86006256 51.83 208.227722  65.103271  7.457 -100.00 -100.00 -100.00
  73    64.295 55377.86006315 49.79 208.233691  65.104025  7.762 -100.00 -100.00 -100.00
  74    64.624 55387.77570006 42.86 208.223130  65.102814   -100 -100.00 -100.00 -100.00
  74    64.885 55387.77570065 40.68 208.229098  65.103569 30.138 -100.00 -100.00 -100.00
  74    64.769 55387.77570124 41.54 208.235067  65.104323   -100 -100.00 -100.00 -100.00
  77    64.662 55417.52263159 48.02 208.221145  65.101239  6.598 -100.00 -100.00 -100.00
  77    64.658 55417.52263218 47.56 208.227113  65.101993  2.633 -100.00 -100.00 -100.00
  77    64.709 55417.52263277 48.07 208.233081  65.102747   -100 -100.00 -100.00 -100.00
  78    64.355 55427.43827851 38.76 208.215880  65.099043  1.832 -100.00 -100.00 -100.00
  78    64.578 55427.43827910 35.98 208.221847  65.099797   -100 -100.00 -100.00 -100.00
  78    64.752 55427.43827969 37.22 208.227815  65.100552   -100 -100.00 -100.00 -100.00
  79    64.106 55437.35392328 45.33 208.215235  65.098318   -100 -100.00 -100.00 -100.00
  79    64.334 55437.35392387 44.85 208.221202  65.099073   -100 -100.00 -100.00 -100.00
  79    64.357 55437.35392446 45.70 208.227169  65.099827   -100 -100.00 -100.00 -100.00
  80    64.028 55447.26956716 52.93 208.217790  65.099226 24.244 -100.00 -100.00 -100.00
  80    64.248 55447.26956775 55.08 208.223757  65.099980 24.336 -100.00 -100.00 -100.00
  80    64.262 55447.26956834 54.43 208.229725  65.100734  8.744 -100.00 -100.00 -100.00
  81    64.551 55457.18521027 50.68 208.215793  65.100025   -100 -100.00 -100.00 -100.00
  81    64.454 55457.18521086 48.64 208.221761  65.100779   -100 -100.00 -100.00 -100.00
  81    64.447 55457.18521145 50.05 208.227729  65.101533   -100 -100.00 -100.00 -100.00
  82    63.735 55467.10085296 44.93 208.216674  65.100708   -100 -100.00 -100.00 -100.00
  82    63.944 55467.10085355 51.42 208.222642  65.101462   -100 -100.00 -100.00 -100.00
  82    63.916 55467.10085414 50.47 208.228611  65.102216   -100 -100.00 -100.00 -100.00
  83    63.610 55477.01649219 43.50 208.216063  65.099850   -100 -100.00 -100.00 -100.00
  83    63.754 55477.01649278 47.73 208.222031  65.100605   -100 -100.00 -100.00 -100.00
  83    63.762 55477.01649337 49.68 208.227999  65.101359   -100 -100.00 -100.00 -100.00
  84    63.322 55486.93212850 32.03 208.218551  65.098736 21.946 -100.00 -100.00 -100.00
  84    63.391 55486.93212909 33.31 208.224519  65.099491 24.054 -100.00 -100.00 -100.00
  85   113.553 55496.84776207 15.72 208.215613  65.097359  8.958 -100.00 -100.00 -100.00
  85   113.837 55496.84776266 20.77 208.221581  65.098114 27.768 -100.00 -100.00 -100.00
  86    64.232 55506.76339847 39.12 208.217016  65.098265   -100 -100.00 -100.00 -100.00
  86    64.385 55506.76339906 42.98 208.222984  65.099020   -100 -100.00 -100.00 -100.00
  87    64.508 55516.67904925 37.44 208.219201  65.100386 31.013 -100.00 -100.00 -100.00
  87    64.441 55516.67904984 42.65 208.225169  65.101141   -100 -100.00 -100.00 -100.00
  87    64.686 55516.67905043 42.66 208.231138  65.101895   -100 -100.00 -100.00 -100.00
  88    64.429 55526.59469914 30.05 208.221902  65.102292 21.672 -100.00 -100.00 -100.00
  88    64.716 55526.59469973 30.50 208.227871  65.103046 20.673 -100.00 -100.00 -100.00
  88    64.507 55526.59470032 34.10 208.233840  65.103800   -100 -100.00 -100.00 -100.00
  89    64.610 55536.51034659 22.38 208.220947  65.102834  8.150 -100.00 -100.00 -100.00
  89    64.715 55536.51034718 23.15 208.226916  65.103588  9.514 -100.00 -100.00 -100.00
  89    64.668 55536.51034777 22.42 208.232885  65.104342  8.738 -100.00 -100.00 -100.00
  90    64.598 55546.42599203 19.57 208.221937  65.103106  6.237 -100.00 -100.00 -100.00
  90    64.522 55546.42599262 21.00 208.227905  65.103860  9.290 -100.00 -100.00 -100.00
  90    64.625 55546.42599321 19.83 208.233874  65.104614  7.783 -100.00 -100.00 -100.00
  91    64.544 55556.34163588 23.59 208.224845  65.103857 13.570 -100.00 -100.00 -100.00
  91    64.507 55556.34163647 23.05 208.230814  65.104611 13.519 -100.00 -100.00 -100.00
  91    64.653 55556.34163706 23.36 208.236784  65.105365 14.230 -100.00 -100.00 -100.00
  92    64.467 55566.25727845 21.23 208.223212  65.104205 11.116 -100.00 -100.00 -100.00
  92    64.585 55566.25727904 21.56 208.229181  65.104959 11.961 -100.00 -100.00 -100.00
  92    64.574 55566.25727963 20.27 208.235150  65.105713  9.429 -100.00 -100.00 -100.00
  93    64.498 55576.17292037 23.73 208.222144  65.103770 16.317 -100.00 -100.00 -100.00
  93    64.482 55576.17292096 21.74 208.228113  65.104524 11.632 -100.00 -100.00 -100.00
  93    64.617 55576.17292155 22.67 208.234082  65.105278 12.577 -100.00 -100.00 -100.00
  94    64.292 55586.08856036 24.32 208.220557  65.102006 19.793 -100.00 -100.00 -100.00
  94    64.535 55586.08856095 23.41 208.226525  65.102761 16.727 -100.00 -100.00 -100.00
  94    64.486 55586.08856154 22.84 208.232495  65.103515 16.513 -100.00 -100.00 -100.00
  95    64.410 55596.00419673 21.31 208.215520  65.099266 11.006 -100.00 -100.00 -100.00
  95    64.367 55596.00419732 23.51 208.221488  65.100020 17.612 -100.00 -100.00 -100.00
  95    64.518 55596.00419791 22.36 208.227456  65.100775 15.256 -100.00 -100.00 -100.00
  96    64.531 55605.91983068 17.52 208.216918  65.098114  7.029 -100.00 -100.00 -100.00
  96    64.532 55605.91983127 18.31 208.222886  65.098869  8.922 -100.00 -100.00 -100.00
  97    64.547 55615.83546255 14.34 208.218176  65.098079  4.222 -100.00 -100.00 -100.00
  97    64.743 55615.83546314 14.05 208.224144  65.098834  3.831 -100.00 -100.00 -100.00
  98    67.373 55625.75110392 13.21 208.216082  65.098824  3.414 -100.00 -100.00 -100.00
  98    66.621 55625.75110451 12.97 208.222050  65.099579  3.529 -100.00 -100.00 -100.00
  98    64.678 55625.75110510 12.89 208.228018  65.100333  3.429 -100.00 -100.00 -100.00
  99    64.605 55635.66675622 14.55 208.218240  65.099877  6.127 -100.00 -100.00 -100.00
  99    64.602 55635.66675681 15.18 208.224208  65.100631  6.985 -100.00 -100.00 -100.00
  99    64.760 55635.66675740 13.90 208.230176  65.101386  5.932 -100.00 -100.00 -100.00
 100    64.359 55645.58240630 17.23 208.220023  65.099995  9.362 -100.00 -100.00 -100.00
 100    64.536 55645.58240689 15.77 208.225991  65.100749  8.321 -100.00 -100.00 -100.00
 101    64.032 55655.49805331 19.54 208.219138  65.099102 15.062 -100.00 -100.00 -100.00
 101    64.473 55655.49805390 15.52 208.225106  65.099857  7.242 -100.00 -100.00 -100.00
 102    63.314 55665.41369563 20.80 208.216282  65.098193 18.392 -100.00 -100.00 -100.00
 102    64.204 55665.41369622 16.33 208.222249  65.098947  9.706 -100.00 -100.00 -100.00
 103    64.174 55675.32933558 35.48 208.218334  65.098770   -100 -100.00 -100.00 -100.00
 103    64.303 55675.32933617 33.11 208.224301  65.099524   -100 -100.00 -100.00 -100.00
 104   113.384 55685.24497338 18.99 208.215110  65.099477   -100 -100.00 -100.00 -100.00
 104   113.289 55685.24497397 13.97 208.221077  65.100232   -100 -100.00 -100.00 -100.00
 104   113.678 55685.24497456 28.13 208.227045  65.100986   -100 -100.00 -100.00 -100.00
 105   112.590 55695.16061101  2.68 208.221790  65.101349  7.955 -100.00 -100.00 -100.00
 105   114.560 55695.16061160 14.59 208.227758  65.102103 11.658 -100.00 -100.00 -100.00
 105   115.453 55695.16061219 14.15 208.233726  65.102857  6.922 -100.00 -100.00 -100.00
 106    63.896 55705.07624642 52.83 208.219549  65.101382 27.271 -100.00 -100.00 -100.00
 106    64.030 55705.07624701 52.59 208.225517  65.102136 19.025 -100.00 -100.00 -100.00
 106    64.146 55705.07624760 53.26 208.231485  65.102891 18.548 -100.00 -100.00 -100.00
 107    64.761 55714.99189433 24.80 208.222335  65.101841 14.000 -100.00 -100.00 -100.00
 107    64.811 55714.99189492 26.08 208.228304  65.102595 17.008 -100.00 -100.00 -100.00
 107    64.774 55714.99189551 30.14 208.234273  65.103350   -100 -100.00 -100.00 -100.00
 108    64.151 55724.90754289 36.19 208.217984  65.101704   -100 -100.00 -100.00 -100.00
 108    64.048 55724.90754348 35.53 208.223952  65.102459   -100 -100.00 -100.00 -100.00
 108    64.218 55724.90754407 31.94 208.229921  65.103213   -100 -100.00 -100.00 -100.00
 109    64.124 55734.82319014 35.34 208.219662  65.102794   -100 -100.00 -100.00 -100.00
 109    64.312 55734.82319073 33.42 208.225630  65.103549   -100 -100.00 -100.00 -100.00
 109    64.428 55734.82319132 32.87 208.231600  65.104303   -100 -100.00 -100.00 -100.00
 109    64.445 55734.82319191 37.59 208.237569  65.105057   -100 -100.00 -100.00 -100.00
 110   119.518 55744.73883633 12.82 208.223714  65.104112 24.615 -100.00 -100.00 -100.00
 110   118.559 55744.73883692 13.53 208.229683  65.104866   -100 -100.00 -100.00 -100.00
 110   119.094 55744.73883751 19.92 208.235653  65.105620 27.065 -100.00 -100.00 -100.00
 111    64.779 55754.65448038 49.62 208.223250  65.103721  5.201 -100.00 -100.00 -100.00
 111    64.809 55754.65448097 50.04 208.229219  65.104475  3.811 -100.00 -100.00 -100.00
 111    64.814 55754.65448156 51.18 208.235188  65.105229 10.912 -100.00 -100.00 -100.00
 112    64.959 55764.57012158 48.38 208.218531  65.101165   -100 -100.00 -100.00 -100.00
 112    64.926 55764.57012217 50.76 208.224499  65.101920   -100 -100.00 -100.00 -100.00
 112    64.913 55764.57012277 52.86 208.230467  65.102674   -100 -100.00 -100.00 -100.00
 113   113.769 55774.48576003 26.49 208.214687  65.098318 16.611 -100.00 -100.00 -100.00
 113   115.473 55774.48576062 20.51 208.220654  65.099072 20.608 -100.00 -100.00 -100.00
 113   115.283 55774.48576121 26.63 208.226621  65.099827   -100 -100.00 -100.00 -100.00
 114   115.543 55784.40139590 24.48 208.216643  65.097283  7.641 -100.00 -100.00 -100.00
 114   116.632 55784.40139649 28.87 208.222609  65.098037 22.532 -100.00 -100.00 -100.00
 115    64.620 55794.31702933 55.95 208.215578  65.097920  9.116 -100.00 -100.00 -100.00
 115    64.643 55794.31702992 52.28 208.221545  65.098675  0.702 -100.00 -100.00 -100.00
 116    65.164 55804.23266676 50.63 208.216537  65.099507   -100 -100.00 -100.00 -100.00
 116    65.127 55804.23266735 51.10 208.222504  65.100262   -100 -100.00 -100.00 -100.00
 116    65.106 55804.23266794 52.29 208.228471  65.101016   -100 -100.00 -100.00 -100.00
 117    64.120 55814.14831692 39.16 208.221672  65.100979   -100 -100.00 -100.00 -100.00
 117    64.156 55814.14831751 40.61 208.227640  65.101734   -100 -100.00 -100.00 -100.00
 118    63.985 55824.06396393 32.11 208.217584  65.099469 30.888 -100.00 -100.00 -100.00
 118    63.903 55824.06396452 33.22 208.223552  65.100224   -100 -100.00 -100.00 -100.00
 118    64.105 55824.06396511 31.64 208.229520  65.100978 27.239 -100.00 -100.00 -100.00
 119    63.623 55833.97960656 48.38 208.216871  65.097822  0.861 -100.00 -100.00 -100.00
 119    63.744 55833.97960715 54.61 208.222839  65.098577  4.455 -100.00 -100.00 -100.00
 120    63.670 55843.89524525 34.60 208.216179  65.097079 25.018 -100.00 -100.00 -100.00
 120    63.610 55843.89524584 36.64 208.222147  65.097834   -100 -100.00 -100.00 -100.00
 121    63.462 55853.81088111 43.48 208.216468  65.098125   -100 -100.00 -100.00 -100.00
 121    63.500 55853.81088170 49.96 208.222436  65.098880   -100 -100.00 -100.00 -100.00
 122    63.525 55863.72651887 30.55 208.219777  65.100493 14.786 -100.00 -100.00 -100.00
 122    63.486 55863.72651946 31.88 208.225745  65.101247 16.596 -100.00 -100.00 -100.00
 122    63.578 55863.72652005 33.62 208.231714  65.102002 21.768 -100.00 -100.00 -100.00
 123    63.030 55873.64217299 29.28 208.222875  65.102673 19.164 -100.00 -100.00 -100.00
 123    63.240 55873.64217359 32.74 208.228844  65.103427 27.243 -100.00 -100.00 -100.00
 123    63.369 55873.64217418 33.46 208.234813  65.104181 28.689 -100.00 -100.00 -100.00
 124    63.730 55883.55782116 24.52 208.219893  65.102408 13.971 -100.00 -100.00 -100.00
 124    63.887 55883.55782175 24.71 208.225861  65.103162 15.670 -100.00 -100.00 -100.00
 124    64.038 55883.55782234 28.01 208.231830  65.103916 23.599 -100.00 -100.00 -100.00
 125    63.883 55893.47346327 22.41 208.219289  65.101775 11.867 -100.00 -100.00 -100.00
 125    64.096 55893.47346386 22.18 208.225257  65.102529 11.425 -100.00 -100.00 -100.00
 125    64.168 55893.47346445 21.88 208.231226  65.103284  9.626 -100.00 -100.00 -100.00
 126    66.006 55903.38910001 14.01 208.219926  65.101403  3.762 -100.00 -100.00 -100.00
 126    65.142 55903.38910060 13.67 208.225895  65.102158  3.367 -100.00 -100.00 -100.00
 126    64.353 55903.38910119 13.60 208.231863  65.102912  3.152 -100.00 -100.00 -100.00
 127    64.250 55913.30473763 12.72 208.217749  65.101774  3.365 -100.00 -100.00 -100.00
 127    65.455 55913.30473822 12.25 208.223717  65.102529  2.818 -100.00 -100.00 -100.00
 127    64.663 55913.30473881 12.46 208.229686  65.103283  3.580 -100.00 -100.00 -100.00
 127    64.375 55913.30473940 12.74 208.235655  65.104037  3.194 -100.00 -100.00 -100.00
 128    64.726 55923.22039256 12.46 208.224631  65.104034  3.637 -100.00 -100.00 -100.00
 128    64.438 55923.22039315 12.90 208.230600  65.104788  4.017 -100.00 -100.00 -100.00
 128    64.344 55923.22039374 13.03 208.236569  65.105542  4.177 -100.00 -100.00 -100.00
 129    66.223 55933.13604328 12.14 208.219415  65.103377  3.067 -100.00 -100.00 -100.00
 129    64.757 55933.13604387 11.88 208.225384  65.104132  3.210 -100.00 -100.00 -100.00
 129    64.528 55933.13604446 12.08 208.231353  65.104886  2.968 -100.00 -100.00 -100.00
 129    64.505 55933.13604505 12.36 208.237323  65.105639  3.533 -100.00 -100.00 -100.00
 130    67.487 55943.05168986 11.86 208.218128  65.101183  2.865 -100.00 -100.00 -100.00
 130    64.844 55943.05169045 11.86 208.224096  65.101938  3.250 -100.00 -100.00 -100.00
 130    64.659 55943.05169104 12.06 208.230066  65.102692  3.587 -100.00 -100.00 -100.00
 131    65.480 55952.96733210 12.14 208.216947  65.098444  3.331 -100.00 -100.00 -100.00
 131    66.174 55952.96733269 12.33 208.222916  65.099199  3.305 -100.00 -100.00 -100.00
 132    65.029 55962.88297121 12.17 208.215779  65.097283  3.177 -100.00 -100.00 -100.00
 132    64.716 55962.88297180 11.86 208.221747  65.098037  2.986 -100.00 -100.00 -100.00
 133    64.451 55972.79860892 12.50 208.219127  65.098913  4.008 -100.00 -100.00 -100.00
 133    64.543 55972.79860951 12.04 208.225096  65.099668  3.508 -100.00 -100.00 -100.00
 134    64.514 55982.71424496 11.74 208.217887  65.100670  3.917 -100.00 -100.00 -100.00
 134    64.971 55982.71424555 11.38 208.223856  65.101424  3.589 -100.00 -100.00 -100.00
 134    64.580 55982.71424614 11.77 208.229824  65.102178  4.080 -100.00 -100.00 -100.00
 135    64.421 55992.62987927 11.21 208.218160  65.100894  3.395 -100.00 -100.00 -100.00
 135    65.255 55992.62987986 11.65 208.224128  65.101649  3.912 -100.00 -100.00 -100.00
 135    64.946 55992.62988045 11.67 208.230097  65.102403  3.737 -100.00 -100.00 -100.00
 136    64.549 56002.54552732 12.48 208.216525  65.099553  4.670 -100.00 -100.00 -100.00
 136    64.414 56002.54552791 12.29 208.222493  65.100308  5.019 -100.00 -100.00 -100.00
 136    64.607 56002.54552850 12.49 208.228460  65.101062  5.126 -100.00 -100.00 -100.00
 137    65.728 56012.46117690 10.95 208.217996  65.097948  3.404 -100.00 -100.00 -100.00
 137    65.486 56012.46117749 11.15 208.223963  65.098703  3.944 -100.00 -100.00 -100.00
 138    63.895 56022.37682296 15.17 208.218014  65.097650  9.254 -100.00 -100.00 -100.00
 138    64.273 56022.37682355 13.45 208.223981  65.098404  6.059 -100.00 -100.00 -100.00
 139    63.465 56032.29246642 36.91 208.218002  65.099410   -100 -100.00 -100.00 -100.00
 139    63.507 56032.29246701 36.32 208.223969  65.100164   -100 -100.00 -100.00 -100.00
 139    63.791 56032.29246760 35.76 208.229937  65.100918   -100 -100.00 -100.00 -100.00
 140   111.712 56042.20810823 28.69 208.221641  65.102376   -100 -100.00 -100.00 -100.00
 140   111.792 56042.20810882 15.84 208.227609  65.103130   -100 -100.00 -100.00 -100.00
 140   113.044 56042.20810941 13.35 208.233578  65.103884   -100 -100.00 -100.00 -100.00
 141   125.057 56052.12374711 19.17 208.221151  65.103624 24.479 -100.00 -100.00 -100.00
 141   129.063 56052.12374770 18.79 208.227120  65.104379 14.412 -100.00 -100.00 -100.00
 141   128.335 56052.12374829 21.68 208.233089  65.105133 25.346 -100.00 -100.00 -100.00
 141   127.706 56052.12374888 24.03 208.239058  65.105886   -100 -100.00 -100.00 -100.00
 142    64.091 56062.03938299 40.37 208.220908  65.103054   -100 -100.00 -100.00 -100.00
 142    64.131 56062.03938358 39.67 208.226877  65.103809   -100 -100.00 -100.00 -100.00
 142    64.059 56062.03938417 37.37 208.232846  65.104563   -100 -100.00 -100.00 -100.00
 143   113.386 56071.95502211 17.16 208.217008  65.101070 13.547 -100.00 -100.00 -100.00
 143   112.129 56071.95502270 23.59 208.222976  65.101825 23.371 -100.00 -100.00 -100.00
 143   111.622 56071.95502329 25.82 208.228945  65.102579   -100 -100.00 -100.00 -100.00
 144    64.800 56081.87067304 53.49 208.222282  65.101597   -100 -100.00 -100.00 -100.00
 144    64.811 56081.87067363 52.96 208.228250  65.102351   -100 -100.00 -100.00 -100.00
 145    64.483 56091.78632085 46.61 208.221446  65.102432   -100 -100.00 -100.00 -100.00
 145    64.908 56091.78632144 47.33 208.227414  65.103186   -100 -100.00 -100.00 -100.00
 145    64.894 56091.78632203 48.03 208.233383  65.103940   -100 -100.00 -100.00 -100.00
 146    64.873 56101.70196655 47.57 208.222826  65.103815   -100 -100.00 -100.00 -100.00
 146    64.959 56101.70196714 48.04 208.228795  65.104569   -100 -100.00 -100.00 -100.00
 146    64.686 56101.70196773 50.68 208.234764  65.105323  6.307 -100.00 -100.00 -100.00
 147    64.870 56111.61759735 35.39 208.219354  65.103050   -100 -100.00 -100.00 -100.00
 147    64.933 56111.61759794 35.23 208.225323  65.103804   -100 -100.00 -100.00 -100.00
 147    65.019 56111.61759853 41.03 208.231291  65.104558   -100 -100.00 -100.00 -100.00
 147    64.682 56111.61759912 41.82 208.237260  65.105312  6.374 -100.00 -100.00 -100.00
 148    64.785 56121.53323629 37.03 208.217167  65.100641   -100 -100.00 -100.00 -100.00
 148    64.955 56121.53323688 41.77 208.223134  65.101395   -100 -100.00 -100.00 -100.00
 148    64.805 56121.53323747 41.53 208.229102  65.102149   -100 -100.00 -100.00 -100.00
 149    64.530 56131.44887168 55.16 208.217412  65.097819 13.378 -100.00 -100.00 -100.00
 149    64.527 56131.44887227 55.18 208.223378  65.098573 17.032 -100.00 -100.00 -100.00
 150    64.666 56141.36450625 52.27 208.211844  65.095867  6.275 -100.00 -100.00 -100.00
 150    64.947 56141.36450684 54.42 208.217810  65.096622  2.552 -100.00 -100.00 -100.00
 151    64.437 56151.28015775 53.66 208.216144  65.098184   -100 -100.00 -100.00 -100.00
 151    64.560 56151.28015834 52.81 208.222111  65.098939  1.486 -100.00 -100.00 -100.00
 152    64.351 56161.19580727 53.92 208.217926  65.100866 13.165 -100.00 -100.00 -100.00
 152    64.678 56161.19580786 53.04 208.223894  65.101621   -100 -100.00 -100.00 -100.00
 152    64.543 56161.19580845 54.82 208.229862  65.102375  4.609 -100.00 -100.00 -100.00
 154   112.270 56181.02709786  7.55 208.217463  65.100548 10.708 -100.00 -100.00 -100.00
 154   112.446 56181.02709845 10.79 208.223431  65.101302 10.554 -100.00 -100.00 -100.00
 154   112.298 56181.02709904 11.88 208.229400  65.102057 15.224 -100.00 -100.00 -100.00
 155    64.290 56190.94273710 53.08 208.218121  65.098654   -100 -100.00 -100.00 -100.00
 155    64.443 56190.94273769 50.62 208.224089  65.099408   -100 -100.00 -100.00 -100.00
 156    64.043 56200.85837311 54.11 208.213879  65.097298   -100 -100.00 -100.00 -100.00
 156    64.162 56200.85837370 53.59 208.219846  65.098052 32.189 -100.00 -100.00 -100.00
 156    64.333 56200.85837429 50.53 208.225814  65.098807 10.590 -100.00 -100.00 -100.00
 157    63.737 56210.77400770 37.02 208.217219  65.099060   -100 -100.00 -100.00 -100.00
 157    64.022 56210.77400829 32.96 208.223187  65.099815 24.220 -100.00 -100.00 -100.00
 157    64.173 56210.77400888 36.55 208.229155  65.100569   -100 -100.00 -100.00 -100.00
 158    63.722 56220.68964016 41.12 208.217812  65.101228 32.350 -100.00 -100.00 -100.00
 158    63.690 56220.68964075 43.33 208.223780  65.101982   -100 -100.00 -100.00 -100.00
 158    63.913 56220.68964134 46.19 208.229748  65.102737   -100 -100.00 -100.00 -100.00
 159    63.642 56230.60529185 36.96 208.223147  65.103867   -100 -100.00 -100.00 -100.00
 159    63.604 56230.60529245 40.00 208.229115  65.104622   -100 -100.00 -100.00 -100.00
 159    63.772 56230.60529304 40.76 208.235085  65.105376   -100 -100.00 -100.00 -100.00
 160    64.550 56240.52094490 36.35 208.223673  65.103945   -100 -100.00 -100.00 -100.00
 160    64.607 56240.52094549 36.02 208.229641  65.104700   -100 -100.00 -100.00 -100.00
 160    64.968 56240.52094608 40.43 208.235610  65.105454   -100 -100.00 -100.00 -100.00
 161    64.610 56250.43659339 26.92 208.218947  65.102491 11.407 -100.00 -100.00 -100.00
 161    64.771 56250.43659398 26.51 208.224915  65.103246 10.477 -100.00 -100.00 -100.00
 161    64.648 56250.43659457 27.31 208.230884  65.104000 13.993 -100.00 -100.00 -100.00
 161    64.766 56250.43659516 30.45 208.236853  65.104754 23.827 -100.00 -100.00 -100.00
 162    64.489 56260.35223753 26.44 208.218414  65.101543 13.964 -100.00 -100.00 -100.00
 162    64.693 56260.35223812 27.47 208.224382  65.102297 16.897 -100.00 -100.00 -100.00
 162    64.803 56260.35223871 25.34 208.230351  65.103051 10.567 -100.00 -100.00 -100.00
 163    64.457 56270.26787941 25.56 208.218979  65.101888 13.899 -100.00 -100.00 -100.00
 163    64.635 56270.26788000 24.79 208.224947  65.102643 11.421 -100.00 -100.00 -100.00
 163    64.595 56270.26788059 25.02 208.230916  65.103397 12.586 -100.00 -100.00 -100.00
 164    64.543 56280.18351985 17.70 208.222097  65.102742  4.693 -100.00 -100.00 -100.00
 164    64.613 56280.18352044 17.72 208.228066  65.103497  5.021 -100.00 -100.00 -100.00
 164    64.701 56280.18352103 17.53 208.234035  65.104251  4.751 -100.00 -100.00 -100.00
 165    64.519 56290.09917151 23.38 208.221314  65.103004 13.516 -100.00 -100.00 -100.00
 165    64.474 56290.09917210 22.77 208.227283  65.103758 12.788 -100.00 -100.00 -100.00
 165    64.642 56290.09917269 22.81 208.233252  65.104512 12.866 -100.00 -100.00 -100.00
 166    64.567 56300.01481967 21.98 208.221927  65.101685 11.448 -100.00 -100.00 -100.00
 166    64.579 56300.01482026 22.69 208.227896  65.102439 11.834 -100.00 -100.00 -100.00
 166    64.641 56300.01482085 21.66 208.233866  65.103193  9.933 -100.00 -100.00 -100.00
 167    64.533 56309.93046322 15.52 208.217461  65.099072  4.579 -100.00 -100.00 -100.00
 167    64.654 56309.93046381 15.17 208.223430  65.099826  4.009 -100.00 -100.00 -100.00
 167    64.740 56309.93046440 15.26 208.229398  65.100580  4.131 -100.00 -100.00 -100.00
 168    64.442 56319.84610467 21.60 208.214998  65.097749 13.161 -100.00 -100.00 -100.00
 168    64.453 56319.84610526 20.99 208.220966  65.098504 10.987 -100.00 -100.00 -100.00
 168    64.540 56319.84610585 20.95 208.226935  65.099258 11.541 -100.00 -100.00 -100.00
 169    64.466 56329.76174562 21.25 208.214940  65.098833 11.614 -100.00 -100.00 -100.00
 169    64.399 56329.76174621 21.61 208.220908  65.099587 11.915 -100.00 -100.00 -100.00
 169    64.596 56329.76174680 21.51 208.226877  65.100342 13.231 -100.00 -100.00 -100.00
 170    64.463 56339.67738612 19.92 208.217656  65.100883  9.888 -100.00 -100.00 -100.00
 170    64.431 56339.67738671 20.42 208.223624  65.101637 11.367 -100.00 -100.00 -100.00
 170    64.473 56339.67738730 20.67 208.229593  65.102391 12.852 -100.00 -100.00 -100.00
 171    64.367 56349.59302420 21.22 208.218389  65.101595 12.016 -100.00 -100.00 -100.00
 171    64.551 56349.59302479 21.39 208.224357  65.102350 13.829 -100.00 -100.00 -100.00
 171    64.516 56349.59302538 21.88 208.230326  65.103104 12.890 -100.00 -100.00 -100.00
 172    64.447 56359.50866025 20.53 208.216484  65.100031 11.191 -100.00 -100.00 -100.00
 172    64.411 56359.50866084 21.25 208.222452  65.100785 12.413 -100.00 -100.00 -100.00
 172    64.606 56359.50866143 21.65 208.228420  65.101540 15.250 -100.00 -100.00 -100.00
 173    64.430 56369.42431056 21.05 208.217745  65.098972 13.635 -100.00 -100.00 -100.00
 173    64.510 56369.42431115 20.36 208.223713  65.099726 12.157 -100.00 -100.00 -100.00
 175    64.436 56389.25560358 24.45 208.218988  65.101002 22.470 -100.00 -100.00 -100.00
 175    64.365 56389.25560417 25.69 208.224956  65.101756 24.972 -100.00 -100.00 -100.00
 175    64.494 56389.25560476 24.80 208.230925  65.102510 26.157 -100.00 -100.00 -100.00
 176    64.518 56399.17124749 16.61 208.222999  65.103673  8.720 -100.00 -100.00 -100.00
 176    64.439 56399.17124808 17.25 208.228968  65.104427  9.919 -100.00 -100.00 -100.00
 176    64.525 56399.17124867 17.04 208.234937  65.105181 10.705 -100.00 -100.00 -100.00
 177    64.345 56409.08688869 37.27 208.225899  65.105089   -100 -100.00 -100.00 -100.00
 177    64.411 56409.08688928 36.14 208.231869  65.105843   -100 -100.00 -100.00 -100.00
 177    64.637 56409.08688987 32.09 208.237838  65.106597 29.480 -100.00 -100.00 -100.00
 178    64.487 56419.00252451 40.24 208.220702  65.103720   -100 -100.00 -100.00 -100.00
 178    64.491 56419.00252510 36.73 208.226671  65.104475   -100 -100.00 -100.00 -100.00
 178    64.953 56419.00252569 33.28 208.232640  65.105229 24.753 -100.00 -100.00 -100.00
 178    64.808 56419.00252628 34.14 208.238610  65.105983 29.538 -100.00 -100.00 -100.00
 179   113.528 56428.91815823  3.02 208.219051  65.101977  9.404 -100.00 -100.00 -100.00
 179   113.513 56428.91815882 10.34 208.225020  65.102732 15.257 -100.00 -100.00 -100.00
 179   113.889 56428.91815941 16.44 208.230989  65.103486 10.858 -100.00 -100.00 -100.00
 181    65.727 56448.74946325 26.60 208.222087  65.102668  8.867 -100.00 -100.00 -100.00
 181    65.944 56448.74946384 27.81 208.228056  65.103422  9.635 -100.00 -100.00 -100.00
 181    65.959 56448.74946443 28.91 208.234025  65.104176 11.037 -100.00 -100.00 -100.00
 183    64.677 56468.58075729 35.52 208.218257  65.101993   -100 -100.00 -100.00 -100.00
 183    64.735 56468.58075788 35.78 208.224225  65.102747   -100 -100.00 -100.00 -100.00
 183    64.796 56468.58075847 37.66 208.230193  65.103501   -100 -100.00 -100.00 -100.00
 183    64.860 56468.58075906 39.03 208.236162  65.104255   -100 -100.00 -100.00 -100.00
 184    65.010 56478.49639899 54.13 208.220434  65.101062   -100 -100.00 -100.00 -100.00
 184    64.931 56478.49639958 53.29 208.226401  65.101816   -100 -100.00 -100.00 -100.00
 184    65.530 56478.49640017 53.73 208.232370  65.102570   -100 -100.00 -100.00 -100.00
 185    64.672 56488.41203609 51.71 208.215407  65.098920   -100 -100.00 -100.00 -100.00
 185    65.206 56488.41203668 51.80 208.221374  65.099675   -100 -100.00 -100.00 -100.00
 185    64.933 56488.41203727 54.07 208.227341  65.100429   -100 -100.00 -100.00 -100.00
 186    65.029 56498.32767144 36.09 208.217243  65.098636 28.180 -100.00 -100.00 -100.00
 186    64.743 56498.32767203 40.97 208.223210  65.099391   -100 -100.00 -100.00 -100.00
 187    64.918 56508.24330516 48.86 208.214022  65.098486   -100 -100.00 -100.00 -100.00
 187    64.997 56508.24330575 52.00 208.219989  65.099241  2.928 -100.00 -100.00 -100.00
 187    64.913 56508.24330634 50.99 208.225957  65.099996 12.576 -100.00 -100.00 -100.00
 188    64.955 56518.15894432 52.26 208.217326  65.099789   -100 -100.00 -100.00 -100.00
 188    64.851 56518.15894491 50.89 208.223294  65.100544   -100 -100.00 -100.00 -100.00
 188    65.137 56518.15894550 52.54 208.229261  65.101298   -100 -100.00 -100.00 -100.00
 189    64.665 56528.07459872 53.48 208.218943  65.100787  3.327 -100.00 -100.00 -100.00
 189    64.826 56528.07459931 55.01 208.224911  65.101541  8.095 -100.00 -100.00 -100.00
 189    64.904 56528.07459990 55.14 208.230879  65.102296  8.607 -100.00 -100.00 -100.00
 190    64.211 56537.99024866 34.87 208.218931  65.100677   -100 -100.00 -100.00 -100.00
 190    64.508 56537.99024925 33.26 208.224900  65.101432 27.126 -100.00 -100.00 -100.00
 190    64.599 56537.99024984 33.26 208.230868  65.102186 28.835 -100.00 -100.00 -100.00
 191   129.149 56547.90589443 26.58 208.217543  65.099958 31.074 -100.00 -100.00 -100.00
 191   128.771 56547.90589502 24.53 208.223512  65.100712 21.320 -100.00 -100.00 -100.00
 191   125.055 56547.90589561 22.13 208.229480  65.101466   -100 -100.00 -100.00 -100.00
 192    64.359 56557.82153799 44.79 208.219729  65.100635   -100 -100.00 -100.00 -100.00
 192    64.411 56557.82153858 37.25 208.225697  65.101389   -100 -100.00 -100.00 -100.00
 192    64.317 56557.82153917 39.14 208.231666  65.102143   -100 -100.00 -100.00 -100.00
 193    63.770 56567.73718033 47.55 208.218318  65.101647   -100 -100.00 -100.00 -100.00
 193    63.951 56567.73718092 45.86 208.224287  65.102401   -100 -100.00 -100.00 -100.00
 193    64.043 56567.73718151 51.13 208.230256  65.103155  1.975 -100.00 -100.00 -100.00
 194   114.808 56577.65282192 11.67 208.222698  65.103712  7.621 -100.00 -100.00 -100.00
 194   114.729 56577.65282251 11.32 208.228667  65.104466  8.040 -100.00 -100.00 -100.00
 194   115.371 56577.65282310 12.54 208.234637  65.105220 12.380 -100.00 -100.00 -100.00
 195    63.836 56587.56845925 43.14 208.220897  65.103856   -100 -100.00 -100.00 -100.00
 195    64.073 56587.56845984 45.98 208.226866  65.104610   -100 -100.00 -100.00 -100.00
 195    63.690 56587.56846043 46.68 208.232835  65.105364   -100 -100.00 -100.00 -100.00
 195    64.029 56587.56846102 47.61 208.238805  65.106118   -100 -100.00 -100.00 -100.00
 196    63.738 56597.48410073 43.54 208.223561  65.103625   -100 -100.00 -100.00 -100.00
 196    63.958 56597.48410132 44.73 208.229530  65.104379   -100 -100.00 -100.00 -100.00
 196    63.961 56597.48410191 43.79 208.235499  65.105134   -100 -100.00 -100.00 -100.00
 197    63.370 56607.39975191 32.52 208.220019  65.102661 29.500 -100.00 -100.00 -100.00
 197    63.605 56607.39975250 34.86 208.225987  65.103416   -100 -100.00 -100.00 -100.00
 197    63.497 56607.39975309 36.36 208.231956  65.104170 32.362 -100.00 -100.00 -100.00
 198    64.181 56617.31539867 25.87 208.220988  65.102604 13.964 -100.00 -100.00 -100.00
 198    64.356 56617.31539926 28.97 208.226957  65.103358 24.815 -100.00 -100.00 -100.00
 198    64.629 56617.31539985 26.55 208.232926  65.104112 15.808 -100.00 -100.00 -100.00
 199    64.269 56627.23104194 19.10 208.220591  65.102515  7.602 -100.00 -100.00 -100.00
 199    64.515 56627.23104254 18.50 208.226560  65.103269  5.977 -100.00 -100.00 -100.00
 199    64.486 56627.23104313 18.50 208.232529  65.104023  5.552 -100.00 -100.00 -100.00
 200    64.441 56637.14668245 20.76 208.220353  65.102116  5.974 -100.00 -100.00 -100.00
 200    64.514 56637.14668304 20.55 208.226322  65.102871  5.871 -100.00 -100.00 -100.00
 200    64.597 56637.14668363 20.47 208.232291  65.103625  5.704 -100.00 -100.00 -100.00
 201    64.604 56647.06232399 17.98 208.219861  65.100966  4.414 -100.00 -100.00 -100.00
 201    64.603 56647.06232458 18.32 208.225829  65.101721  5.836 -100.00 -100.00 -100.00
 201    64.829 56647.06232517 18.19 208.231798  65.102475  5.040 -100.00 -100.00 -100.00
 202    64.254 56656.97797565 18.15 208.215779  65.099642  6.941 -100.00 -100.00 -100.00
 202    64.404 56656.97797624 18.65 208.221748  65.100396  7.069 -100.00 -100.00 -100.00
 202    64.695 56656.97797683 17.83 208.227716  65.101151  6.208 -100.00 -100.00 -100.00
 203    64.475 56666.89362343 19.08 208.216445  65.099129  7.504 -100.00 -100.00 -100.00
 203    64.394 56666.89362403 19.92 208.222413  65.099884  8.996 -100.00 -100.00 -100.00
 203    64.657 56666.89362462 18.05 208.228382  65.100638  6.831 -100.00 -100.00 -100.00
 204    64.393 56676.80926863 17.19 208.216929  65.099716  7.154 -100.00 -100.00 -100.00
 204    64.591 56676.80926922 17.57 208.222898  65.100471  7.262 -100.00 -100.00 -100.00
 204    64.669 56676.80926981 17.64 208.228866  65.101225  7.249 -100.00 -100.00 -100.00
 205    64.431 56686.72491304 20.40 208.221206  65.101224  8.408 -100.00 -100.00 -100.00
 205    64.491 56686.72491364 19.65 208.227175  65.101978  7.620 -100.00 -100.00 -100.00
 205    64.722 56686.72491423 18.97 208.233144  65.102732  6.735 -100.00 -100.00 -100.00
 206    64.407 56696.64055462 19.69 208.217603  65.101248  7.279 -100.00 -100.00 -100.00
 206    64.523 56696.64055521 19.33 208.223571  65.102002  6.930 -100.00 -100.00 -100.00
 206    64.937 56696.64055580 17.75 208.229540  65.102756  5.540 -100.00 -100.00 -100.00
 207    64.434 56706.55619204 18.64 208.219001  65.100822  5.944 -100.00 -100.00 -100.00
 207    64.702 56706.55619263 18.38 208.224969  65.101576  6.298 -100.00 -100.00 -100.00
 207    64.883 56706.55619322 17.95 208.230937  65.102330  5.612 -100.00 -100.00 -100.00
 208    64.274 56716.47182553 19.22 208.214855  65.099250  8.288 -100.00 -100.00 -100.00
 208    64.386 56716.47182612 18.27 208.220822  65.100005  6.706 -100.00 -100.00 -100.00
 208    64.568 56716.47182671 18.23 208.226790  65.100759  6.823 -100.00 -100.00 -100.00
 210    64.250 56736.30312877 20.14 208.221939  65.102173 10.657 -100.00 -100.00 -100.00
 210    64.791 56736.30312936 17.18 208.227907  65.102927  5.330 -100.00 -100.00 -100.00
 210    64.756 56736.30312995 17.51 208.233876  65.103681  6.451 -100.00 -100.00 -100.00
 212    64.646 56756.13441676 22.73 208.226211  65.105144 11.628 -100.00 -100.00 -100.00
 212    64.752 56756.13441735 22.15 208.232180  65.105898 11.701 -100.00 -100.00 -100.00
 212    64.700 56756.13441794 23.56 208.238150  65.106651 15.093 -100.00 -100.00 -100.00
 213    63.950 56766.05005234 42.51 208.224135  65.104044   -100 -100.00 -100.00 -100.00
 213    64.125 56766.05005293 40.59 208.230105  65.104798   -100 -100.00 -100.00 -100.00
 213    63.955 56766.05005353 39.92 208.236074  65.105552   -100 -100.00 -100.00 -100.00
 214   112.360 56775.96569241  5.39 208.219505  65.102350 13.386 -100.00 -100.00 -100.00
 214   112.591 56775.96569300 18.80 208.225474  65.103105 14.822 -100.00 -100.00 -100.00
 214   114.165 56775.96569360 14.64 208.231443  65.103859  8.411 -100.00 -100.00 -100.00
 215    64.245 56785.88134897 49.01 208.219090  65.102607   -100 -100.00 -100.00 -100.00
 215    64.349 56785.88134956 46.32 208.225058  65.103361 19.430 -100.00 -100.00 -100.00
 215    64.456 56785.88135015 40.81 208.231028  65.104115   -100 -100.00 -100.00 -100.00
 215    64.525 56785.88135074 41.39 208.236997  65.104869   -100 -100.00 -100.00 -100.00
 216    64.016 56795.79700223 40.92 208.222040  65.103800 15.025 -100.00 -100.00 -100.00
 216    64.065 56795.79700282 36.29 208.228009  65.104554   -100 -100.00 -100.00 -100.00
 216    64.064 56795.79700341 36.67 208.233979  65.105308   -100 -100.00 -100.00 -100.00
 217    64.222 56805.71265103 42.47 208.224092  65.104517   -100 -100.00 -100.00 -100.00
 217    63.864 56805.71265162 45.21 208.230061  65.105271   -100 -100.00 -100.00 -100.00
 217    64.423 56805.71265221 46.70 208.236031  65.106025   -100 -100.00 -100.00 -100.00
 219    64.438 56825.54393049 47.86 208.217275  65.100745   -100 -100.00 -100.00 -100.00
 219    64.200 56825.54393108 49.67 208.223243  65.101499   -100 -100.00 -100.00 -100.00
 219    64.554 56825.54393167 46.58 208.229211  65.102253   -100 -100.00 -100.00 -100.00
 221    65.310 56845.37519686 40.44 208.219025  65.098909 23.483 -100.00 -100.00 -100.00
 221    65.478 56845.37519745 43.94 208.224991  65.099663   -100 -100.00 -100.00 -100.00
 222    64.889 56855.29084334 49.52 208.216696  65.099859  5.845 -100.00 -100.00 -100.00
 222    65.035 56855.29084393 51.39 208.222663  65.100614  1.326 -100.00 -100.00 -100.00
 222    65.011 56855.29084452 47.27 208.228631  65.101368   -100 -100.00 -100.00 -100.00
 225    64.813 56885.03779992 35.58 208.222183  65.101891 30.244 -100.00 -100.00 -100.00
 225    64.849 56885.03780051 36.42 208.228152  65.102645 29.487 -100.00 -100.00 -100.00
 225    64.780 56885.03780110 40.24 208.234121  65.103399   -100 -100.00 -100.00 -100.00
 226    64.790 56894.95344600 43.91 208.217250  65.100781   -100 -100.00 -100.00 -100.00
 226    64.800 56894.95344659 43.05 208.223219  65.101535   -100 -100.00 -100.00 -100.00
 226    64.949 56894.95344718 46.33 208.229188  65.102289   -100 -100.00 -100.00 -100.00
 227    64.840 56904.86908992 53.19 208.221683  65.101967   -100 -100.00 -100.00 -100.00
 227    64.871 56904.86909051 53.34 208.227652  65.102721  7.265 -100.00 -100.00 -100.00
 227    64.769 56904.86909110 46.91 208.233621  65.103474   -100 -100.00 -100.00 -100.00
 228   114.718 56914.78473137 20.30 208.222365  65.103713 18.318 -100.00 -100.00 -100.00
 228   114.169 56914.78473196 24.87 208.228335  65.104467 23.983 -100.00 -100.00 -100.00
 228   114.443 56914.78473255 18.56 208.234305  65.105220 20.409 -100.00 -100.00 -100.00
 229   125.809 56924.70037106 12.42 208.223717  65.105318 15.165 -100.00 -100.00 -100.00
 229   125.129 56924.70037165 15.42 208.229687  65.106072 17.673 -100.00 -100.00 -100.00
 229   128.442 56924.70037224 15.57 208.235657  65.106826 12.198 -100.00 -100.00 -100.00
 229   129.039 56924.70037283 21.77 208.241627  65.107579 21.945 -100.00 -100.00 -100.00
 230    64.358 56934.61600787 32.23 208.225358  65.105612 23.169 -100.00 -100.00 -100.00
 230    64.119 56934.61600846 32.38 208.231327  65.106366 29.902 -100.00 -100.00 -100.00
 230    63.936 56934.61600905 34.59 208.237297  65.107120   -100 -100.00 -100.00 -100.00
 231    63.834 56944.53163903 43.56 208.224337  65.103903   -100 -100.00 -100.00 -100.00
 231    63.829 56944.53163962 43.16 208.230305  65.104658   -100 -100.00 -100.00 -100.00
 231    63.889 56944.53164021 42.91 208.236275  65.105412   -100 -100.00 -100.00 -100.00
 232    63.544 56954.44728748 42.78 208.220296  65.102022   -100 -100.00 -100.00 -100.00
 232    63.834 56954.44728807 40.89 208.226264  65.102776   -100 -100.00 -100.00 -100.00
 232    64.118 56954.44728867 44.73 208.232232  65.103530   -100 -100.00 -100.00 -100.00
 233    63.365 56964.36293707 28.59 208.217802  65.101413 15.008 -100.00 -100.00 -100.00
 233    63.901 56964.36293766 28.56 208.223769  65.102167 13.579 -100.00 -100.00 -100.00
 233    63.878 56964.36293825 29.52 208.229738  65.102921 14.172 -100.00 -100.00 -100.00
 234    64.205 56974.27858282 41.18 208.222517  65.102925   -100 -100.00 -100.00 -100.00
 234    64.323 56974.27858341 41.01 208.228486  65.103679   -100 -100.00 -100.00 -100.00
 234    64.352 56974.27858400 38.05 208.234455  65.104433   -100 -100.00 -100.00 -100.00
 235    64.402 56984.19422364 29.66 208.221691  65.103611 11.314 -100.00 -100.00 -100.00
 235    64.287 56984.19422423 30.01 208.227660  65.104365 12.410 -100.00 -100.00 -100.00
 235    64.597 56984.19422482 30.26 208.233629  65.105119 12.901 -100.00 -100.00 -100.00
 236    64.312 56994.10985916 21.69 208.218791  65.102276  5.146 -100.00 -100.00 -100.00
 236    64.449 56994.10985975 22.70 208.224760  65.103031  7.054 -100.00 -100.00 -100.00
 236    64.629 56994.10986034 21.40 208.230729  65.103785  5.176 -100.00 -100.00 -100.00
 236    64.615 56994.10986093 21.63 208.236698  65.104539  5.604 -100.00 -100.00 -100.00
 237    64.252 57004.02549742 24.83 208.216586  65.099545 12.703 -100.00 -100.00 -100.00
 237    64.405 57004.02549801 22.95 208.222554  65.100300  9.447 -100.00 -100.00 -100.00
 237    64.641 57004.02549860 23.17 208.228522  65.101055  9.003 -100.00 -100.00 -100.00
 238    64.132 57013.94115341 24.12 208.216169  65.098070 12.376 -100.00 -100.00 -100.00
 238    64.361 57013.94115400 22.70 208.222137  65.098825  9.200 -100.00 -100.00 -100.00
 239    64.157 57023.85680426 19.13 208.213929  65.098097  6.231 -100.00 -100.00 -100.00
 239    66.253 57023.85680485 18.60 208.219897  65.098851  5.141 -100.00 -100.00 -100.00
 239    64.793 57023.85680544 18.84 208.225866  65.099606  5.610 -100.00 -100.00 -100.00
 240    64.263 57033.77245373 22.02 208.221934  65.101320 10.534 -100.00 -100.00 -100.00
 240    64.423 57033.77245432 20.98 208.227903  65.102074  9.716 -100.00 -100.00 -100.00
 241    64.228 57043.68810023 21.61 208.224542  65.103438 10.908 -100.00 -100.00 -100.00
 241    64.608 57043.68810082 20.23 208.230511  65.104192  7.882 -100.00 -100.00 -100.00
 241    64.601 57043.68810141 20.76 208.236481  65.104946  8.514 -100.00 -100.00 -100.00
 242    64.290 57053.60374364 20.29 208.222751  65.103202  9.414 -100.00 -100.00 -100.00
 242    64.703 57053.60374423 19.06 208.228720  65.103956  6.882 -100.00 -100.00 -100.00
 242    64.583 57053.60374482 18.48 208.234690  65.104710  5.767 -100.00 -100.00 -100.00
 243    64.140 57063.51938193 21.24 208.216662  65.100683  9.674 -100.00 -100.00 -100.00
 243    64.312 57063.51938252 20.47 208.222630  65.101437  7.845 -100.00 -100.00 -100.00
 243    64.483 57063.51938311 20.50 208.228598  65.102192  7.838 -100.00 -100.00 -100.00
 244    64.215 57073.43501579 21.59 208.216397  65.099320 11.193 -100.00 -100.00 -100.00
 244    64.187 57073.43501638 21.58 208.222364  65.100074 11.027 -100.00 -100.00 -100.00
 244    64.481 57073.43501697 20.90 208.228332  65.100829  9.806 -100.00 -100.00 -100.00
 245    64.199 57083.35064646 18.64 208.220066  65.100109  7.357 -100.00 -100.00 -100.00
 245    64.327 57083.35064705 17.39 208.226034  65.100863  6.366 -100.00 -100.00 -100.00
 246    64.816 57093.26629582 14.77 208.219399  65.102623  3.924 -100.00 -100.00 -100.00
 246    64.581 57093.26629641 14.65 208.225367  65.103377  4.232 -100.00 -100.00 -100.00
 246    64.714 57093.26629700 14.32 208.231336  65.104131  3.723 -100.00 -100.00 -100.00
 246    64.590 57093.26629759 14.55 208.237305  65.104885  3.695 -100.00 -100.00 -100.00
 247    64.385 57103.18195366 22.57 208.226453  65.106019 13.227 -100.00 -100.00 -100.00
 247    64.321 57103.18195425 22.14 208.232422  65.106773 13.667 -100.00 -100.00 -100.00
 247    64.567 57103.18195484 20.90 208.238392  65.107527 11.062 -100.00 -100.00 -100.00
 248    64.277 57113.09760676 32.25 208.225631  65.106246   -100 -100.00 -100.00 -100.00
 248    64.330 57113.09760735 31.15 208.231600  65.107000 25.932 -100.00 -100.00 -100.00
 248    64.548 57113.09760794 29.72 208.237570  65.107753 20.484 -100.00 -100.00 -100.00
 249    64.116 57123.01325354 42.37 208.223231  65.104169   -100 -100.00 -100.00 -100.00
 249    64.159 57123.01325413 42.67 208.229201  65.104923   -100 -100.00 -100.00 -100.00
 249    64.282 57123.01325472 39.15 208.235171  65.105677   -100 -100.00 -100.00 -100.00
 250    64.473 57132.92889493 39.97 208.221505  65.102029   -100 -100.00 -100.00 -100.00
 250    64.251 57132.92889552 41.72 208.227474  65.102783   -100 -100.00 -100.00 -100.00
 250    64.446 57132.92889611 42.18 208.233443  65.103537   -100 -100.00 -100.00 -100.00
 251   113.668 57142.84453154 20.67 208.218672  65.100979 31.979 -100.00 -100.00 -100.00
 251   113.719 57142.84453213 21.08 208.224640  65.101733 13.754 -100.00 -100.00 -100.00
 251   111.652 57142.84453272 14.86 208.230609  65.102487 24.954 -100.00 -100.00 -100.00
 252   113.644 57152.76016558 11.68 208.218621  65.101703 14.124 -100.00 -100.00 -100.00
 252   113.574 57152.76016618 17.21 208.224590  65.102457 10.909 -100.00 -100.00 -100.00
 252   111.469 57152.76016677 19.83 208.230559  65.103212 21.613 -100.00 -100.00 -100.00
 253   109.923 57162.67579872 28.49 208.222117  65.102588 27.146 -100.00 -100.00 -100.00
 253   114.234 57162.67579931 21.26 208.228086  65.103342  8.478 -100.00 -100.00 -100.00
 253   113.255 57162.67579990 27.22 208.234054  65.104097   -100 -100.00 -100.00 -100.00
 254    64.770 57172.59145579 52.71 208.221708  65.102557   -100 -100.00 -100.00 -100.00
 254    64.887 57172.59145638 51.69 208.227676  65.103311   -100 -100.00 -100.00 -100.00
 254    64.533 57172.59145698 53.20 208.233645  65.104066 18.170 -100.00 -100.00 -100.00
 255    64.491 57182.50710958 53.75 208.219601  65.100645   -100 -100.00 -100.00 -100.00
 255    64.452 57182.50711017 51.29 208.225569  65.101399   -100 -100.00 -100.00 -100.00
 255    64.427 57182.50711076 51.75 208.231537  65.102153   -100 -100.00 -100.00 -100.00
 256    64.004 57192.42275933 53.70 208.215784  65.098504   -100 -100.00 -100.00 -100.00
 256    63.810 57192.42275992 54.54 208.221750  65.099259 12.627 -100.00 -100.00 -100.00
 256    63.783 57192.42276051 55.16 208.227718  65.100013 17.002 -100.00 -100.00 -100.00
 257    64.344 57202.33840678 54.35 208.214108  65.098434 12.273 -100.00 -100.00 -100.00
 257    64.206 57202.33840737 54.77 208.220075  65.099188 26.524 -100.00 -100.00 -100.00
 257    64.403 57202.33840796 54.78 208.226043  65.099942 10.942 -100.00 -100.00 -100.00
 258    64.469 57212.25404177 51.23 208.221916  65.101250  7.321 -100.00 -100.00 -100.00
 258    64.736 57212.25404236 50.97 208.227884  65.102004   -100 -100.00 -100.00 -100.00
 259    64.667 57222.16968586 33.40 208.223213  65.103255   -100 -100.00 -100.00 -100.00
 259    64.731 57222.16968645 32.25 208.229181  65.104009 26.251 -100.00 -100.00 -100.00
 259    64.749 57222.16968704 34.79 208.235150  65.104763   -100 -100.00 -100.00 -100.00
 260    64.731 57232.08532814 48.83 208.222140  65.103335   -100 -100.00 -100.00 -100.00
 260    64.806 57232.08532873 50.31 208.228109  65.104089   -100 -100.00 -100.00 -100.00
 260    64.616 57232.08532932 45.97 208.234078  65.104843   -100 -100.00 -100.00 -100.00
 261    64.871 57242.00096794 54.38 208.223410  65.102386   -100 -100.00 -100.00 -100.00
 261    64.665 57242.00096853 52.11 208.229378  65.103141  8.137 -100.00 -100.00 -100.00
 261    64.696 57242.00096912 49.14 208.235347  65.103895  4.338 -100.00 -100.00 -100.00
 262    64.250 57251.91660430 40.09 208.216237  65.100074   -100 -100.00 -100.00 -100.00
 262    64.597 57251.91660489 38.41 208.222205  65.100829 32.725 -100.00 -100.00 -100.00
 262    64.499 57251.91660548 41.29 208.228173  65.101583   -100 -100.00 -100.00 -100.00
 263    64.702 57261.83224014 33.11 208.221178  65.100883 27.769 -100.00 -100.00 -100.00
 263    64.740 57261.83224073 35.03 208.227146  65.101637   -100 -100.00 -100.00 -100.00
 265    64.421 57281.66353163 42.34 208.221843  65.105013   -100 -100.00 -100.00 -100.00
 265    64.479 57281.66353222 39.58 208.227812  65.105767   -100 -100.00 -100.00 -100.00
 265    64.586 57281.66353281 37.30 208.233781  65.106521 31.416 -100.00 -100.00 -100.00
 265    64.663 57281.66353340 36.75 208.239751  65.107275 25.203 -100.00 -100.00 -100.00
 266   124.857 57291.57918687 18.16 208.223779  65.105783 20.707 -100.00 -100.00 -100.00
 266   124.967 57291.57918746 20.25 208.229748  65.106537 21.085 -100.00 -100.00 -100.00
 266   128.718 57291.57918805 19.22 208.235718  65.107291 19.205 -100.00 -100.00 -100.00
 266   127.995 57291.57918864 25.14 208.241688  65.108045   -100 -100.00 -100.00 -100.00
 267   126.362 57301.49483863 13.57 208.223675  65.104312 20.120 -100.00 -100.00 -100.00
 267   129.734 57301.49483981 13.97 208.235613  65.105820 16.771 -100.00 -100.00 -100.00
 268    64.084 57311.41048632 28.78 208.220730  65.101854 16.429 -100.00 -100.00 -100.00
 268    64.116 57311.41048691 28.19 208.226698  65.102608 15.518 -100.00 -100.00 -100.00
 268    64.057 57311.41048750 27.29 208.232667  65.103362 14.263 -100.00 -100.00 -100.00
 269    63.923 57321.32613091 48.39 208.218653  65.100863   -100 -100.00 -100.00 -100.00
 269    63.836 57321.32613150 51.53 208.224620  65.101617   -100 -100.00 -100.00 -100.00
 269    63.853 57321.32613209 50.66 208.230589  65.102371   -100 -100.00 -100.00 -100.00
 270    63.425 57331.24177341 42.35 208.218628  65.101812   -100 -100.00 -100.00 -100.00
 270    63.514 57331.24177400 42.22 208.224597  65.102567   -100 -100.00 -100.00 -100.00
 270    63.628 57331.24177459 41.60 208.230566  65.103321   -100 -100.00 -100.00 -100.00
 271    63.419 57341.15741398 34.14 208.219773  65.103262 30.236 -100.00 -100.00 -100.00
 271    63.497 57341.15741457 37.53 208.225742  65.104016   -100 -100.00 -100.00 -100.00
 271    63.635 57341.15741516 39.97 208.231712  65.104770   -100 -100.00 -100.00 -100.00
 271    63.840 57341.15741575 42.68 208.237681  65.105524   -100 -100.00 -100.00 -100.00
 272    64.186 57351.07306512 28.11 208.221154  65.103528 18.764 -100.00 -100.00 -100.00
 272    64.474 57351.07306572 32.28 208.227123  65.104282   -100 -100.00 -100.00 -100.00
 272    64.772 57351.07306631 32.71 208.233093  65.105036 27.634 -100.00 -100.00 -100.00
 272    64.707 57351.07306690 35.02 208.239063  65.105789   -100 -100.00 -100.00 -100.00
 273    64.490 57360.98870985 26.12 208.220739  65.101570 16.562 -100.00 -100.00 -100.00
 273    64.828 57360.98871044 26.08 208.226708  65.102324 18.057 -100.00 -100.00 -100.00
 273    64.948 57360.98871103 26.26 208.232677  65.103078 17.060 -100.00 -100.00 -100.00
 274    64.360 57370.90435105 20.51 208.217277  65.098854  7.613 -100.00 -100.00 -100.00
 274    64.568 57370.90435164 21.19 208.223246  65.099609  9.365 -100.00 -100.00 -100.00
 275    64.516 57380.81999066 16.76 208.218558  65.098702  5.089 -100.00 -100.00 -100.00
 275    64.582 57380.81999125 17.11 208.224526  65.099456  6.126 -100.00 -100.00 -100.00
 276    64.255 57390.73562931 21.61 208.218025  65.100195 13.246 -100.00 -100.00 -100.00
 276    64.382 57390.73562990 20.86 208.223994  65.100949  9.858 -100.00 -100.00 -100.00
 276    64.606 57390.73563049 20.62 208.229963  65.101703 10.277 -100.00 -100.00 -100.00
 277    64.488 57400.65126702 16.78 208.217923  65.101807  5.942 -100.00 -100.00 -100.00
 277    64.583 57400.65126761 17.59 208.223892  65.102562  7.063 -100.00 -100.00 -100.00
 277    64.640 57400.65126820 17.45 208.229861  65.103316  7.481 -100.00 -100.00 -100.00
 277    64.997 57400.65126879 17.53 208.235830  65.104070  6.682 -100.00 -100.00 -100.00
 278    64.578 57410.56690764 19.69 208.223825  65.102817  9.968 -100.00 -100.00 -100.00
 278    64.594 57410.56690823 20.32 208.229793  65.103572 11.608 -100.00 -100.00 -100.00
 278    64.815 57410.56690882 19.44 208.235762  65.104326 10.108 -100.00 -100.00 -100.00
 279    64.451 57420.48255937 18.43 208.219263  65.101651  8.476 -100.00 -100.00 -100.00
 279    64.767 57420.48255996 17.77 208.225231  65.102406  7.516 -100.00 -100.00 -100.00
 279    64.729 57420.48256055 19.15 208.231200  65.103160 10.609 -100.00 -100.00 -100.00
 280    64.376 57430.39820929 19.39 208.222303  65.101708 10.588 -100.00 -100.00 -100.00
 280    64.648 57430.39820988 19.63 208.228271  65.102462 10.016 -100.00 -100.00 -100.00
 280    64.931 57430.39821047 18.73 208.234240  65.103216  8.188 -100.00 -100.00 -100.00
 281    64.374 57440.31385671 18.68 208.219873  65.102283  8.730 -100.00 -100.00 -100.00
 281    64.535 57440.31385730 18.66 208.225842  65.103037  8.065 -100.00 -100.00 -100.00
 281    64.723 57440.31385789 18.57 208.231811  65.103791  9.078 -100.00 -100.00 -100.00
 282    64.476 57450.22950357 18.63 208.220786  65.104133  9.533 -100.00 -100.00 -100.00
 282    64.593 57450.22950416 18.50 208.226755  65.104887  8.621 -100.00 -100.00 -100.00
 282    64.560 57450.22950475 19.25 208.232724  65.105641 11.876 -100.00 -100.00 -100.00
 282    64.656 57450.22950534 18.29 208.238694  65.106395  9.729 -100.00 -100.00 -100.00
 283    64.648 57460.14514932 17.31 208.225453  65.105853  8.279 -100.00 -100.00 -100.00
 283    64.579 57460.14514991 18.11 208.231423  65.106607 10.391 -100.00 -100.00 -100.00
 283    64.858 57460.14515050 16.95 208.237393  65.107361  7.985 -100.00 -100.00 -100.00
 284    64.406 57470.06079118 17.63 208.224525  65.105274  8.680 -100.00 -100.00 -100.00
 284    64.777 57470.06079177 16.61 208.230494  65.106029  8.643 -100.00 -100.00 -100.00
 284    64.650 57470.06079236 16.88 208.236464  65.106783  8.387 -100.00 -100.00 -100.00
 285    64.393 57479.97642850 24.39 208.219748  65.102774 17.960 -100.00 -100.00 -100.00
 285    64.403 57479.97642909 23.95 208.225717  65.103529 17.178 -100.00 -100.00 -100.00
 285    64.490 57479.97642968 23.06 208.231686  65.104283 16.925 -100.00 -100.00 -100.00
 285    64.367 57479.97643027 23.55 208.237655  65.105037 17.309 -100.00 -100.00 -100.00
 286    64.357 57489.89206335 42.38 208.220906  65.101003   -100 -100.00 -100.00 -100.00
 286    64.223 57489.89206394 43.54 208.226874  65.101757   -100 -100.00 -100.00 -100.00
 286    64.390 57489.89206453 39.64 208.232843  65.102512   -100 -100.00 -100.00 -100.00
 287    64.226 57499.80769588 38.98 208.218726  65.099697   -100 -100.00 -100.00 -100.00
 287    64.399 57499.80769647 37.36 208.224694  65.100452   -100 -100.00 -100.00 -100.00
 287    64.416 57499.80769706 36.16 208.230662  65.101207   -100 -100.00 -100.00 -100.00
 288   131.426 57509.72334059 14.15 208.220375  65.100532  9.384 -100.00 -100.00 -100.00
 288   131.192 57509.72334118 17.31 208.226343  65.101286 17.652 -100.00 -100.00 -100.00
 289    63.966 57519.63899660 51.32 208.222173  65.101855   -100 -100.00 -100.00 -100.00
 289    64.054 57519.63899719 50.76 208.228141  65.102609   -100 -100.00 -100.00 -100.00
 289    63.999 57519.63899778 52.15 208.234110  65.103364   -100 -100.00 -100.00 -100.00
 290    64.390 57529.55464962 52.42 208.221897  65.102123 11.964 -100.00 -100.00 -100.00
 290    64.305 57529.55465021 51.62 208.227865  65.102877 18.004 -100.00 -100.00 -100.00
 290    64.353 57529.55465080 54.02 208.233833  65.103631 19.867 -100.00 -100.00 -100.00
 291    64.401 57539.47029889 53.76 208.216621  65.100455  4.113 -100.00 -100.00 -100.00
 291    64.136 57539.47029948 53.72 208.222589  65.101209  9.376 -100.00 -100.00 -100.00
 291    64.376 57539.47030007 56.62 208.228557  65.101963 13.868 -100.00 -100.00 -100.00
 292    64.570 57549.38594624 50.81 208.219035  65.099609   -100 -100.00 -100.00 -100.00
 292    64.509 57549.38594683 52.42 208.225002  65.100363   -100 -100.00 -100.00 -100.00
 293    64.466 57559.30159208 50.39 208.218953  65.099450   -100 -100.00 -100.00 -100.00
 293    64.287 57559.30159267 50.82 208.224920  65.100204  7.292 -100.00 -100.00 -100.00
 294    64.627 57569.21723737 42.42 208.218995  65.100732   -100 -100.00 -100.00 -100.00
 294    64.558 57569.21723796 42.47 208.224963  65.101486   -100 -100.00 -100.00 -100.00
 294    64.593 57569.21723855 45.11 208.230931  65.102240  2.528 -100.00 -100.00 -100.00
 295    65.001 57579.13288227 39.53 208.219322  65.102240   -100 -100.00 -100.00 -100.00
 295    65.057 57579.13288286 41.30 208.225290  65.102994   -100 -100.00 -100.00 -100.00
 295    65.138 57579.13288345 40.32 208.231259  65.103748   -100 -100.00 -100.00 -100.00
 296    64.792 57589.04852562 25.67 208.220168  65.102996 14.862 -100.00 -100.00 -100.00
 296    64.979 57589.04852621 24.02 208.226137  65.103750 10.875 -100.00 -100.00 -100.00
 296    65.211 57589.04852680 25.81 208.232106  65.104504 16.019 -100.00 -100.00 -100.00
 296    65.245 57589.04852739 28.60 208.238076  65.105258 21.441 -100.00 -100.00 -100.00
 297    65.148 57598.96416635 30.22 208.222293  65.102919 18.326 -100.00 -100.00 -100.00
 297    65.183 57598.96416694 31.73 208.228262  65.103674 22.637 -100.00 -100.00 -100.00
 297    65.280 57598.96416753 32.40 208.234231  65.104428 21.898 -100.00 -100.00 -100.00
