-135671.530   299.458     0.00   54.02
-135384.404   283.470   -55.68   60.08
-135097.286   273.272   -35.52   64.45
-134810.178   259.105   -49.35   67.14
-134523.079   243.650   -53.83   68.47
-134235.988   230.421   -46.08   67.75
-133948.907   213.861   -57.69   62.32
-133661.835   205.192   -30.20   64.40
-133374.772   187.231   -62.57   67.93
-133087.718   164.947   -77.63   70.77
-132800.672   144.338   -71.80   74.48
-132513.636   119.159   -87.72   74.35
-132226.609    93.003   -91.13   66.57
-131939.592    69.365   -82.36   52.57
-131652.583    50.625   -65.30   34.37
-131365.583    39.708   -38.04   21.70
-131078.592    34.216   -19.14   12.71
-130791.610    32.656    -5.44    8.35
-130504.637    35.126     8.61   13.37
-130217.674    44.072    31.17   26.41
-129930.719    57.172    45.65   39.33
-129643.773    76.744    68.21   51.73
-129356.837    92.358    54.42   53.90
-129069.909   107.873    54.07   53.49
-128782.991   118.097    35.63   49.40
-128496.081   129.578    40.02   46.60
-128209.181   138.156    29.90   42.64
-127922.289   143.516    18.68   49.17
-127635.407   159.423    55.45   63.06
-127348.533   181.206    75.93   70.39
-127061.669   200.199    66.21   65.82
-126774.814   215.639    53.83   56.99
-126487.967   224.838    32.07   47.82
-126201.130   223.974    -3.01   42.58
-125914.302   214.806   -31.97   46.17
-125627.483   196.530   -63.72   50.23
-125340.672   176.849   -68.62   46.85
-125053.871   164.798   -42.02   41.67
-124767.079   160.696   -14.30   38.52
-124480.296   160.266    -1.50   40.39
-124193.521   162.731     8.60   45.26
-123906.756   168.347    19.58   45.46
-123620.000   173.826    19.11   40.81
-123333.253   174.827     3.49   36.74
-123046.515   167.244   -26.45   38.56
-122759.785   151.993   -53.19   40.31
-122473.065   133.737   -63.67   40.36
-122186.354   115.116   -64.95   35.35
-121899.652    97.434   -61.68   28.44
-121612.959    82.969   -50.46   22.74
-121326.275    73.126   -34.33   19.83
-121039.600    67.080   -21.09   18.62
-120752.933    62.577   -15.71   19.71
-120466.276    58.942   -12.68   21.73
-120179.628    50.703   -28.74   31.09
-119892.989    39.584   -38.79   37.11
-119606.359    29.266   -36.00   38.96
-119319.738    16.993   -42.82   36.37
-119033.126     7.473   -33.22   29.47
-118746.522    -0.763   -28.74   19.75
-118459.928    -5.853   -17.76    5.64
-118173.343    -4.638     4.24    3.46
-117886.767    -3.513     3.93    2.43
-117600.200    -2.477     3.61    1.26
-117313.641    -1.944     1.86    1.11
-117027.092    -1.489     1.59    1.07
-116740.552    -1.098     1.37    1.01
-116454.021    -0.712     1.35    0.90
-116167.498    -0.377     1.17    0.83
-115880.985    -0.077     1.05    0.90
-115594.481     0.215     1.02    1.05
-115307.985     0.520     1.06    1.12
-115021.499     0.913     1.37    1.12
-114735.021     1.479     1.97    1.26
-114448.553     1.895     1.45    1.15
-114162.094     2.098     0.71    1.03
-113875.643     2.346     0.87    0.94
-113589.202     2.604     0.90    1.03
-113302.769     2.691     0.30    1.02
-113016.345     2.532    -0.55    1.16
-112729.931     2.069    -1.62    1.44
-112443.525     1.461    -2.12    1.71
-112157.129     0.730    -2.56    2.13
-111870.741    -0.410    -3.98    2.34
-111584.362    -1.587    -4.11    2.05
-111297.992    -2.441    -2.98    1.64
-111011.632    -3.013    -2.00    1.18
-110725.280    -3.296    -0.99    0.83
-110438.937    -3.372    -0.26    0.67
-110152.603    -3.072     1.05    0.88
-109866.278    -2.676     1.38    1.07
-109579.962    -2.302     1.30    1.14
-109293.655    -1.944     1.25    1.13
-109007.357    -1.653     1.02    0.99
-108721.068    -1.463     0.67    0.89
-108434.787    -1.386     0.27    0.78
-108148.516    -1.336     0.18    0.65
-107862.254    -1.307     0.10    0.69
-107576.001    -1.355    -0.17    0.64
-107289.756    -1.357    -0.01    0.55
-107003.521    -1.377    -0.07    0.52
-106717.294    -1.403    -0.09    0.48
-106431.077    -1.350     0.19    0.50
-106144.868    -1.304     0.16    0.54
-105858.669    -1.268     0.13    0.58
-105572.478    -1.209     0.21    0.65
-105286.296    -1.159     0.17    0.70
-105000.123    -1.205    -0.16    0.56
-104713.959    -1.140     0.23    0.58
-104427.804    -1.051     0.31    0.82
-104141.658    -0.794     0.90    1.16
-103855.521    -0.535     0.90    1.26
-103569.393    -0.216     1.12    1.37
-103283.274     0.324     1.89    1.73
-102997.164     1.153     2.90    2.52
-102711.062     2.656     5.26    4.07
-102424.970     4.347     5.91    5.22
-102138.886     6.136     6.26    5.62
-101852.812     7.824     5.90    5.35
-101566.746     8.769     3.30    4.95
-101280.689     9.259     1.71    4.75
-100994.642     9.337     0.27    4.47
-100708.603     8.660    -2.37    4.61
-100422.573     7.280    -4.82    4.91
-100136.552     6.091    -4.16    4.97
 -99850.540     4.954    -3.97    4.79
 -99564.536     4.037    -3.21    4.42
 -99278.542     3.074    -3.37    3.72
 -98992.557     2.266    -2.83    2.14
 -98706.580     2.280     0.05    1.79
 -98420.613     3.273     3.47    2.32
 -98134.654     4.570     4.54    2.84
 -97848.705     6.034     5.12    3.08
 -97562.764     7.273     4.33    3.24
 -97276.832     8.521     4.37    3.16
 -96990.909     9.705     4.14    3.07
 -96704.995    10.722     3.56    2.83
 -96419.090    11.547     2.89    2.61
 -96133.194    11.980     1.52    2.39
 -95847.306    12.391     1.44    2.16
 -95561.428    12.635     0.85    2.27
 -95275.558    12.876     0.84    2.36
 -94989.698    13.001     0.44    2.23
 -94703.846    12.527    -1.66    2.53
 -94418.003    11.446    -3.78    3.46
 -94132.169    10.006    -5.04    4.51
 -93846.344     7.993    -7.05    5.40
 -93560.528     5.737    -7.89    5.38
 -93274.721     3.693    -7.15    4.72
 -92988.923     1.599    -7.33    3.78
 -92703.133    -0.026    -5.69    2.37
 -92417.353    -0.934    -3.18    1.37
 -92131.581    -1.578    -2.25    1.28
 -91845.818    -2.296    -2.51    2.15
 -91560.064    -2.859    -1.97    2.60
 -91274.319    -3.348    -1.71    2.76
 -90988.583    -3.832    -1.69    3.19
 -90702.856    -4.327    -1.73    3.76
 -90417.138    -5.018    -2.42    4.38
 -90131.428    -5.852    -2.92    4.73
 -89845.728    -6.347    -1.73    4.92
 -89560.036    -6.504    -0.55    5.01
 -89274.353    -6.861    -1.25    5.13
 -88988.679    -5.880     3.43    6.09
 -88703.014    -4.318     5.47    7.59
 -88417.358    -1.823     8.73    9.28
 -88131.711     1.295    10.92   10.53
 -87846.073     5.683    15.36   11.18
 -87560.443    10.499    16.86   11.77
 -87274.822    15.201    16.46   11.12
 -86989.211    19.209    14.03    8.31
 -86703.608    21.984     9.72    5.24
 -86418.014    22.966     3.44    4.45
 -86132.429    22.755    -0.74    4.67
 -85846.852    21.473    -4.49    5.31
 -85561.285    19.841    -5.71    4.82
 -85275.726    18.223    -5.67    4.16
 -84990.177    16.977    -4.36    3.54
 -84704.636    15.181    -6.29    3.66
 -84419.104    13.824    -4.75    4.70
 -84133.581    12.577    -4.37    6.51
 -83848.066    10.630    -6.82    8.17
 -83562.181     8.836    -6.28    8.83
 -83274.664     8.076    -2.64    9.13
 -82987.158     7.066    -3.51    9.25
 -82699.661     6.843    -0.77    9.17
 -82412.174     7.834     3.44    9.16
 -82124.697     9.086     4.36    8.92
 -81837.229    11.193     7.33    8.61
 -81549.772    12.852     5.77    8.15
 -81262.324    15.251     8.35    6.89
 -80974.886    17.762     8.74    5.90
 -80687.458    20.470     9.42    5.30
 -80400.039    22.737     7.89    5.17
 -80112.631    24.770     7.07    4.88
 -79825.232    26.916     7.47    4.17
 -79537.843    28.836     6.68    2.80
 -79250.464    30.478     5.71    1.96
 -78963.094    31.611     3.95    2.14
 -78675.734    32.653     3.63    2.70
 -78388.384    33.875     4.25    3.15
 -78101.044    35.169     4.51    3.44
 -77813.714    36.375     4.19    3.75
 -77526.393    37.606     4.29    3.96
 -77239.082    38.806     4.18    4.15
 -76951.781    40.099     4.50    4.21
 -76664.490    41.631     5.33    3.74
 -76377.208    42.945     4.57    3.67
 -76089.937    45.097     7.49    4.54
 -75802.675    48.540    11.98    7.56
 -75515.422    52.009    12.08    9.70
 -75228.180    54.466     8.55   10.11
 -74940.947    55.795     4.63    9.58
 -74653.724    57.358     5.44    9.37
 -74366.511    59.080     6.00    8.89
 -74079.308    60.803     6.00    9.33
 -73792.114    61.696     3.11    8.92
 -73504.930    61.896     0.70    8.32
 -73217.756    61.014    -3.07    9.58
 -72930.591    58.209    -9.77   12.23
 -72643.437    55.080   -10.90   13.32
 -72356.292    51.154   -13.68   11.91
 -72069.157    48.361    -9.73    9.73
 -71782.031    47.584    -2.71    8.99
 -71494.916    49.007     4.96    9.20
 -71207.810    52.653    12.70    9.11
 -70920.714    57.143    15.64    8.77
 -70633.627    59.863     9.48    9.09
 -70346.551    60.480     2.15    8.90
 -70059.484    60.302    -0.62    9.50
 -69772.426    59.398    -3.15    9.88
 -69485.379    58.266    -3.94   10.05
 -69198.341    57.710    -1.94   10.15
 -68911.313    58.073     1.26   11.33
 -68624.295    61.416    11.65   15.32
 -68337.287    68.366    24.22   18.61
 -68050.288    77.010    30.12   20.48
 -67763.299    84.395    25.73   21.38
 -67476.319    88.925    15.79   22.50
 -67189.350    88.947     0.08   23.35
 -66902.390    88.670    -0.96   25.94
 -66615.440    88.149    -1.82   24.91
 -66328.500    85.323    -9.85   23.70
 -66041.569    81.713   -12.58   21.61
 -65754.648    82.369     2.29   20.64
 -65467.737    86.487    14.36   22.06
 -65180.835    92.777    21.92   21.35
 -64893.943    97.480    16.40   20.77
 -64607.061   103.552    21.16   21.26
 -64320.189   114.799    39.21   22.65
 -64033.326   127.367    43.81   25.70
 -63746.473   142.545    52.91   32.76
 -63459.630   159.591    59.43   38.87
 -63172.797   179.302    68.72   45.32
 -62885.973   196.098    58.56   46.93
 -62599.159   208.023    41.58   44.06
 -62312.354   215.602    26.43   39.17
 -62025.560   220.047    15.50   35.68
 -61738.775   220.426     1.32   35.21
 -61452.000   212.082   -29.10   40.17
 -61165.234   200.023   -42.05   41.51
 -60878.478   189.933   -35.19   36.89
 -60591.732   183.373   -22.88   30.95
 -60304.995   177.636   -20.01   28.10
 -60018.269   173.841   -13.23   26.86
 -59731.552   170.999    -9.91   28.07
 -59444.844   169.251    -6.10   30.16
 -59158.147   161.985   -25.34   34.88
 -58871.459   150.777   -39.10   35.44
 -58584.780   140.057   -37.39   31.29
 -58298.112   131.652   -29.32   26.90
 -58011.453   121.140   -36.67   22.42
 -57724.804   111.995   -31.90   21.99
 -57438.164   105.067   -24.17   22.10
 -57151.534    97.915   -24.95   21.01
 -56864.914    92.208   -19.91   18.27
 -56578.304    89.014   -11.14   13.45
 -56291.703    88.157    -2.99   11.57
 -56005.112    90.534     8.29   12.01
 -55718.530    94.777    14.80   11.76
 -55431.958    98.280    12.23    9.53
 -55145.396   100.400     7.40    8.29
 -54858.844   101.913     5.28    8.11
 -54572.301   102.887     3.40    8.42
 -54285.768   105.228     8.17    8.04
 -53999.245   108.580    11.70   10.13
 -53712.731   113.331    16.58   12.67
 -53426.227   120.295    24.31   17.28
 -53139.732   127.906    26.57   21.56
 -52853.248   138.846    38.19   26.03
 -52566.773   148.703    34.41   28.38
 -52280.307   157.403    30.37   28.99
 -51993.851   163.880    22.61   28.02
 -51707.405   168.187    15.04   28.07
 -51420.969   172.680    15.69   29.25
 -51134.542   179.917    25.27   34.06
 -50848.125   186.702    23.69   37.55
 -50561.718   199.098    43.28   39.98
 -50275.320   213.859    51.54   38.69
 -49988.932   232.798    66.13   40.45
 -49702.553   256.085    81.32   52.58
 -49416.184   276.120    69.96   59.64
 -49129.825   293.669    61.28   59.65
 -48843.476   309.795    56.32   52.82
 -48557.136   318.043    28.80   45.93
 -48270.806   324.266    21.73   41.11
 -47984.485   322.549    -6.00   41.11
 -47698.174   314.580   -27.83   33.59
 -47411.873   316.169     5.55   30.52
 -47125.581   318.798     9.18   28.62
 -46839.299   319.195     1.38   28.51
 -46553.027   315.466   -13.03   33.15
 -46266.764   307.395   -28.19   38.68
 -45980.511   298.039   -32.68   39.93
 -45694.267   291.199   -23.90   36.69
 -45408.033   285.073   -21.40   28.25
 -45121.809   287.064     6.96   26.85
 -44835.595   296.999    34.71   34.09
 -44549.390   311.805    51.73   36.59
 -44263.194   325.213    46.85   33.72
 -43977.009   332.323    24.84   28.85
 -43690.833   335.252    10.23   27.11
 -43404.666   337.331     7.27   26.81
 -43118.509   337.516     0.65   27.87
 -42832.362   338.354     2.93   27.79
 -42546.225   340.161     6.31   28.45
 -42260.097   348.414    28.84   35.26
 -41973.978   361.098    44.33   43.06
 -41687.869   371.645    36.86   49.20
 -41401.770   381.928    35.94   53.28
 -41115.681   388.243    22.07   54.49
 -40829.601   393.075    16.89   52.94
 -40543.531   397.791    16.49   47.33
 -40257.470   397.288    -1.76   40.93
 -39971.419   385.673   -40.60   43.33
 -39685.378   369.339   -57.10   46.55
 -39399.346   356.813   -43.79   43.57
 -39113.324   349.937   -24.04   41.08
 -38827.311   349.056    -3.08   42.59
 -38541.308   364.949    55.57   64.03
 -38255.315   391.861    94.10   80.73
 -37969.331   414.847    80.38   76.96
 -37683.356   434.166    67.55   67.21
 -37397.392   445.925    41.12   63.35
 -37111.437   449.215    11.51   63.79
 -36825.491   446.587    -9.19   72.09
 -36539.556   422.945   -82.69   69.09
 -36253.629   414.518   -29.47   64.07
 -35967.713   404.077   -36.52   61.24
 -35681.806   391.163   -45.17   57.32
 -35395.908   383.137   -28.07   53.50
 -35110.020   375.534   -26.60   48.20
 -34824.142   365.206   -36.13   51.73
 -34538.273   349.975   -53.28   51.75
 -34252.414   335.153   -51.85   37.99
 -33966.565   332.480    -9.35   32.11
 -33680.725   339.539    24.70   39.35
 -33394.895   349.476    34.76   44.06
 -33109.074   361.705    42.79   44.99
 -32823.263   369.063    25.74   40.92
 -32537.461   365.680   -11.84   42.97
 -32251.669   350.482   -53.18   55.44
 -31965.886   333.688   -58.77   59.52
 -31680.114   316.880   -58.81   53.94
 -31394.350   303.802   -45.77   41.48
 -31108.597   303.199    -2.11   37.10
 -30822.852   317.445    49.85   52.63
 -30537.118   348.682   109.32   73.33
 -30251.393   379.445   107.67   74.30
 -29965.677   404.167    86.53   65.68
 -29679.971   424.134    69.89   60.79
 -29394.275   442.317    63.64   58.82
 -29108.588   447.158    16.95   62.06
 -28822.911   430.636   -57.84   65.55
 -28537.243   407.331   -81.58   68.52
 -28251.585   379.215   -98.43   68.06
 -27965.937   359.480   -69.09   61.03
 -27680.298   347.309   -42.61   53.41
 -27394.668   353.199    20.62   63.51
 -27109.049   367.214    49.07   76.12
 -26823.438   388.712    75.27   89.24
 -26537.837   411.333    79.20   87.46
 -26252.246   428.112    58.76   87.69
 -25966.665   431.577    12.13   82.34
 -25681.092   423.443   -28.48   72.24
 -25395.530   419.690   -13.14   60.50
 -25109.977   421.722     7.11   59.91
 -24824.433   435.869    49.54   66.26
 -24538.899   456.187    71.16   69.13
 -24253.375   487.422   109.39   71.27
 -23967.860   509.904    78.74   67.97
 -23682.355   514.996    17.84   69.92
 -23396.859   506.479   -29.83   85.26
 -23111.373   489.102   -60.87   96.20
 -22825.896   472.514   -58.11   96.78
 -22540.429   457.857   -51.34   87.48
 -22254.971   436.741   -73.97   74.97
 -21969.523   422.536   -49.77   69.91
 -21683.524   409.383   -45.99   75.16
 -21395.936   397.374   -41.76   83.24
 -21108.357   380.080   -60.14   90.32
 -20820.790   353.532   -92.32   86.64
 -20533.232   328.430   -87.30   69.81
 -20245.686   310.751   -61.48   59.46
 -19958.149   300.813   -34.56   61.81
 -19670.623   287.250   -47.17   63.01
 -19383.108   275.921   -39.41   59.39
 -19095.603   263.503   -43.19   57.01
 -18808.109   253.930   -33.30   54.81
 -18520.625   248.380   -19.30   55.16
 -18233.152   246.124    -7.85   56.01
 -17945.689   254.245    28.25   63.49
 -17658.236   255.673     4.97   63.25
 -17370.794   248.699   -24.26   64.07
 -17083.363   247.566    -3.94   63.72
 -16795.942   244.036   -12.28   63.53
 -16508.531   248.635    16.00   73.02
 -16221.131   267.480    65.57   93.06
 -15933.742   306.751   136.65  117.96
 -15646.363   360.152   185.82  131.89
 -15358.994   420.067   208.50  141.53
 -15071.636   477.885   201.20  137.15
 -14784.288   551.713   256.93  134.99
 -14496.951   602.567   176.98  124.07
 -14209.624   637.424   121.32  104.92
 -13922.307   647.347    34.53   90.00
 -13635.002   631.762   -54.24   98.66
 -13347.706   591.542  -140.00  123.63
 -13060.421   535.964  -193.46  140.15
 -12773.147   470.367  -228.35  148.14
 -12485.883   409.407  -212.21  122.92
 -12198.629   362.093  -164.71   93.09
 -11911.386   328.258  -117.79   70.85
 -11624.153   304.744   -81.87   61.00
 -11336.931   272.964  -110.65   77.36
 -11049.719   240.773  -112.08  100.62
 -10762.517   207.410  -116.17  106.41
 -10475.326   168.795  -134.46   90.29
 -10188.146   141.497   -95.06   68.09
  -9900.976   123.705   -61.96   54.87
  -9613.816   117.236   -22.53   52.78
  -9326.667   121.940    16.38   52.53
  -9039.528   127.089    17.93   56.77
  -8752.400   126.750    -1.18   61.32
  -8465.282   127.244     1.72   64.86
  -8178.175   127.880     2.22   65.63
  -7891.077   146.554    65.04   79.84
  -7603.991   181.494   121.71  104.61
  -7316.915   221.466   139.24  118.44
  -7029.849   264.777   150.88  113.76
  -6742.793   301.698   128.62   90.38
  -6455.749   318.466    58.42   67.09
  -6168.714   322.391    13.67   60.13
  -5881.690   320.695    -5.91   63.68
  -5594.676   303.064   -61.43   65.78
  -5307.673   276.750   -91.69   60.16
  -5020.680   259.047   -61.69   61.58
  -4733.698   244.696   -50.00   66.94
  -4446.726   229.363   -53.43   67.57
  -4159.764   213.925   -53.80   62.69
  -3872.813   202.466   -39.94   52.94
  -3585.872   192.964   -33.11   53.90
  -3298.942   176.280   -58.14   51.40
  -3012.022   160.754   -54.11   55.94
  -2725.112   139.957   -72.49   61.18
  -2438.213   125.421   -50.66   61.70
  -2151.324   104.475   -73.01   52.10
  -1864.446    86.466   -62.77   39.89
  -1577.578    70.540   -55.52   32.26
  -1290.720    55.116   -53.77   28.92
  -1003.873    39.773   -53.49   26.44
   -717.036    28.475   -39.39   26.01
   -430.210    18.773   -33.82   23.37
   -143.394    10.888   -27.49   18.21
    143.412     4.007   -23.99   11.36
    430.207    -0.182   -14.61    5.67
    716.992    -1.464    -4.47    2.43
   1003.767    -1.514    -0.17    1.34
   1290.531    -1.035     1.67    1.36
   1577.284    -0.734     1.05    1.28
   1864.028    -0.446     1.01    1.15
   2150.761    -0.245     0.70    1.13
   2437.483    -0.377    -0.46    1.24
   2724.195    -0.481    -0.36    1.26
   3010.897    -0.389     0.32    1.27
   3297.589    -0.297     0.32    1.35
   3584.270    -0.063     0.82    1.37
   3870.941     0.331     1.37    1.41
   4157.601     0.937     2.12    1.06
   4444.251     1.359     1.47    0.83
   4730.891     1.844     1.69    0.99
   5017.520     2.280     1.52    1.05
   5304.139     2.696     1.45    1.15
   5590.747     3.042     1.20    1.19
   5877.346     3.466     1.48    1.40
   6163.933     3.810     1.20    1.41
   6450.511     4.073     0.92    1.49
   6737.078     4.507     1.51    1.66
   7023.635     5.019     1.79    1.71
   7310.181     5.566     1.91    1.88
   7596.717     6.073     1.77    1.82
   7883.243     6.552     1.67    1.90
   8169.758     7.175     2.17    2.09
   8456.263     7.855     2.37    2.30
   8742.758     8.662     2.82    2.63
   9029.242     9.947     4.49    2.90
   9315.716    11.135     4.15    2.98
   9602.180    12.361     4.28    2.52
   9888.633    13.303     3.29    1.88
  10175.076    14.043     2.58    1.32
  10461.509    14.543     1.75    1.15
  10747.931    14.851     1.07    1.15
  11034.343    15.048     0.69    1.23
  11320.745    15.243     0.68    1.13
  11607.136    15.374     0.46    1.14
  11893.517    15.584     0.73    0.94
  12179.887    15.554    -0.10    1.08
  12466.248    15.582     0.10    1.24
  12752.598    15.676     0.33    1.20
  13038.937    15.904     0.80    1.64
  13325.267    16.354     1.57    1.91
  13611.586    16.586     0.81    2.18
  13897.895    16.906     1.12    2.67
  14184.193    17.155     0.87    2.63
  14470.481    17.503     1.22    3.02
  14756.759    17.744     0.84    3.28
  15043.026    18.162     1.46    3.81
  15329.283    19.607     5.05    5.33
  15615.530    20.810     4.20    5.76
  15901.767    22.752     6.78    6.85
  16187.993    24.023     4.44    6.48
  16474.209    24.880     3.00    5.69
  16760.414    25.859     3.42    4.33
  17046.610    26.900     3.64    3.21
  17332.794    27.799     3.14    2.95
  17618.969    28.641     2.94    2.49
  17905.134    29.453     2.84    2.72
  18191.288    30.683     4.30    3.70
  18477.431    31.729     3.65    3.65
  18763.565    32.427     2.44    3.42
  19049.688    33.209     2.73    3.16
  19335.801    33.967     2.65    2.98
  19621.904    34.572     2.12    2.79
  19907.996    34.549    -0.08    2.08
  20194.078    34.266    -0.99    1.85
  20480.150    34.080    -0.65    1.82
  20766.211    33.777    -1.06    1.99
  21052.262    33.395    -1.33    2.18
  21338.303    33.136    -0.91    2.08
  21624.334    32.839    -1.04    1.92
  21910.354    32.945     0.37    2.08
  22196.364    33.175     0.81    2.34
  22482.364    33.892     2.51    3.00
  22768.353    34.910     3.56    3.38
  23054.333    35.773     3.02    3.55
  23340.302    36.408     2.22    3.63
  23626.260    36.765     1.25    3.38
  23912.209    37.093     1.15    3.47
  24198.147    36.969    -0.43    3.51
  24484.075    36.614    -1.24    3.70
  24769.992    36.469    -0.51    3.92
  25055.900    36.601     0.46    3.98
  25341.797    37.115     1.80    4.41
  25627.684    37.626     1.79    4.42
  25913.560    37.903     0.97    4.35
  26199.426    38.324     1.47    4.30
  26485.283    38.362     0.13    4.19
  26771.128    38.007    -1.24    4.21
  27056.964    37.747    -0.91    3.89
  27342.789    37.668    -0.28    3.90
  27628.604    37.976     1.08    4.15
  27914.409    38.250     0.96    4.27
  28200.203    38.149    -0.36    4.69
  28485.988    38.147    -0.01    5.08
  28771.762    37.521    -2.19    5.59
  29057.526    36.611    -3.18    5.89
  29343.279    35.503    -3.88    5.53
  29629.022    34.380    -3.93    5.17
  29914.756    32.996    -4.85    4.14
  30200.478    32.014    -3.44    3.29
  30486.191    31.447    -1.98    2.18
  30771.893    31.107    -1.19    1.43
  31057.585    30.870    -0.83    1.06
  31343.267    30.747    -0.43    0.91
  31628.939    30.676    -0.25    0.88
  31914.600    30.609    -0.23    0.75
  32200.252    30.489    -0.42    0.54
  32485.893    30.448    -0.14    0.45
  32771.523    30.469     0.07    0.49
  33057.144    30.485     0.06    0.49
  33342.754    30.548     0.22    0.53
  33628.354    30.562     0.05    0.50
  33913.944    30.595     0.11    0.50
  34199.524    30.568    -0.09    0.64
  34485.093    30.177    -1.37    1.67
  34770.652    29.287    -3.12    3.44
  35056.201    27.341    -6.82    5.46
  35341.740    25.288    -7.19    6.44
  35627.269    23.127    -7.57    6.78
  35912.787    20.870    -7.91    6.53
  36198.295    18.802    -7.24    5.59
  36483.793    17.184    -5.67    4.11
  36769.281    16.051    -3.97    2.05
  37054.758    15.654    -1.39    0.90
  37340.226    15.489    -0.58    0.52
  37625.683    15.459    -0.11    0.51
  37911.130    15.407    -0.18    0.41
  38196.566    15.340    -0.23    0.27
  38481.993    15.280    -0.21    0.00
  38767.409    15.280     0.00    0.00
  39052.815    15.280     0.00    0.00
  39338.211    15.280     0.00    0.00
  39623.597    15.280     0.00    0.00
  39908.972    15.280     0.00    0.00
  40195.096    15.280     0.00    0.00
  40482.762    15.280     0.00    0.00
  40770.418    15.280     0.00    0.00
  41058.062    15.280     0.00    0.00
  41345.695    15.280     0.00    0.00
  41633.317    15.280     0.00    0.00
  41920.927    15.280     0.00    0.00
  42208.527    15.280     0.00    0.00
  42496.115    15.280     0.00    0.00
  42783.692    15.280     0.00    0.00
  43071.258    15.280     0.00    0.00
  43358.813    15.280     0.00    0.00
  43646.357    15.280     0.00    0.00
  43933.889    15.280     0.00    0.00
  44221.410    15.303     0.08    0.15
  44508.920    15.453     0.52    0.50
  44796.419    15.825     1.29    1.07
  45083.907    16.525     2.43    1.87
  45371.384    17.273     2.60    2.60
  45658.849    18.706     4.98    3.85
  45946.304    20.590     6.55    5.13
  46233.747    22.596     6.98    5.54
  46521.179    24.859     7.87    7.25
  46808.600    27.626     9.63    8.59
  47096.009    29.421     6.25    8.75
  47383.408    32.461    10.58   10.08
  47670.795    34.385     6.69    9.07
  47958.172    36.687     8.01    9.43
  48245.537    39.438     9.57    8.24
  48532.891    42.511    10.69    9.95
  48820.234    46.766    14.81   12.74
  49107.565    52.177    18.83   14.34
  49394.886    58.280    21.24   13.25
  49682.195    63.483    18.11   11.31
  49969.494    66.105     9.13   11.75
  50256.781    67.168     3.70   13.76
  50544.057    67.097    -0.25   16.24
  50831.322    64.609    -8.66   18.81
  51118.576    62.400    -7.69   19.68
  51405.818    60.502    -6.61   19.31
  51693.050    58.004    -8.70   16.93
  51980.270    56.755    -4.35   14.61
  52267.480    55.516    -4.31   12.38
  52554.678    56.070     1.93   11.50
  52841.865    58.558     8.66   11.98
  53129.041    63.651    17.73   13.21
  53416.206    69.005    18.64   13.44
  53703.359    75.847    23.83   14.13
  53990.502    80.769    17.14   12.74
  54277.633    85.626    16.91   12.11
  54564.754    90.082    15.52   12.14
  54851.863    92.536     8.55   11.61
  55138.961    96.488    13.76   10.11
  55426.049    99.424    10.23    8.22
  55713.125   102.671    11.31    7.53
  56000.189   106.080    11.88    6.78
  56287.243   107.091     3.52    7.35
  56574.286   107.235     0.50    9.48
  56861.318   104.454    -9.69   14.03
  57148.338   101.609    -9.91   16.39
  57435.348    97.759   -13.41   17.33
  57722.346    93.791   -13.82   16.51
  58009.333    89.814   -13.86   14.33
  58296.309    86.762   -10.63   10.96
  58583.274    84.010    -9.59    6.87
  58870.228    84.682     2.34    7.08
  59157.171    85.117     1.52    7.07
  59444.103    86.409     4.50    6.88
  59731.024    87.888     5.15    6.18
  60017.934    89.686     6.27    5.52
  60304.832    91.978     7.99    5.68
  60591.720    94.273     8.00    6.67
  60878.596    97.809    12.33    8.60
  61165.462   101.125    11.56    9.42
  61452.316   104.645    12.27   11.36
  61739.159   107.449     9.78   11.62
  62025.992   108.883     5.00   10.36
  62312.813   110.213     4.64    9.36
  62599.623   110.878     2.32    7.69
