# NaN NaN NaN ;Mean Elev.(m), Avg Gradient(m/km), RMS Gradient(m/km) - SRTM1     
#   82.335  -0.305   7.449 ;Mean Elev.(m), Avg Gradient(m/km), RMS Gradient(m/km) - ASTER GDEM
#   91.032  -0.117   3.631 ;Mean Elev.(m), Avg Gradient(m/km), RMS Gradient(m/km) - GMTED2010 
   1 211.008364  66.029658    89.615    89.660  3 54664.94981581 32.905
   2 211.009190  66.030864    90.968    90.965  4 54674.86546063 48.264
   3 211.007074  66.032391   -12.059   -12.076  4 54684.78110377  5.306
   4 211.004025  66.033108    90.169    90.305  3 54694.69674533 49.978
   5 211.001058  66.032019   -11.171   -11.171  2 54704.61238435  1.125
   6 211.007600  66.029977    90.196    90.188  3 54714.52803606 46.374
   7 211.011256  66.028027   -21.807   -21.724  3 54724.44368674  2.360
   8 211.012862  66.027714    88.760    88.727  3 54734.35933513 34.532
   9 211.010257  66.029192    88.785    88.759  3 54744.27498194 42.407
  10 211.007980  66.030544    88.505    88.437  4 54754.19062840 40.653
  11 211.008997  66.030252    88.087    87.947  3 54764.10627429 43.991
  12 211.012398  66.028271   145.190   152.147  3 54774.02191767 11.617
  13 211.015453  66.026614    87.940    87.913  3 54783.93755838 30.196
  14 211.016058  66.026827    88.075    88.054  3 54793.85319689 25.375
  15 211.010731  66.028618   161.275   161.275  2 54803.76883395  0.347
  16 211.010111  66.030287    88.211    88.269  3 54813.68447108 18.775
  17 211.008247  66.030543    88.664    88.831  4 54823.60011500 18.694
  18 211.010155  66.029816    88.743    88.694  4 54833.51575524 17.058
  19 211.009850  66.029768    88.141    88.145  3 54843.43140522 16.298
  20 211.006712  66.030879    88.205    88.258  3 54853.34705393 15.556
  21 211.005332  66.032695    88.130    88.107  4 54863.26270256 16.307
  22 211.003298  66.033360    88.226    88.265  3 54873.17835097 17.490
  23 211.005708  66.032237    87.633    87.785  4 54883.09399751 18.423
  24 211.011128  66.029730    86.559    86.509  3 54893.00964092 21.799
  25 211.011999  66.027533    87.956    87.950  3 54902.92528119 15.049
  26 211.015289  66.027636    88.210    88.068  3 54912.84092038 10.243
  27 211.010550  66.029015    87.880    87.941  3 54922.75655799 10.170
  28 211.009567  66.030269    88.517    88.111  3 54932.67219518 10.202
  29 211.007586  66.029604    90.364    91.056  3 54942.58783045  9.225
  30 211.011481  66.027697    86.262    86.247  3 54952.50346438 31.883
  31 211.014831  66.026073    97.033    97.079  3 54962.41910764 46.225
  32 211.014484  66.026510    89.890    89.872  3 54972.33475622 51.848
  33 211.013625  66.028434    93.800    93.793  3 54982.25040379 31.870
  34 211.008638  66.030240    63.657    63.809  4 54992.16605068 12.111
  35 211.008122  66.030801    91.068    91.101  3 55002.08169726 50.106
  36 211.007820  66.030488    92.960    93.477  3 55011.99734201 29.326
  37 211.008567  66.029993    92.923    93.205  3 55021.91298540 30.997
  38 211.007777  66.030670    88.766    88.750  3 55031.82862775 49.586
  39 211.004909  66.031821    88.485    88.467  3 55041.74426922 49.427
  40 211.005382  66.032451    88.220    88.215  3 55051.65990947 38.110
  41 211.007740  66.031322    88.122    88.109  3 55061.57554767 47.685
  42 211.010741  66.029035    88.220    88.237  4 55071.49119057 47.841
  43 211.014183  66.027193    89.321    89.275  3 55081.40683961 49.927
  44 211.013247  66.027095    88.327    88.335  3 55091.32248660 46.108
  45 211.009395  66.028490    88.907    88.946  3 55101.23813278 40.547
  46 211.007581  66.030038    88.575    88.699  3 55111.15377871 45.303
  47 211.010364  66.029964   139.347   136.427  4 55121.06942304 25.522
  48 211.011028  66.028165    87.213    87.099  3 55130.98506434 44.696
  49 211.016222  66.026577    86.383    86.452  3 55140.90070408 45.308
  50 211.013373  66.026664    86.958    86.899  3 55150.81634232 36.486
  51 211.010442  66.028444    87.417    86.691  3 55160.73198059 30.262
  52 211.010589  66.030356    88.129    86.855  3 55170.64761874 30.724
  53 211.008376  66.030933    87.089    87.081  3 55180.56325523 31.220
  54 211.006998  66.030449    86.675    86.670  3 55190.47890322 29.390
  55 211.009268  66.030569    91.920    91.960  4 55200.39455376 19.726
  56 211.010023  66.031234    91.353    91.654  3 55210.31020349 20.019
  57 211.005394  66.031906    92.621    92.473  3 55220.22585227 18.423
  58 211.007262  66.031708    92.536    92.769  3 55230.14150063 18.451
  59 211.007833  66.030486    92.506    92.521  4 55240.05714564 17.912
  60 211.013403  66.028832    92.072    92.400  3 55249.97278750 17.334
  61 211.012869  66.027601    92.015    92.125  4 55259.88842650 17.326
  62 211.010701  66.027597    92.209    92.262  3 55269.80406459 17.062
  63 211.009299  66.028473    92.552    92.631  3 55279.71970265 15.496
  64 211.010030  66.029094    92.426    92.478  4 55289.63533963 14.335
  65 211.011483  66.028824    85.315    85.314  4 55299.55097427 20.705
  66 211.012833  66.027674    86.085    85.859  4 55309.46661894 28.025
  67 211.015445  66.026906    87.861    87.862  3 55319.38226501 43.738
  68 211.013060  66.027170    88.526    88.451  4 55329.29790963 49.710
  69 211.011166  66.028666    88.375    88.365  4 55339.21355397 49.588
  70 211.009450  66.030111    89.368    89.405  3 55349.12919800 49.654
  71 211.008047  66.030775    88.596    88.564  3 55359.04484009 35.900
  72 211.008847  66.030820    88.660    88.676  4 55368.96048022 42.836
  73 211.008726  66.030780    88.918    88.932  4 55378.87611878 46.708
  74 211.007100  66.031026    90.769    90.243  4 55388.79175647 29.406
  75 211.007211  66.031175    89.873    89.890  3 55398.70739334 44.850
  76 211.009600  66.030584    90.606    90.707  3 55408.62303903 50.831
  77 211.012051  66.029204    89.624    89.429  3 55418.53869000 50.249
  78 211.012883  66.027781    89.667    89.658  4 55428.45433738 35.200
  79 211.013881  66.027532    89.837    89.938  3 55438.36998217 48.663
  80 211.012568  66.028236    88.875    88.952  3 55448.28562540 45.373
  81 211.011728  66.028931    88.826    88.871  3 55458.20126838 49.403
  82 211.011038  66.028988    87.945    88.141  3 55468.11691065 47.659
  83 211.008342  66.028039    87.342    87.449  3 55478.03254946 46.065
  84 211.014734  66.027414    86.676    86.572  3 55487.94818602 42.785
  85 211.014445  66.027105    86.528    86.728  3 55497.86381971 45.317
  86 211.012490  66.028039    85.906    85.861  3 55507.77945738 42.497
  87 211.012589  66.029363    85.916    85.695  3 55517.69510775 41.280
  88 211.007378  66.030202    87.249    86.893  3 55527.61075670 37.391
  89 211.009835  66.030683    87.011    87.053  3 55537.52640438 31.683
  90 211.008047  66.030786    87.276    87.315  3 55547.44204942 28.951
  91 211.008392  66.031284    87.395    87.361  3 55557.35769289 30.778
  92 211.008355  66.031913    87.152    87.096  3 55567.27333546 28.243
  93 211.008420  66.031634    87.116    87.134  3 55577.18897729 26.104
  94 211.008876  66.030055    86.958    86.968  3 55587.10461710 25.429
  95 211.014160  66.028144    88.138    86.826  3 55597.02025422 22.970
  96 211.013545  66.026993    86.677    86.683  4 55606.93588793 22.989
  97 211.015571  66.027327    91.028    91.216  3 55616.85151984 18.656
  98 211.011973  66.028590    91.184    91.222  4 55626.76716320 16.650
  99 211.010582  66.029119    91.311    91.197  3 55636.68281479 15.698
 100 211.011996  66.028641    91.207    91.201  4 55646.59846457 14.947
 101 211.012721  66.027384    91.116    91.137  4 55656.51411147 15.043
 102 211.016204  66.026933    91.103    91.080  3 55666.42975425 12.263
 103 211.013611  66.027484    88.030    87.118  4 55676.34539360 11.725
 104 211.010398  66.028897    87.566    87.608  3 55686.26103111 28.945
 105 211.008797  66.030065    91.869    91.671  3 55696.17666761 49.553
 106 211.008472  66.030298    91.468    91.440  3 55706.09230294 48.335
 107 211.008648  66.030020    92.440    92.469  4 55716.00795225 34.498
 108 211.007653  66.030082    92.640    92.273  3 55725.92360094 28.849
 109 211.007591  66.030919    92.412    92.259  4 55735.83924789 27.671
 110 211.006153  66.031770    91.223    91.213  4 55745.75489345 50.362
 111 211.009145  66.031608    91.298    91.639  3 55755.67053758 32.481
 112 211.010067  66.029711    91.109    91.149  3 55765.58617906 50.511
 113 211.015142  66.027492    90.023    89.985  3 55775.50181804 47.677
 114 211.014582  66.026246    89.853    89.955  4 55785.41745353 48.649
 115 211.015251  66.027338    89.526    89.498  3 55795.33308714 46.395
 116 211.012617  66.029059    89.854    89.948  3 55805.24872601 50.782
 117 211.007663  66.029700    89.632    88.916  3 55815.16437488 26.315
 118 211.010772  66.028642    88.842    88.786  3 55825.08002193 33.961
 119 211.013474  66.027025    88.517    88.522  3 55834.99566438 48.793
 120 211.014028  66.026273    88.072    88.116  3 55844.91130299 45.813
 121 211.010709  66.027399    87.620    87.420  3 55854.82693843 46.081
 122 211.010740  66.029584    86.671    86.681  4 55864.74257795 44.155
 123 211.008445  66.031124    85.396    85.324  4 55874.65823100 40.805
 124 211.009943  66.031144    86.330    86.268  3 55884.57387880 33.191
 125 211.006791  66.030335    86.735    86.691  3 55894.48952013 27.845
 126 211.008851  66.029886    86.917    86.887  4 55904.40515656 28.694
 127 211.009407  66.030569    88.377    87.375  4 55914.32079667 27.186
 128 211.006791  66.031524    89.196    90.214  3 55924.23645039 26.623
 129 211.005369  66.031508    89.411    90.411  3 55934.15210110 24.700
 130 211.009790  66.029763    87.779    86.868  4 55944.06774772 25.224
 131 211.013058  66.027288    90.046    90.121  4 55953.98338989 18.439
 132 211.015178  66.026161    87.723    87.756  4 55963.89902905 17.883
 133 211.012094  66.027202    89.240    89.947  3 55973.81466610 16.874
 134 211.009570  66.029298    88.608    89.034  3 55983.73030207 17.111
 135 211.007176  66.030030    87.635    87.722  3 55993.64593588 16.912
 136 211.012719  66.029128    87.534    87.270  3 56003.56158649 15.452
 137 211.014275  66.027061    89.111    90.068  3 56013.47723561 15.526
 138 211.016467  66.026437    88.354    88.949  3 56023.39288155 16.229
 139 211.011332  66.027852    88.474    87.674  3 56033.30852440 13.787
 140 211.008653  66.030328    88.192    86.805  3 56043.22416540 31.011
 141 211.006616  66.031839    89.379    89.427  4 56053.13980382 39.488
 142 211.007540  66.031589    88.667    88.634  4 56063.05543926 46.738
 143 211.008097  66.030282    90.845    90.842  3 56072.97108064 34.449
 144 211.009227  66.029836    92.101    92.069  3 56082.88673083 31.404
 145 211.010667  66.030445    91.150    91.050  3 56092.80237862 48.591
 146 211.008265  66.031323    90.685    90.707  3 56102.71802382 49.166
 147 211.007614  66.031006    90.596    90.508  4 56112.63365473 32.931
 148 211.010899  66.029499    90.805    90.852  3 56122.54929390 43.821
 149 211.013590  66.027261    90.149    90.138  4 56132.46492915 31.177
 150 211.013477  66.026214    90.284    89.369  3 56142.38056603 31.913
 151 211.013537  66.027326    89.517    89.668  3 56152.29621686 48.470
 152 211.010616  66.029229    89.058    89.064  3 56162.21186581 49.690
 153 211.008432  66.030207    88.656    88.575  4 56172.12751289 48.563
 154 211.010257  66.029446    88.853    88.829  3 56182.04315562 28.763
 155 211.015045  66.027927    89.745    89.383  3 56191.95879482 24.556
 156 211.012465  66.026956    88.580    88.608  3 56201.87443064 46.981
 157 211.012897  66.028178    88.006    87.976  4 56211.79006478 48.925
 158 211.007894  66.030199    87.511    87.142  3 56221.70569652 46.413
 159 211.008098  66.032064    85.565    85.662  3 56231.62135018 42.523
 160 211.007495  66.032064    86.298    86.317  4 56241.53700277 35.939
 161 211.006084  66.031032    87.117    87.087  3 56251.45265108 32.629
 162 211.009839  66.030237    87.160    87.135  3 56261.36829518 30.855
 163 211.008402  66.030211    87.043    87.068  3 56271.28393662 28.601
 164 211.007997  66.030553    86.840    86.904  3 56281.19957718 27.332
 165 211.010170  66.030699    86.853    86.858  3 56291.11522968 28.770
 166 211.009452  66.029394    86.601    86.516  3 56301.03087741 27.896
 167 211.012502  66.027755    86.581    86.551  3 56310.94652132 28.721
 168 211.012272  66.026966    86.617    86.542  3 56320.86216269 18.458
 169 211.014623  66.027982    86.611    86.493  3 56330.77780368 18.672
 170 211.009007  66.029217    86.665    86.623  3 56340.69344336 18.975
 171 211.011319  66.029993    86.552    86.558  3 56350.60908151 17.659
 172 211.010135  66.029097    86.553    86.432  3 56360.52471941 18.552
 173 211.012954  66.028096    86.650    86.496  3 56370.44036945 16.414
 175 211.012677  66.029555    87.627    86.719  3 56390.27166157 15.822
 176 211.007931  66.031165    86.729    86.687  3 56400.18730440 16.990
 177 211.005704  66.032037    85.789    85.860  4 56410.10294482 21.016
 178 211.007856  66.031767    85.572    85.646  3 56420.01858086 20.051
 179 211.008902  66.030928    86.534    86.435  3 56429.93421709 31.383
 180 211.008258  66.030640    92.578    92.564  4 56439.84987029 51.618
 181 211.007988  66.030642    95.188    95.153  3 56449.76552105 35.085
 182 211.009815  66.030606    92.720    92.468  3 56459.68116979 33.032
 183 211.009694  66.029719    90.314    90.327  4 56469.59681500 45.448
 184 211.011046  66.028785    90.112    90.115  4 56479.51245649 48.812
 185 211.014330  66.028060    89.885    89.890  3 56489.42809420 44.578
 186 211.013743  66.028032    89.486    89.440  3 56499.34372909 49.586
 187 211.011886  66.028402    89.614    89.477  3 56509.25936261 49.583
 188 211.013095  66.029113    89.894    88.508  3 56519.17500370 36.043
 189 211.010343  66.029295    88.833    88.856  3 56529.09065730 46.218
 190 211.008810  66.029034    88.828    88.914  3 56539.00630688 44.956
 191 211.011868  66.028810    89.781    88.908  4 56548.92195269 33.135
 192 211.010125  66.029241    90.432    90.147  4 56558.83759562 32.282
 193 211.009725  66.030364    88.832    88.760  4 56568.75323776 45.192
 194 211.005199  66.031532    88.336    88.340  3 56578.66887823 48.194
 195 211.004651  66.031824    87.690    87.776  3 56588.58451529 46.909
 196 211.005231  66.031340    87.059    86.832  3 56598.50015864 43.967
 197 211.009995  66.030879    86.038    85.747  3 56608.41581018 42.030
 198 211.007738  66.030780    86.729    86.707  3 56618.33145618 30.836
 199 211.009890  66.030980    89.651    89.693  3 56628.24709931 25.940
 200 211.008521  66.030472    87.651    87.606  4 56638.16273920 31.598
 201 211.008847  66.029145    88.771    89.052  3 56648.07838246 22.321
 202 211.012788  66.028030    89.574    89.610  4 56657.99403453 20.321
 203 211.014452  66.027676    88.734    89.058  3 56667.90968218 18.618
 204 211.013367  66.028635    89.534    89.277  3 56677.82532707 17.591
 205 211.010751  66.029743    89.806    89.804  4 56687.74097052 18.685
 206 211.008060  66.029895    89.176    89.177  3 56697.65661175 19.176
 207 211.008929  66.029100    88.216    88.142  3 56707.57224867 17.543
 208 211.013062  66.028374    88.054    88.009  3 56717.48788531 17.314
 209 211.009282  66.028651    59.806    59.797  3 56727.40353781 10.188
 210 211.007363  66.030158    87.951    87.969  3 56737.31918654 17.003
 211 211.008292  66.032002    88.109    87.865  3 56747.23483201 16.591
 212 211.004377  66.032340    88.266    88.021  3 56757.15047259 16.341
 213 211.007347  66.031663    85.972    86.019  4 56767.06610792 21.466
 214 211.007917  66.030598    89.822    91.592  3 56776.98175131 33.026
 215 211.009526  66.030608    91.810    91.860  3 56786.89740774 49.070
 216 211.009533  66.031237    91.994    91.181  3 56796.81306045 34.567
 217 211.005492  66.031556    90.040    90.048  3 56806.72870783 48.093
 218 211.009173  66.030852    90.957    90.984  3 56816.64434959 48.610
 219 211.010982  66.029132    90.272    90.265  4 56826.55998767 49.597
 220 211.013862  66.027571    22.188    21.899  3 56836.47562244 24.413
 221 211.013885  66.027527    90.082    90.078  3 56846.39125389 35.356
 222 211.009799  66.028747    90.443    90.676  3 56856.30690271 48.331
 223 211.009361  66.030290    89.883    89.807  3 56866.22255615 48.977
 224 211.009374  66.030445    89.844    89.772  4 56876.13820842 49.916
 225 211.009614  66.029717    89.432    89.525  4 56886.05385759 49.333
 226 211.009064  66.028765    90.081    90.128  3 56895.96950385 47.580
 227 211.009364  66.029252    92.320    93.200  3 56905.88514722 20.338
 228 211.007143  66.030940    89.192    89.062  3 56915.80078818 47.771
 229 211.004918  66.032674    89.811    89.710  4 56925.71642728 34.394
 230 211.004555  66.033105    88.907    88.883  3 56935.63206335 48.188
 231 211.005121  66.031810    87.849    87.898  3 56945.54769417 37.576
 232 211.006823  66.030196    87.823    87.860  3 56955.46334566 42.936
 233 211.009572  66.029637    86.591    86.376  4 56965.37899525 41.740
 234 211.007825  66.030444    86.829    86.884  3 56975.29464002 41.335
 235 211.006741  66.031471    87.100    87.044  4 56985.21028039 39.100
 236 211.008280  66.030987    87.722    87.735  4 56995.12591564 35.439
 237 211.011028  66.028917    87.328    87.288  3 57005.04155697 26.704
 238 211.012308  66.027024    87.569    87.559  3 57014.95721241 22.858
 239 211.014527  66.027092    87.343    87.305  3 57024.87286344 23.878
 240 211.009977  66.029040    87.037    87.038  3 57034.78851161 23.930
 241 211.008313  66.030920    86.793    86.745  3 57044.70415753 25.619
 242 211.010085  66.031198    86.456    86.557  3 57054.61980081 25.222
 243 211.010446  66.029611    86.678    86.668  4 57064.53543911 23.131
 244 211.013717  66.028569    86.587    86.706  3 57074.45107287 22.120
 245 211.011572  66.028911    86.885    87.077  4 57084.36670279 23.091
 246 211.008518  66.031146    86.171    85.779  3 57094.28235498 26.243
 247 211.005267  66.033112    86.197    85.940  4 57104.19801142 25.472
 248 211.003819  66.033375    85.812    85.830  4 57114.11366384 26.057
 249 211.006495  66.031848    86.162    85.896  4 57124.02931045 24.498
 250 211.009692  66.030116    86.198    86.040  3 57133.94495177 18.707
 251 211.009830  66.029333    86.981    86.978  3 57143.86058830 35.174
 252 211.011107  66.030098    88.547    88.385  3 57153.77622228 48.034
 253 211.009827  66.030857    92.650    92.685  3 57163.69185780 35.154
 254 211.008443  66.030833    92.044    92.040  3 57173.60751456 49.658
 255 211.010635  66.029340    90.035    90.036  4 57183.52316836 38.716
 256 211.010482  66.027502    89.142    89.212  3 57193.43881805 49.958
 257 211.011898  66.027282    88.670    88.705  3 57203.35446554 49.782
 258 211.012706  66.028922    89.696    89.734  3 57213.27009966 50.401
 259 211.009083  66.030755    91.031    91.607  3 57223.18574319 25.227
 260 211.006659  66.031282    88.915    88.930  4 57233.10138515 42.526
 261 211.008100  66.030457    89.543    89.465  3 57243.01702455 43.926
 262 211.010338  66.029260    89.897    89.309  3 57252.93266148 24.870
 263 211.009358  66.029393    90.755    91.040  3 57262.84829655 27.192
 264 211.006809  66.031012    91.041    90.851  3 57272.76393262 48.295
 265 211.005901  66.032976    90.985    90.381  4 57282.67958998 34.833
 266 211.004858  66.033275    90.057    89.859  4 57292.59524470 49.638
 267 211.004883  66.031800    89.052    88.966  3 57302.51089613 44.174
 268 211.008001  66.029934    88.457    88.299  3 57312.42654402 46.818
 269 211.008496  66.029110    88.233    88.070  3 57322.34218844 47.072
 270 211.010551  66.029838    87.705    87.655  3 57332.25783090 47.287
 271 211.007816  66.030844    86.071    85.877  4 57342.17347091 39.980
 272 211.007516  66.030797    87.251    87.243  3 57352.08912278 33.991
 273 211.011910  66.029535    87.693    87.704  3 57362.00476758 28.682
 274 211.014201  66.027804    88.481    88.473  3 57371.92040894 24.916
 275 211.013752  66.027576    88.268    88.301  3 57381.83604814 24.256
 276 211.009597  66.028739    88.228    88.335  3 57391.75168640 24.607
 277 211.008969  66.030321    88.121    88.059  4 57401.66732404 25.707
 278 211.007291  66.030800    88.087    87.936  3 57411.58296578 21.228
 279 211.009424  66.030406    88.418    88.474  3 57421.49861790 21.113
 280 211.010502  66.030099    88.316    87.584  3 57431.41426728 20.786
 281 211.007247  66.030544    88.244    88.412  3 57441.32991437 20.821
 282 211.005318  66.031785    87.739    87.460  3 57451.24556078 21.137
 283 211.004871  66.032666    87.646    87.289  3 57461.16120577 20.432
 284 211.006460  66.032403    87.672    87.677  4 57471.07684752 19.944
 285 211.008750  66.031125    86.880    86.889  4 57480.99248531 19.754
 286 211.008909  66.029647    86.818    86.801  3 57490.90811986 22.270
 287 211.012671  66.029148    87.467    87.472  3 57500.82375272 20.863
 288 211.008993  66.029327    89.736    89.723  3 57510.73939932 43.761
 289 211.009531  66.029848    91.342    91.380  4 57520.65505495 49.167
 290 211.009481  66.029810    91.958    91.432  4 57530.57070794 33.256
 291 211.009853  66.029008    91.660    91.658  3 57540.48635767 49.478
 292 211.011600  66.028207    90.005    89.991  3 57550.40200472 49.129
 293 211.011504  66.028183    89.779    89.728  3 57560.31765025 33.029
 294 211.011460  66.029213    89.658    89.725  4 57570.23329529 48.587
 295 211.009697  66.030299    90.276    90.220  4 57580.14893994 27.764
 296 211.007715  66.030774    90.398    90.315  4 57590.06458287 26.428
 297 211.008410  66.030670    90.114    90.120  4 57599.98022329 48.395
