-135758.940    80.443     0.00    0.77
-135472.588    80.666     0.78    0.88
-135186.238    81.028     1.26    1.12
-134899.888    81.548     1.81    1.31
-134613.540    82.101     1.93    1.30
-134327.193    82.632     1.85    1.13
-134040.847    83.048     1.45    0.95
-133754.503    83.403     1.24    0.66
-133468.159    83.647     0.85    0.42
-133181.817    83.695     0.17    0.45
-132895.475    83.838     0.50    1.08
-132609.135    84.246     1.43    2.05
-132322.796    85.071     2.88    3.12
-132036.458    86.654     5.53    4.92
-131750.122    88.618     6.86    6.23
-131463.786    90.231     5.63    6.35
-131177.452    91.294     3.71    5.81
-130891.118    91.906     2.14    5.44
-130604.786    92.372     1.63    5.13
-130318.455    92.777     1.41    4.94
-130032.125    93.427     2.27    4.90
-129745.796    94.382     3.34    5.02
-129459.468    95.206     2.88    4.96
-129173.142    96.133     3.24    4.76
-128886.817    96.713     2.03    4.52
-128600.492    96.553    -0.56    4.98
-128314.169    96.173    -1.33    5.19
-128027.847    95.749    -1.48    5.00
-127741.526    95.535    -0.75    4.47
-127455.207    95.597     0.22    4.19
-127168.888    95.777     0.63    4.46
-126882.571    96.376     2.09    4.88
-126596.254    97.539     4.06    5.23
-126309.939    98.790     4.37    6.01
-126023.625   100.382     5.56    6.86
-125737.312   102.489     7.36    7.72
-125451.000   105.218     9.53    8.73
-125164.690   107.853     9.20    9.08
-124878.380   110.784    10.24    8.77
-124592.072   113.055     7.93    8.44
-124305.765   114.985     6.74    7.88
-124019.459   116.528     5.39    7.34
-123733.154   117.706     4.11    6.71
-123446.850   118.706     3.49    5.97
-123160.547   119.523     2.86    5.34
-122874.246   120.252     2.55    4.70
-122587.945   120.684     1.51    4.01
-122301.646   120.756     0.25    3.49
-122015.348   120.068    -2.40    3.63
-121729.051   118.818    -4.37    4.58
-121442.755   117.386    -5.00    5.29
-121156.460   115.957    -4.99    5.62
-120870.167   114.571    -4.84    5.55
-120583.874   113.373    -4.19    5.37
-120297.583   112.577    -2.78    5.32
-120011.265   112.294    -0.99    5.29
-119724.650   112.339     0.16    5.35
-119438.038   112.298    -0.14    5.45
-119151.427   112.719     1.47    5.31
-118864.818   112.996     0.97    5.18
-118578.211   113.691     2.43    4.94
-118291.606   114.550     2.99    4.77
-118005.002   115.677     3.93    4.83
-117718.401   116.927     4.36    4.88
-117431.801   118.606     5.86    5.15
-117145.203   120.058     5.07    5.37
-116858.607   121.525     5.12    5.84
-116572.013   123.400     6.54    7.02
-116285.421   126.845    12.02   10.94
-115998.831   134.158    25.52   22.12
-115712.242   147.476    46.47   38.38
-115425.656   165.882    64.22   55.33
-115139.071   188.642    79.42   69.70
-114852.488   214.861    91.49   82.30
-114565.907   242.382    96.03   89.33
-114279.328   267.220    86.67   90.26
-113992.751   291.450    84.55   85.25
-113706.175   313.028    75.30   76.78
-113419.602   324.770    40.97   66.20
-113133.030   330.129    18.70   56.11
-112846.460   326.301   -13.36   50.15
-112559.893   314.668   -40.59   49.83
-112273.326   297.525   -59.82   53.32
-111986.762   276.367   -73.83   55.50
-111700.200   251.224   -87.74   55.51
-111413.639   226.148   -87.51   51.98
-111127.081   202.841   -81.33   44.91
-110840.524   183.127   -68.80   36.77
-110553.969   167.105   -55.91   29.44
-110267.416   154.612   -43.60   22.76
-109980.865   145.947   -30.24   17.51
-109694.316   140.170   -20.16   12.87
-109407.768   136.736   -11.98    9.78
-109121.223   134.607    -7.43    7.98
-108834.679   133.546    -3.70    7.23
-108548.137   133.328    -0.76    7.07
-108261.597   133.999     2.34    7.83
-107975.059   135.441     5.03    9.74
-107688.523   137.453     7.02   11.82
-107401.988   141.009    12.41   15.19
-107115.456   147.608    23.03   23.05
-106828.925   159.541    41.65   35.32
-106542.396   175.756    56.59   46.55
-106255.869   198.000    77.64   59.03
-105969.344   223.595    89.33   64.94
-105682.821   250.902    95.30   66.86
-105396.300   276.846    90.55   66.09
-105109.780   297.872    73.38   66.02
-104823.263   314.137    56.77   63.48
-104536.747   330.770    58.05   62.42
-104250.233   347.673    59.00   60.36
-103963.721   366.094    64.29   56.74
-103677.211   381.301    53.08   48.19
-103390.702   392.122    37.77   38.58
-103104.196   396.968    16.92   30.89
-102817.691   395.169    -6.28   28.29
-102531.189   386.334   -30.84   31.69
-102244.688   370.869   -53.98   35.42
-101958.189   354.046   -58.72   35.40
-101671.691   338.729   -53.46   34.73
-101385.196   323.304   -53.84   31.22
-101098.703   309.253   -49.04   26.10
-100812.211   297.280   -41.79   18.13
-100525.722   289.478   -27.23   13.46
-100239.234   285.714   -13.14   10.49
 -99952.748   284.770    -3.30   10.82
 -99666.264   284.882     0.39   11.22
 -99379.781   285.988     3.86   11.61
 -99093.301   289.666    12.84   12.90
 -98806.822   296.333    23.27   16.31
 -98520.346   305.315    31.35   22.87
 -98233.871   317.664    43.11   31.94
 -97947.398   333.555    55.47   41.14
 -97660.927   353.423    69.35   49.48
 -97374.458   374.239    72.67   54.93
 -97087.990   393.280    66.47   56.52
 -96801.525   410.067    58.60   56.16
 -96515.061   425.578    54.15   54.48
 -96228.599   441.673    56.19   52.14
 -95942.140   451.890    35.67   46.73
 -95655.681   456.676    16.71   43.92
 -95369.225   463.926    25.31   42.15
 -95082.771   473.670    34.02   42.00
 -94796.318   485.434    41.07   46.46
 -94509.868   500.294    51.88   51.68
 -94223.419   520.618    70.95   57.96
 -93936.972   541.838    74.08   56.94
 -93650.527   555.513    47.74   51.73
 -93364.084   561.457    20.75   45.23
 -93077.643   560.124    -4.65   46.20
 -92791.203   557.742    -8.32   52.68
 -92504.766   559.714     6.88   57.83
 -92218.330   567.023    25.52   62.85
 -91931.896   579.616    43.96   68.23
 -91645.464   594.861    53.23   68.16
 -91359.034   616.436    75.33   57.22
 -91072.606   633.720    60.34   45.56
 -90786.179   639.979    21.85   49.57
 -90499.755   638.925    -3.68   63.13
 -90213.332   630.270   -30.22   78.36
 -89926.911   615.443   -51.76   88.68
 -89640.492   596.797   -65.10   88.26
 -89354.075   572.920   -83.37   87.38
 -89067.660   546.831   -91.09   82.93
 -88781.246   528.991   -62.29   71.35
 -88494.835   520.832   -28.49   58.29
 -88208.425   515.169   -19.77   55.64
 -87922.017   506.223   -31.24   54.36
 -87635.611   492.174   -49.05   54.24
 -87349.207   479.205   -45.28   56.67
 -87062.805   474.705   -15.71   63.27
 -86776.405   466.819   -27.53   77.60
 -86490.006   457.991   -30.83   85.27
 -86203.609   455.599    -8.35   90.55
 -85917.215   462.552    24.28   95.44
 -85630.822   477.566    52.42   97.08
 -85344.431   489.532    41.78   89.55
 -85058.041   493.929    15.35   75.79
 -84771.654   492.028    -6.63   66.60
 -84485.269   495.143    10.87   62.18
 -84198.885   509.016    48.44   60.48
 -83912.503   529.230    70.59   60.42
 -83626.123   551.200    76.72   55.91
 -83339.745   564.112    45.09   48.26
 -83053.369   569.448    18.63   42.09
 -82766.995   563.000   -22.51   51.82
 -82480.622   545.156   -62.31   62.35
 -82194.251   520.956   -84.51   62.72
 -81907.883   501.715   -67.19   54.89
 -81621.516   490.301   -39.86   50.83
 -81335.151   490.838     1.88   57.34
 -81048.788   503.680    44.84   66.88
 -80762.426   525.495    76.18   70.70
 -80476.067   550.719    88.09   63.58
 -80189.709   565.546    51.78   51.39
 -79903.353   570.805    18.36   41.00
 -79616.999   567.119   -12.87   37.44
 -79330.647   553.548   -47.39   45.64
 -79044.297   533.512   -69.97   55.65
 -78757.949   507.092   -92.27   63.26
 -78471.602   479.277   -97.14   65.10
 -78185.258   452.559   -93.31   63.25
 -77898.915   426.496   -91.02   58.58
 -77612.574   404.641   -76.33   52.85
 -77326.235   386.396   -63.72   47.65
 -77039.898   372.089   -49.96   45.83
 -76753.563   362.910   -32.06   48.37
 -76467.229   354.238   -30.29   50.05
 -76180.897   342.791   -39.98   51.08
 -75894.568   329.678   -45.80   51.32
 -75608.240   315.855   -48.28   49.93
 -75321.914   301.245   -51.02   46.39
 -75035.590   287.530   -47.90   38.52
 -74749.267   277.575   -34.77   29.45
 -74462.947   275.301    -7.94   30.55
 -74176.628   279.204    13.63   41.56
 -73890.311   287.270    28.17   52.66
 -73603.997   293.501    21.76   58.90
 -73317.684   299.311    20.29   61.78
 -73031.372   302.245    10.25   59.71
 -72745.063   294.401   -27.40   53.80
 -72458.756   284.011   -36.29   50.17
 -72172.450   270.706   -46.47   45.78
 -71886.146   257.174   -47.26   42.24
 -71599.844   243.273   -48.55   36.73
 -71313.544   231.337   -41.69   32.62
 -71027.246   220.577   -37.58   28.95
 -70740.950   210.893   -33.82   25.10
 -70454.655   203.852   -24.60   22.69
 -70168.363   197.051   -23.76   20.06
 -69882.072   191.212   -20.39   18.06
 -69595.783   186.321   -17.08   16.35
 -69309.496   183.370   -10.31   16.55
 -69023.211   182.860    -1.78   19.38
 -68736.928   183.755     3.13   22.91
 -68450.646   186.756    10.48   26.81
 -68164.367   191.805    17.64   29.56
 -67878.089   198.657    23.93   30.45
 -67591.813   206.756    28.29   31.09
 -67305.539   213.108    22.19   32.26
 -67019.267   218.617    19.25   32.50
 -66732.996   220.037     4.96   31.80
 -66446.728   215.315   -16.49   33.74
 -66160.461   203.886   -39.92   38.19
 -65874.197   187.294   -57.96   40.97
 -65587.934   167.859   -67.89   41.49
 -65301.673   150.492   -60.67   36.15
 -65015.413   137.918   -43.92   28.07
 -64729.156   129.277   -30.19   19.42
 -64442.901   124.323   -17.31   12.77
 -64156.647   122.557    -6.17   11.37
 -63870.395   124.238     5.87   13.09
 -63584.145   130.241    20.97   17.24
 -63297.897   139.611    32.74   24.05
 -63011.651   151.475    41.45   27.45
 -62725.407   162.559    38.72   26.04
 -62439.164   172.165    33.56   21.77
 -62152.924   178.416    21.84   18.50
 -61866.685   181.110     9.41   19.50
 -61580.448   178.688    -8.46   23.70
 -61294.213   171.832   -23.95   26.45
 -61007.980   161.784   -35.11   26.54
 -60721.748   151.996   -34.19   27.05
 -60435.519   143.202   -30.72   26.76
 -60149.291   134.301   -31.10   25.58
 -59863.065   125.876   -29.44   24.37
 -59576.841   117.091   -30.69   21.66
 -59290.619   109.063   -28.05   19.11
 -59004.399   101.522   -26.35   17.67
 -58718.181    93.916   -26.57   16.14
 -58431.964    86.523   -25.83   15.44
 -58145.682    79.441   -24.74   14.79
 -57858.989    72.332   -24.80   14.25
 -57572.299    68.009   -15.08   12.72
 -57285.611    65.917    -7.30   14.12
 -56998.926    69.241    11.59   21.04
 -56712.243    78.819    33.41   29.85
 -56425.563    90.939    42.28   36.22
 -56138.886   104.902    48.71   36.86
 -55852.211   120.487    54.37   30.19
 -55565.539   130.879    36.25   22.57
 -55278.869   137.151    21.88   13.47
 -54992.202   138.420     4.43   11.30
 -54705.538   136.369    -7.15   12.05
 -54418.876   134.351    -7.04   12.12
 -54132.217   132.535    -6.33   11.79
 -53845.560   131.935    -2.10   11.24
 -53558.906   131.117    -2.85   11.11
 -53272.254   128.784    -8.14   11.16
 -52985.606   125.314   -12.10   12.58
 -52698.959   120.525   -16.71   14.30
 -52412.316   115.708   -16.80   14.71
 -52125.674   111.611   -14.29   12.51
 -51839.036   109.477    -7.45   10.31
 -51552.400   110.770     4.51   11.32
 -51265.767   115.025    14.85   14.34
 -50979.136   121.004    20.86   14.90
 -50692.508   128.058    24.61   14.84
 -50405.882   135.027    24.31   16.61
 -50119.259   143.982    31.25   20.35
 -49832.639   156.708    44.40   26.79
 -49546.021   171.653    52.14   31.72
 -49259.405   186.924    53.28   32.99
 -48972.793   201.119    49.53   31.50
 -48686.183   213.256    42.35   27.89
 -48399.575   221.224    27.80   24.44
 -48112.970   227.002    20.16   24.15
 -47826.368   230.464    12.08   28.46
 -47539.768   235.068    16.06   33.52
 -47253.171   240.585    19.25   39.43
 -46966.577   249.997    32.84   46.10
 -46679.985   264.443    50.41   51.43
 -46393.395   282.101    61.61   55.51
 -46106.808   304.826    79.30   62.28
 -45820.224   330.777    90.55   64.66
 -45533.643   356.238    88.84   63.37
 -45247.064   378.167    76.52   57.26
 -44960.487   392.639    50.50   52.93
 -44673.913   402.722    35.19   47.61
 -44387.342   406.229    12.24   45.23
 -44100.773   401.981   -14.82   46.37
 -43814.207   389.884   -42.21   51.90
 -43527.644   381.119   -30.59   53.73
 -43241.083   370.230   -38.00   53.56
 -42954.524   360.110   -35.32   50.80
 -42667.969   350.956   -31.94   47.10
 -42381.415   341.908   -31.58   43.67
 -42094.865   336.112   -20.22   42.32
 -41808.317   331.348   -16.63   41.70
 -41521.771   327.373   -13.87   39.03
 -41235.229   319.639   -26.99   37.81
 -40948.688   310.791   -30.88   38.37
 -40662.151   302.528   -28.84   37.29
 -40375.616   294.417   -28.31   38.20
 -40089.083   292.748    -5.83   39.43
 -39802.553   293.337     2.05   39.82
 -39516.026   292.232    -3.86   38.63
 -39229.501   289.681    -8.90   37.48
 -38942.979   288.756    -3.23   36.58
 -38656.459   286.326    -8.48   34.97
 -38369.942   282.654   -12.82   36.01
 -38083.428   274.791   -27.44   39.08
 -37796.916   270.280   -15.74   42.83
 -37510.407   266.252   -14.06   42.85
 -37223.900   258.108   -28.43   43.33
 -36937.396   247.124   -38.34   45.01
 -36650.895   231.756   -53.64   44.65
 -36364.396   224.935   -23.81   42.46
 -36077.899   220.518   -15.42   40.15
 -35791.406   212.993   -26.27   39.26
 -35504.914   211.048    -6.79   38.25
 -35218.426   211.124     0.27   38.25
 -34931.940   209.539    -5.53   37.10
 -34645.456   207.741    -6.27   35.73
 -34358.976   202.654   -17.76   35.52
 -34072.497   198.565   -14.27   37.06
 -33786.022   195.688   -10.04   41.15
 -33499.549   186.267   -32.89   42.16
 -33213.078   176.811   -33.01   40.91
 -32926.610   170.165   -23.20   38.41
 -32640.145   168.065    -7.33   37.73
 -32353.682   166.969    -3.82   35.33
 -32067.222   165.188    -6.22   36.17
 -31780.764   165.883     2.43   34.79
 -31494.309   165.656    -0.79   33.11
 -31207.857   160.182   -19.11   31.48
 -30921.407   152.874   -25.51   28.59
 -30634.960   148.257   -16.12   28.42
 -30348.515   147.653    -2.11   29.89
 -30062.073   143.604   -14.13   32.20
 -29775.633   134.464   -31.91   32.14
 -29489.196   125.628   -30.85   30.79
 -29202.762   115.989   -33.65   28.61
 -28916.330   106.798   -32.09   25.31
 -28629.901    97.924   -30.98   23.37
 -28343.474    90.798   -24.88   22.48
 -28057.050    83.338   -26.04   21.63
 -27770.629    76.122   -25.20   20.39
 -27484.210    68.439   -26.82   18.53
 -27197.794    61.501   -24.22   15.50
 -26911.380    55.417   -21.24   12.04
 -26624.969    50.664   -16.60    8.60
 -26338.560    46.819   -13.42    6.80
 -26052.154    43.291   -12.32    7.20
 -25765.751    39.974   -11.58    7.49
 -25479.350    37.441    -8.84    7.06
 -25192.952    34.831    -9.11    6.11
 -24906.556    32.525    -8.05    4.83
 -24620.163    30.239    -7.98    3.57
 -24333.773    28.508    -6.05    3.82
 -24047.385    27.238    -4.44    4.19
 -23760.999    26.064    -4.10    4.05
 -23474.617    25.009    -3.68    3.81
 -23188.237    23.496    -5.28    3.60
 -22901.859    22.124    -4.79    3.48
 -22615.484    21.478    -2.26    3.48
 -22329.111    20.702    -2.71    3.44
 -22042.742    19.777    -3.23    3.32
 -21756.374    18.682    -3.82    2.53
 -21470.010    17.964    -2.51    1.67
 -21183.647    17.505    -1.60    1.57
 -20897.288    16.798    -2.47    1.66
 -20610.931    16.131    -2.33    1.82
 -20324.577    15.415    -2.50    1.89
 -20038.225    14.679    -2.57    1.84
 -19751.875    13.825    -2.98    1.58
 -19465.529    13.022    -2.81    1.54
 -19179.185    12.032    -3.46    2.25
 -18892.843    10.549    -5.18    3.29
 -18606.504     8.881    -5.83    4.03
 -18320.168     7.394    -5.19    4.23
 -18033.834     5.819    -5.50    3.99
 -17747.503     4.344    -5.15    3.33
 -17461.174     3.168    -4.11    2.27
 -17174.848     2.416    -2.63    1.28
 -16888.525     1.996    -1.47    0.59
 -16602.204     1.825    -0.60    0.20
 -16315.886     1.784    -0.14    0.00
 -16029.570     1.784     0.00    0.00
 -15743.257     1.784     0.00    0.00
 -15456.946     1.784     0.00    0.00
 -15170.638     1.826     0.15    0.20
 -14884.333     1.910     0.29    0.33
 -14598.030     2.065     0.54    0.48
 -14311.730     2.252     0.65    0.55
 -14025.432     2.418     0.58    0.56
 -13739.137     2.478     0.21    0.52
 -13452.844     2.437    -0.14    0.49
 -13166.554     2.349    -0.31    0.50
 -12880.267     2.230    -0.41    0.50
 -12593.982     2.050    -0.63    0.44
 -12307.700     1.889    -0.56    0.33
 -12021.420     1.769    -0.42    0.27
 -11735.143     1.572    -0.69    0.46
 -11448.868     1.344    -0.80    0.63
 -11162.597     1.192    -0.53    0.63
 -10876.327     1.094    -0.34    0.57
 -10590.060     1.090    -0.01    0.54
 -10303.796     1.124     0.12    0.54
 -10017.534     1.238     0.40    0.51
  -9731.275     1.417     0.63    0.48
  -9445.019     1.592     0.61    0.39
  -9158.765     1.719     0.44    0.25
  -8872.514     1.728     0.03    0.23
  -8586.265     1.687    -0.14    0.30
  -8300.019     1.620    -0.23    0.37
  -8013.775     1.585    -0.12    0.40
  -7727.534     1.570    -0.05    0.41
  -7441.296     1.595     0.09    0.39
  -7155.060     1.606     0.04    0.38
  -6868.826     1.636     0.10    0.36
  -6582.596     1.691     0.19    0.29
  -6296.367     1.713     0.08    0.26
  -6010.142     1.728     0.05    0.23
  -5723.919     1.763     0.12    0.14
  -5437.698     1.777     0.05    0.08
  -5151.480     1.770    -0.02    0.12
  -4865.265     1.770     0.00    0.12
  -4579.052     1.777     0.02    0.08
  -4292.842     1.784     0.02    0.00
  -4006.635     1.784     0.00    0.00
  -3720.430     1.784     0.00    0.00
  -3434.227     1.784     0.00    0.00
  -3148.027     1.784     0.00    0.00
  -2861.830     1.784     0.00    0.00
  -2575.635     1.784     0.00    0.00
  -2289.443     1.784     0.00    0.00
  -2003.253     1.784     0.00    0.00
  -1717.066     1.784     0.00    0.00
  -1430.882     1.720    -0.22    0.30
  -1144.700     1.562    -0.55    0.56
   -858.521     1.287    -0.96    0.81
   -572.344     0.955    -1.16    0.93
   -286.170     0.666    -1.01    0.93
      0.002     0.335    -1.16    0.80
    286.171     0.199    -0.48    0.71
    572.337     0.205     0.02    0.73
    858.501     0.421     0.75    0.85
   1144.662     0.748     1.14    0.91
   1430.821     1.079     1.15    0.92
   1716.977     1.498     1.47    0.87
   2003.131     1.812     1.10    0.84
   2289.282     2.060     0.87    0.77
   2575.430     2.304     0.85    0.55
   2861.576     2.471     0.58    0.47
   3147.719     2.592     0.42    0.40
   3433.860     2.633     0.14    0.36
   3720.124     2.617    -0.06    0.39
   4006.898     2.697     0.28    0.47
   4293.668     2.770     0.25    0.59
   4580.435     2.884     0.40    0.68
   4867.198     3.051     0.58    0.78
   5153.958     3.246     0.68    0.88
   5440.715     3.471     0.78    0.93
   5727.469     3.756     1.00    0.92
   6014.219     4.112     1.24    0.88
   6300.966     4.474     1.26    0.84
   6587.710     4.770     1.03    0.74
   6874.450     4.975     0.72    0.69
   7161.187     5.186     0.74    0.63
   7447.921     5.298     0.39    0.60
   7734.651     5.284    -0.05    0.72
   8021.378     5.124    -0.56    0.83
   8308.102     4.763    -1.26    1.16
   8594.822     4.319    -1.55    1.36
   8881.539     3.755    -1.97    1.43
   9168.253     3.277    -1.67    1.37
   9454.963     2.886    -1.36    1.19
   9741.670     2.640    -0.86    1.02
  10028.374     2.487    -0.53    0.88
  10315.075     2.409    -0.27    0.84
  10601.772     2.382    -0.09    0.82
  10888.466     2.387     0.01    0.84
  11175.156     2.419     0.11    0.91
  11461.844     2.616     0.69    1.16
  11748.527     2.853     0.83    1.40
  12035.208     3.211     1.25    1.74
  12321.885     3.707     1.73    2.01
  12608.559     4.323     2.15    2.26
  12895.230     5.117     2.77    2.45
  13181.897     5.989     3.04    2.62
  13468.561     6.998     3.52    2.61
  13755.222     8.089     3.81    2.61
  14041.880     9.222     3.95    2.52
  14328.534    10.199     3.41    2.36
  14615.184    11.110     3.18    2.09
  14901.832    12.007     3.13    1.77
  15188.476    12.521     1.80    1.52
  15475.117    13.007     1.69    1.35
  15761.754    13.443     1.52    1.30
  16048.389    13.749     1.07    1.17
  16335.020    13.977     0.79    1.11
  16621.647    14.811     2.91    2.75
  16908.271    16.756     6.78    5.38
  17194.892    20.100    11.67    9.16
  17481.510    24.877    16.66   12.53
  17768.124    32.062    25.07   17.04
  18054.735    42.982    38.10   21.34
  18341.343    53.396    36.33   22.36
  18627.948    63.376    34.82   21.62
  18914.549    73.873    36.63   22.76
  19201.146    83.948    35.15   23.86
  19487.741    95.585    40.60   24.26
  19774.332   106.230    37.14   24.10
  20060.920   117.035    37.70   23.71
  20347.504   126.861    34.28   21.85
  20634.086   133.489    23.13   18.61
  20920.664   138.080    16.02   15.05
  21207.238   138.581     1.75   15.22
  21493.810   137.819    -2.66   16.20
  21780.378   138.355     1.87   16.08
  22066.942   140.361     7.00   15.85
  22353.504   141.819     5.09   14.76
  22640.062   142.506     2.40   13.91
  22926.616   141.791    -2.50   15.97
  23213.168   138.804   -10.42   19.63
  23499.716   132.587   -21.70   24.27
  23786.261   123.875   -30.40   29.17
  24072.802   110.784   -45.69   33.62
  24359.341    97.528   -46.26   34.80
  24645.876    85.881   -40.65   35.08
  24932.407    76.245   -33.63   33.85
  25218.935    67.199   -31.57   29.56
  25505.460    60.193   -24.45   23.40
  25791.982    57.009   -11.11   17.82
  26078.501    57.713     2.46   16.03
  26365.016    61.152    12.00   18.33
  26651.527    65.982    16.86   20.23
  26938.036    72.089    21.32   19.91
  27224.541    77.631    19.34   17.38
  27511.043    82.490    16.96   13.75
  27797.541    86.527    14.09   11.71
  28084.037    90.713    14.61   11.86
  28370.529    94.191    12.14   12.48
  28657.017    98.138    13.78   13.63
  28943.502   102.840    16.41   14.03
  29229.984   108.908    21.18   14.49
  29516.463   116.273    25.71   16.54
  29802.939   123.395    24.86   19.20
  30089.411   130.578    25.07   20.22
  30375.879   135.996    18.91   18.86
  30662.345   139.734    13.05   17.38
  30948.807   140.941     4.21   16.11
  31235.266   138.610    -8.14   16.83
  31521.722   131.729   -24.02   20.64
  31808.174   122.906   -30.80   23.35
  32094.623   113.840   -31.65   25.40
  32381.068   103.462   -36.23   24.65
  32667.511    95.805   -26.73   19.86
  32953.950    90.122   -19.84   15.22
  33240.386    89.080    -3.64   13.38
  33526.818    92.434    11.71   16.58
  33813.247    99.784    25.66   19.65
  34099.673   109.510    33.96   21.39
  34386.096   120.096    36.96   23.94
  34672.515   131.071    38.32   23.30
  34958.931   140.534    33.04   20.83
  35245.343   148.384    27.41   17.85
  35531.753   155.347    24.31   14.11
  35818.159   161.797    22.52   11.68
  36104.561   168.131    22.11   11.52
  36390.961   172.770    16.20   12.20
  36677.357   176.348    12.49   12.83
  36963.750   177.269     3.22   14.08
  37250.139   177.719     1.57   15.48
  37536.525   177.096    -2.18   16.92
  37822.908   178.571     5.15   17.67
  38109.288   181.428     9.97   17.53
  38395.664   184.416    10.44   16.29
  38682.037   187.868    12.05   13.32
  38968.407   190.012     7.49   10.07
  39254.773   190.606     2.07    7.88
  39541.137   189.302    -4.56    8.49
  39827.496   186.248   -10.66    9.47
  40113.853   183.263   -10.43    9.86
  40400.206   180.933    -8.14   10.33
  40686.556   177.575   -11.73   11.64
  40972.903   172.953   -16.14   13.46
  41259.246   167.664   -18.47   14.43
  41545.586   162.969   -16.40   13.47
  41831.923   158.457   -15.76   12.82
  42118.256   154.063   -15.35   13.50
  42404.586   149.078   -17.41   14.73
  42690.913   143.873   -18.18   13.57
  42977.237   139.631   -14.82   13.40
  43263.557   134.762   -17.00   12.97
  43549.874   129.181   -19.49   13.18
  43836.187   124.706   -15.63   13.11
  44122.498   121.664   -10.63   12.92
  44408.805   120.152    -5.28   12.97
  44695.108   118.301    -6.46   12.44
  44981.409   115.993    -8.06   12.41
  45267.706   113.364    -9.18   13.06
  45554.000   109.791   -12.48   12.30
  45840.290   106.396   -11.86   11.12
  46126.578   104.805    -5.56   10.97
  46412.862   105.846     3.64   13.00
  46699.142   107.881     7.11   16.20
  46985.420   114.551    23.30   21.56
  47271.694   122.578    28.04   22.97
  47557.964   130.748    28.54   21.22
  47844.232   138.734    27.89   17.41
  48130.496   144.474    20.05   15.48
  48416.757   148.436    13.84   12.52
  48703.015   150.930     8.71   10.40
  48989.269   151.511     2.03    8.45
  49275.520   150.978    -1.86    7.90
  49561.767   148.518    -8.59    9.59
  49848.012   143.840   -16.34   11.84
  50134.253   138.571   -18.41   12.53
  50420.491   136.115    -8.58   12.06
  50706.725   136.256     0.49   12.22
  50992.957   138.193     6.77   13.89
  51279.185   144.263    21.20   15.78
  51565.409   151.245    24.39   16.46
  51851.630   157.207    20.83   14.81
  52137.849   162.199    17.44   11.91
  52424.063   161.691    -1.78   15.14
  52710.275   157.316   -15.29   20.11
  52996.483   154.693    -9.16   21.30
  53282.688   152.584    -7.37   19.92
  53568.889   152.804     0.77   18.33
  53855.088   154.006     4.20   17.54
  54141.283   156.030     7.07   17.06
  54427.474   160.910    17.05   15.37
  54713.663   166.798    20.57   10.81
  54999.848   170.805    14.00    7.32
  55286.030   173.825    10.55    6.33
  55572.208   176.455     9.19    7.86
  55858.384   179.559    10.85    9.49
  56144.556   183.381    13.35   10.94
  56430.724   188.684    18.53   12.01
  56716.890   192.784    14.33   11.81
  57003.052   196.641    13.48   10.74
  57289.210   199.595    10.32    9.60
  57575.366   201.612     7.05    8.87
  57861.518   201.948     1.17    8.41
  58147.667   201.954     0.02    8.82
  58433.813   201.945    -0.03    9.38
  58719.955   202.172     0.80   10.20
  59006.094   203.259     3.80   11.36
  59292.230   204.553     4.52   12.31
  59578.362   207.242     9.40   13.97
  59864.492   210.369    10.93   14.00
  60150.617   211.151     2.73   14.16
  60436.740   210.332    -2.86   13.81
  60722.859   210.961     2.20   12.93
  61008.975   211.755     2.77   13.23
  61295.088   213.662     6.67   14.49
  61581.198   215.162     5.24   14.84
  61867.304   217.688     8.83   16.22
  62153.407   218.471     2.74   16.55
  62439.506   219.716     4.35   15.34
  62725.602   219.988     0.95   15.08
  63011.695   219.584    -1.41   13.21
  63297.785   219.448    -0.47   13.47
  63583.872   221.539     7.31   13.49
  63869.955   224.651    10.88   14.46
  64156.035   228.404    13.12   16.62
  64442.111   230.866     8.61   19.32
  64728.184   233.963    10.82   21.03
  65014.254   237.006    10.64   20.83
  65300.321   237.079     0.25   19.96
  65586.588   234.469    -9.11   19.96
  65873.438   229.905   -15.91   19.88
  66160.285   224.991   -17.13   20.71
  66447.128   221.156   -13.37   20.83
  66733.966   219.743    -4.93   21.29
  67020.801   222.259     8.77   23.51
  67307.631   225.155    10.10   27.77
  67594.458   230.366    18.17   31.98
  67881.280   240.674    35.94   35.49
  68168.099   250.450    34.08   34.26
  68454.913   257.852    25.81   31.77
  68741.723   260.791    10.25   29.05
  69028.530   257.791   -10.46   28.83
  69315.332   252.913   -17.01   29.32
  69602.130   245.603   -25.49   29.42
  69888.924   238.219   -25.75   28.24
  70175.714   230.437   -27.14   25.55
  70462.500   224.084   -22.15   19.73
  70749.282   222.000    -7.27   15.50
  71036.060   221.141    -2.99   14.50
  71322.834   221.403     0.92   12.76
  71609.604   221.158    -0.86   10.80
  71896.370   219.654    -5.25   11.22
  72183.132   217.568    -7.27   12.25
  72469.889   213.227   -15.14   14.01
  72756.643   207.394   -20.34   14.44
  73043.393   204.855    -8.85   14.57
  73330.138   210.119    18.36   27.56
  73616.880   223.491    46.63   45.62
  73903.618   238.894    53.72   53.31
  74190.351   253.669    51.53   52.56
  74477.081   269.727    56.00   45.76
  74763.806   282.584    44.84   34.30
  75050.528   287.175    16.01   28.12
  75337.245   282.448   -16.49   28.71
  75623.958   272.090   -36.13   25.65
  75910.668   260.868   -39.14   23.97
  76197.373   252.621   -28.76   21.61
  76484.074   247.592   -17.54   19.11
  76770.771   246.502    -3.80   21.61
  77057.464   246.314    -0.65   22.67
  77344.154   248.144     6.38   23.43
  77630.839   254.077    20.70   23.26
  77917.520   261.103    24.51   20.95
  78204.197   264.691    12.52   19.31
  78490.870   265.656     3.36   18.31
  78777.539   264.992    -2.32   16.53
  79064.204   264.914    -0.27   16.30
  79350.864   265.770     2.99   16.90
  79637.521   266.891     3.91   15.79
  79924.174   267.219     1.15   15.42
  80210.823   268.641     4.96   15.78
  80497.468   271.110     8.61   16.38
  80784.108   274.469    11.72   17.90
  81070.745   279.492    17.53   19.60
  81357.378   287.167    26.77   20.30
  81644.006   295.124    27.76   18.75
  81930.631   301.465    22.12   15.52
  82217.251   305.714    14.83   17.51
  82503.868   308.004     7.99   19.93
  82790.480   308.366     1.26   22.18
  83077.089   307.974    -1.37   22.29
  83363.693   307.213    -2.65   20.89
  83650.294   304.862    -8.20   19.80
  83936.890   304.094    -2.68   18.27
  84223.482   303.163    -3.25   17.59
  84510.071   301.715    -5.05   17.00
  84796.655   300.833    -3.08   17.16
  85083.235   299.571    -4.40   16.95
  85369.811   296.205   -11.74   17.40
  85656.383   291.477   -16.50   18.61
  85942.952   285.936   -19.33   21.65
  86229.516   279.646   -21.95   21.43
  86516.076   273.332   -22.03   19.11
  86802.632   269.215   -14.37   15.93
  87089.184   269.177    -0.14   18.51
  87375.732   273.252    14.22   24.37
  87662.276   282.091    30.85   30.69
  87948.816   290.577    29.61   33.10
  88235.352   298.453    27.49   33.32
  88521.884   305.122    23.27   31.70
  88808.412   309.926    16.77   29.18
  89094.935   313.544    12.63   28.57
  89381.455   320.375    23.84   31.28
  89667.971   328.338    27.79   35.69
  89954.483   337.017    30.29   38.42
  90240.991   343.434    22.40   38.31
  90527.494   348.957    19.28   35.72
  90813.994   352.677    12.99   34.51
  91100.490   356.095    11.93   32.42
