# NaN NaN NaN ;Mean Elev.(m), Avg Gradient(m/km), RMS Gradient(m/km) - SRTM1     
#    1.688  -2.686  28.010 ;Mean Elev.(m), Avg Gradient(m/km), RMS Gradient(m/km) - ASTER GDEM
#    9.357  -2.000  26.956 ;Mean Elev.(m), Avg Gradient(m/km), RMS Gradient(m/km) - GMTED2010 
   1    64.164 54661.12796776  7.36 198.763274  61.888149  7.693  267.23  267.49  264.88
   1    74.868 54661.12796835  1.40 198.767998  61.886757  2.890  267.23  267.49  264.88
   1    76.956 54661.12796894  1.19 198.772722  61.885365  4.138  267.23  267.49  264.88
   1    61.695 54661.12796953  7.35 198.777445  61.883973  7.604  267.23  267.49  264.88
   2   148.438 54671.04361400  2.18 198.769463  61.885631  8.198 -100.00 -100.00 -100.00
   2   154.815 54671.04361459  2.63 198.774186  61.884239  9.619 -100.00 -100.00 -100.00
   3    13.543 54680.95925752 24.62 198.767244  61.886907 18.116 -100.00 -100.00 -100.00
   3    13.524 54680.95925811 21.57 198.771968  61.885515 11.040 -100.00 -100.00 -100.00
   3    13.522 54680.95925870 20.12 198.776691  61.884122  9.814 -100.00 -100.00 -100.00
   5    13.555 54700.79054069 35.19 198.768995  61.888926 24.242 -100.00 -100.00 -100.00
   5    13.388 54700.79054128 34.85 198.773719  61.887534   -100 -100.00 -100.00 -100.00
   5    13.233 54700.79054187 28.01 198.778442  61.886142 16.731 -100.00 -100.00 -100.00
   5    12.810 54700.79054246 39.49 198.783165  61.884750   -100 -100.00 -100.00 -100.00
   6    13.004 54710.70618699 36.86 198.767621  61.888130 28.001  262.80  262.86  260.08
   6    12.653 54710.70618758 40.03 198.772344  61.886738   -100  262.80  262.86  260.08
   6    12.420 54710.70618817 40.59 198.777068  61.885346  8.085  262.80  262.86  260.08
   7    13.086 54720.62183776 37.75 198.760968  61.887483 21.061 -100.00 -100.00 -100.00
   7    13.921 54720.62183835 42.10 198.765692  61.886091 14.611 -100.00 -100.00 -100.00
   7    13.816 54720.62183894 48.22 198.770415  61.884699 17.397 -100.00 -100.00 -100.00
   7    13.640 54720.62183953 50.15 198.775138  61.883307 28.373 -100.00 -100.00 -100.00
   9    11.177 54740.45313303 39.79 198.755085  61.885377  5.135  258.78  258.98  257.58
   9    10.824 54740.45313362 34.05 198.759808  61.883986   -100  258.78  258.98  257.58
   9    10.822 54740.45313421 27.03 198.764531  61.882594 20.550  258.78  258.98  257.58
  11    11.146 54760.28442639 40.97 198.753973  61.886308 26.810 -100.00 -100.00 -100.00
  11    11.010 54760.28442698 43.95 198.758697  61.884916   -100  255.82  253.67  251.95
  11    10.569 54760.28442758 49.28 198.763420  61.883524  9.126  255.82  253.67  251.95
  11    10.795 54760.28442817 52.40 198.768143  61.882132   -100  255.82  253.67  251.95
  12    11.710 54770.20007100 27.18 198.756276  61.885601 14.557 -100.00 -100.00 -100.00
  12    11.961 54770.20007159 26.53 198.761000  61.884209 10.496 -100.00 -100.00 -100.00
  12    11.819 54770.20007218 27.00 198.765723  61.882816 11.698 -100.00 -100.00 -100.00
  13    11.015 54780.11571193 23.93 198.755047  61.885568 10.151 -100.00 -100.00 -100.00
  13    10.974 54780.11571253 24.89 198.759771  61.884176 12.994 -100.00 -100.00 -100.00
  13    10.966 54780.11571312 24.24 198.764494  61.882784 10.363 -100.00 -100.00 -100.00
  13    10.924 54780.11571371 26.00 198.769218  61.881392 13.032 -100.00 -100.00 -100.00
  14    11.204 54790.03134996 21.65 198.750466  61.886478  8.213 -100.00 -100.00 -100.00
  14    11.184 54790.03135055 23.08 198.755190  61.885087 10.974 -100.00 -100.00 -100.00
  14    11.217 54790.03135114 22.82 198.759914  61.883695  8.457 -100.00 -100.00 -100.00
  14    11.149 54790.03135173 23.85 198.764638  61.882303 10.302 -100.00 -100.00 -100.00
  15    10.778 54799.94698806 20.23 198.755475  61.885657  7.302 -100.00 -100.00 -100.00
  15    10.891 54799.94698865 20.89 198.760199  61.884265  8.752 -100.00 -100.00 -100.00
  15    10.936 54799.94698924 21.00 198.764923  61.882873  8.423 -100.00 -100.00 -100.00
  15    10.776 54799.94698983 22.28 198.769646  61.881481  9.623 -100.00 -100.00 -100.00
  16    10.859 54809.86262618 16.14 198.760371  61.885881  5.574 -100.00 -100.00 -100.00
  16    11.009 54809.86262677 16.79 198.765095  61.884489  5.947 -100.00 -100.00 -100.00
  16    10.818 54809.86262737 17.14 198.769819  61.883096  6.738 -100.00 -100.00 -100.00
  17    11.158 54819.77826495 11.86 198.762854  61.887287  4.612 -100.00 -100.00 -100.00
  17    10.958 54819.77826554 12.81 198.767579  61.885895  5.045 -100.00 -100.00 -100.00
  17    10.941 54819.77826613 12.47 198.772302  61.884503  3.815 -100.00 -100.00 -100.00
  17    10.840 54819.77826672 13.54 198.777025  61.883110  5.323 -100.00 -100.00 -100.00
  18    11.155 54829.69391745 10.05 198.763799  61.887074  3.146 -100.00 -100.00 -100.00
  18    11.057 54829.69391804 10.88 198.768522  61.885682  4.168 -100.00 -100.00 -100.00
  18    13.199 54829.69391863 10.81 198.773245  61.884289  3.449 -100.00 -100.00 -100.00
  19    13.262 54839.60955604  9.47 198.760944  61.887321  4.285 -100.00 -100.00 -100.00
  19    13.521 54839.60955664  9.40 198.765668  61.885929  3.472 -100.00 -100.00 -100.00
  19    14.011 54839.60955723  9.51 198.770391  61.884537  3.643 -100.00 -100.00 -100.00
  19    10.776 54839.60955782 10.61 198.775114  61.883144  4.678 -100.00 -100.00 -100.00
  20    13.774 54849.52520514  8.71 198.760452  61.886957  3.825  229.36  222.21  209.17
  20    10.601 54849.52520573 10.39 198.765175  61.885565  5.721  229.36  222.21  209.17
  20    11.996 54849.52520632  9.65 198.769898  61.884173  4.325  229.36  222.21  209.17
  20    10.803 54849.52520691 10.30 198.774621  61.882780  4.657  229.36  222.21  209.17
  21    13.148 54859.44085454  8.70 198.767459  61.885180  4.100  230.28  222.43  210.33
  21    10.958 54859.44085513  9.82 198.772181  61.883788  5.552  230.28  222.43  210.33
  22    12.175 54869.35650224  9.06 198.760304  61.887773  3.830  233.46  228.15  216.17
  22    15.232 54869.35650283  9.04 198.765028  61.886381  3.082  233.46  228.15  216.17
  22    11.930 54869.35650342  9.75 198.769750  61.884989  4.148  233.46  228.15  216.17
  22    11.903 54869.35650401  9.39 198.774473  61.883596  2.907  233.46  228.15  216.17
  23    14.434 54879.27214996 11.23 198.760656  61.887082  2.832  224.28  216.25  204.22
  23    14.738 54879.27215055 11.27 198.765379  61.885690  2.747  224.28  216.25  204.22
  23    14.971 54879.27215114 11.57 198.770102  61.884297  2.957  224.28  216.25  204.22
  23    14.948 54879.27215173 11.56 198.774825  61.882905  3.028  224.28  216.25  204.22
  24    15.036 54889.18779484 15.40 198.762395  61.884931  3.582  206.31  201.77  194.54
  24    14.400 54889.18779543 15.76 198.767118  61.883538  3.435  206.31  201.77  194.54
  24    15.098 54889.18779602 15.60 198.771841  61.882146  3.408  206.31  201.77  194.54
  25    72.633 54899.10343504  3.04 198.751541  61.885924  2.915  211.11  213.33  207.18
  25    75.387 54899.10343563  2.49 198.756265  61.884532  2.916  211.11  213.33  207.18
  25    80.238 54899.10343622  1.75 198.760988  61.883140  2.827  211.11  213.33  207.18
  25    83.260 54899.10343681  0.95 198.765711  61.881748  2.736  211.11  213.33  207.18
  26    14.562 54909.01907402 12.25 198.750687  61.885396  2.768  200.95  195.48  190.18
  26    14.177 54909.01907461 12.64 198.755411  61.884004  2.674  200.95  195.48  190.18
  26    15.726 54909.01907520 12.56 198.760134  61.882612  2.637  200.95  195.48  190.18
  26    15.950 54909.01907579 12.66 198.764857  61.881220  2.599  200.95  195.48  190.18
  27    66.637 54918.93471206  4.17 198.753494  61.885574  2.545  204.01  199.47  193.65
  27    66.556 54918.93471265  3.83 198.758217  61.884182  2.582  204.01  199.47  193.65
  27    69.603 54918.93471324  3.45 198.762941  61.882790  2.917  204.01  199.47  193.65
  27    66.589 54918.93471383  3.29 198.767663  61.881398  3.244  204.01  199.47  193.65
  28    14.942 54928.85034970 12.19 198.755125  61.886609  2.555  226.43  226.06  221.41
  28    14.844 54928.85035029 12.57 198.759849  61.885217  3.183  226.43  226.06  221.41
  28    15.457 54928.85035088 12.24 198.764572  61.883825  2.556  226.43  226.06  221.41
  28    15.598 54928.85035147 12.42 198.769295  61.882433  2.764  226.43  226.06  221.41
  30    10.192 54948.68162196 28.73 198.757979  61.886178 20.426  256.23  258.31  259.04
  30    10.124 54948.68162255 29.83 198.762702  61.884787 20.400  256.23  258.31  259.04
  30    10.080 54948.68162314 28.89 198.767425  61.883395 18.451  256.23  258.31  259.04
  30    10.077 54948.68162373 29.51 198.772148  61.882003 16.293  256.23  258.31  259.04
  31    12.488 54958.59725880 26.20 198.757601  61.885961 10.029 -100.00 -100.00 -100.00
  31    12.082 54958.59725939 27.90 198.762324  61.884569 13.048 -100.00 -100.00 -100.00
  31    12.274 54958.59725998 29.55 198.767047  61.883178 15.123 -100.00 -100.00 -100.00
  32    17.811 54968.51290693 44.30 198.753976  61.886749 14.008 -100.00 -100.00 -100.00
  32    17.337 54968.51290752 48.19 198.758700  61.885358 19.905 -100.00 -100.00 -100.00
  32    17.270 54968.51290811 51.44 198.763423  61.883966   -100 -100.00 -100.00 -100.00
  32    17.195 54968.51290870 51.89 198.768146  61.882574   -100 -100.00 -100.00 -100.00
  33    42.036 54978.42855471  8.85 198.758019  61.886354  6.169 -100.00 -100.00 -100.00
  33    41.388 54978.42855530  9.16 198.762742  61.884963  5.541 -100.00 -100.00 -100.00
  33    40.931 54978.42855589  8.86 198.767465  61.883571  5.179  241.40  242.81  239.09
  33    68.336 54978.42855648 10.30 198.772188  61.882179  5.251  241.40  242.81  239.09
  35    72.639 54998.25984977 25.14 198.761549  61.886239 11.177  258.11  258.87  255.23
  35    67.765 54998.25985036 21.97 198.766272  61.884847 13.595  258.11  258.87  255.23
  35    63.421 54998.25985095 26.38 198.770995  61.883455   -100  258.11  258.87  255.23
  36    14.400 55008.17549544 32.19 198.761693  61.886171   -100  260.28  260.76  257.77
  36    14.464 55008.17549603 30.19 198.766417  61.884779 28.328  260.28  260.76  257.77
  36    14.715 55008.17549662 32.68 198.771140  61.883387   -100  260.28  260.76  257.77
  37    14.031 55018.09113909 25.58 198.761159  61.886582 18.524 -100.00 -100.00 -100.00
  37    14.260 55018.09113968 27.04 198.765882  61.885190 21.381 -100.00 -100.00 -100.00
  37    14.436 55018.09114027 28.81 198.770605  61.883798 23.718 -100.00 -100.00 -100.00
  38    13.741 55028.00678168 24.46 198.763569  61.886763 12.121 -100.00 -100.00 -100.00
  38    13.810 55028.00678227 22.93 198.768293  61.885371 10.245 -100.00 -100.00 -100.00
  38    14.192 55028.00678286 21.98 198.773016  61.883978  8.110 -100.00 -100.00 -100.00
  39    13.917 55037.92242381 14.83 198.766111  61.887248 15.810 -100.00 -100.00 -100.00
  39    13.973 55037.92242440 17.10 198.770834  61.885855 11.936 -100.00 -100.00 -100.00
  39    14.311 55037.92242499 19.76 198.775557  61.884463  8.683 -100.00 -100.00 -100.00
  40    58.935 55047.83806492  3.85 198.768819  61.887395  5.499  269.86  271.02  267.20
  40    44.282 55047.83806551  4.13 198.773542  61.886002  5.548  269.86  271.02  267.20
  40    58.656 55047.83806610  3.26 198.778265  61.884610  5.724  269.86  271.02  267.20
  41    65.439 55057.75370355 13.14 198.766038  61.887753  4.951 -100.00 -100.00 -100.00
  41    67.481 55057.75370414 15.83 198.770762  61.886361  9.280 -100.00 -100.00 -100.00
  41    64.891 55057.75370473 25.02 198.775485  61.884968 16.035 -100.00 -100.00 -100.00
  42    10.399 55067.66934095 30.23 198.761183  61.887296 16.013  258.88  258.61  256.32
  42    50.663 55067.66934154 21.66 198.765907  61.885905 20.504  258.88  258.61  256.32
  42    10.897 55067.66934213 38.99 198.770630  61.884513 19.538  258.88  258.61  256.32
  42    10.545 55067.66934272 36.33 198.775353  61.883121 28.902  258.88  258.61  256.32
  43    28.765 55077.58499060 11.40 198.753762  61.886600 11.052  264.06  264.42  261.52
  43    14.544 55077.58499119 17.75 198.758485  61.885208 28.062  264.06  264.42  261.52
  43    14.289 55077.58499178 16.26 198.763209  61.883817 21.050  264.06  264.42  261.52
  43    14.046 55077.58499238 17.85 198.767931  61.882425 20.600  264.06  264.42  261.52
  44    11.758 55087.50063827 37.76 198.752219  61.885908 27.151  260.43  260.51  257.49
  44    11.176 55087.50063886 37.68 198.756943  61.884516   -100  260.43  260.51  257.49
  44    11.317 55087.50063945 36.59 198.761666  61.883124   -100  260.43  260.51  257.49
  44    11.058 55087.50064004 37.49 198.766388  61.881732   -100  260.43  260.51  257.49
  45    27.663 55097.41628452 14.74 198.754256  61.885972 10.973  259.11  258.46  257.29
  45    14.263 55097.41628511 22.90 198.758979  61.884581 25.468  259.11  258.46  257.29
  45    12.403 55097.41628570 20.73 198.763702  61.883188 14.337  259.11  258.46  257.29
  45    13.619 55097.41628629 20.14 198.768425  61.881796 10.427  259.11  258.46  257.29
  46    43.823 55107.33193003  8.05 198.754587  61.886967  6.987  257.77  258.00  256.84
  46    43.870 55107.33193062  7.05 198.759310  61.885575  5.841  257.77  258.00  256.84
  46    43.601 55107.33193121  7.28 198.764033  61.884183  5.917  257.77  258.00  256.84
  46    39.653 55107.33193180  7.11 198.768756  61.882791  5.793  257.77  258.00  256.84
  47    11.265 55117.24757536 43.18 198.757474  61.885873 27.629 -100.00 -100.00 -100.00
  47    11.085 55117.24757595 49.25 198.762198  61.884480   -100  259.13  260.28  259.10
  47    10.906 55117.24757654 50.43 198.766921  61.883088   -100  259.13  260.28  259.10
  48    10.553 55127.16321775 45.51 198.753976  61.885333 22.564 -100.00 -100.00 -100.00
  48    10.134 55127.16321834 49.38 198.758700  61.883941   -100 -100.00 -100.00 -100.00
  48    10.254 55127.16321893 49.18 198.763423  61.882549   -100  259.20  258.21  258.04
  48     9.880 55127.16321952 48.45 198.768147  61.881157   -100  259.20  258.21  258.04
  49     8.826 55137.07885760 42.33 198.748487  61.885673   -100  255.69  253.80  252.34
  49     8.617 55137.07885819 44.11 198.753212  61.884281   -100  255.69  253.80  252.34
  49     8.867 55137.07885878 45.45 198.757936  61.882890   -100  255.69  253.80  252.34
  49     8.460 55137.07885937 44.65 198.762659  61.881498  1.356  255.69  253.80  252.34
  50     9.830 55146.99449665 29.57 198.752822  61.884967 26.829 -100.00 -100.00 -100.00
  50     9.902 55146.99449724 31.05 198.757546  61.883575   -100 -100.00 -100.00 -100.00
  50     9.722 55146.99449783 31.33 198.762270  61.882183   -100 -100.00 -100.00 -100.00
  50     9.618 55146.99449842 30.43 198.766993  61.880791 32.698 -100.00 -100.00 -100.00
  51     9.604 55156.91013464 22.54 198.755268  61.886767 16.973  242.56  238.29  230.13
  51     9.460 55156.91013523 24.60 198.759992  61.885375 23.457  242.56  238.29  230.13
  51     9.783 55156.91013582 23.69 198.764716  61.883983 18.567  242.56  238.29  230.13
  51     9.753 55156.91013641 24.39 198.769440  61.882591 22.481  242.56  238.29  230.13
  52     9.298 55166.82577340 22.63 198.763588  61.886680 16.688  253.25  250.77  243.97
  52     9.266 55166.82577399 27.16 198.768312  61.885288   -100  253.25  250.77  243.97
  52     9.298 55166.82577458 28.20 198.773035  61.883896   -100  253.25  250.77  243.97
  53     9.391 55176.74141100 26.75 198.764562  61.887708  9.793 -100.00 -100.00 -100.00
  53     9.434 55176.74141159 26.88 198.769286  61.886316 10.206 -100.00 -100.00 -100.00
  53     9.376 55176.74141218 28.79 198.774009  61.884924 14.083 -100.00 -100.00 -100.00
  53     9.365 55176.74141277 27.31 198.778732  61.883532 11.691 -100.00 -100.00 -100.00
  54    10.417 55186.65705421 24.17 198.766153  61.886644 21.713  255.93  256.62  255.34
  54    13.926 55186.65705480 25.31 198.770877  61.885252  8.947  255.93  256.62  255.34
  54     9.178 55186.65705539 34.39 198.775600  61.883860 19.325  255.93  256.62  255.34
  55    65.714 55196.57270499  7.09 198.762964  61.886418  5.652  247.75  244.79  239.51
  55    62.588 55196.57270558  2.74 198.767687  61.885026  3.700  247.75  244.79  239.51
  55    75.270 55196.57270617  1.33 198.772410  61.883634  2.961  247.75  244.79  239.51
  56    69.580 55206.48835475  1.51 198.762769  61.886538  2.285 -100.00 -100.00 -100.00
  56    70.489 55206.48835534  1.63 198.767492  61.885146  3.093 -100.00 -100.00 -100.00
  56    73.367 55206.48835593  1.58 198.772215  61.883754  2.679 -100.00 -100.00 -100.00
  57    73.403 55216.40400406  0.99 198.765143  61.886988  2.319 -100.00 -100.00 -100.00
  57    74.252 55216.40400465  0.91 198.769867  61.885596  2.472 -100.00 -100.00 -100.00
  57    75.099 55216.40400524  0.88 198.774589  61.884203  2.476 -100.00 -100.00 -100.00
  58    14.453 55226.31965269 17.82 198.766374  61.886808 12.341 -100.00 -100.00 -100.00
  58    14.609 55226.31965328 19.04 198.771097  61.885416  6.278 -100.00 -100.00 -100.00
  58    14.557 55226.31965387 22.75 198.775820  61.884024  9.420 -100.00 -100.00 -100.00
  60     8.368 55246.15094026 31.11 198.752396  61.886146   -100 -100.00 -100.00 -100.00
  60     9.208 55246.15094085 24.64 198.757120  61.884754 11.903 -100.00 -100.00 -100.00
  60     9.115 55246.15094144 23.46 198.761844  61.883362 10.376 -100.00 -100.00 -100.00
  60     8.933 55246.15094203 23.96 198.766567  61.881970 10.073 -100.00 -100.00 -100.00
  61    54.584 55256.06657978  9.66 198.745831  61.885714  9.700 -100.00 -100.00 -100.00
  61    76.351 55256.06658037  1.29 198.750555  61.884322  2.838 -100.00 -100.00 -100.00
  61    74.850 55256.06658155  2.04 198.760002  61.881539  3.352 -100.00 -100.00 -100.00
  62    55.366 55265.98221918  0.87 198.750173  61.884732  4.942 -100.00 -100.00 -100.00
  62    53.810 55265.98221977  0.93 198.754897  61.883340  4.877 -100.00 -100.00 -100.00
  62    74.014 55265.98222037  0.16 198.759620  61.881948  4.770 -100.00 -100.00 -100.00
  63     8.529 55275.89785787 28.07 198.756366  61.885436 28.444 -100.00 -100.00 -100.00
  63     8.513 55275.89785846 26.12 198.761089  61.884044 20.505 -100.00 -100.00 -100.00
  63     8.807 55275.89785905 23.32 198.765812  61.882652 14.320 -100.00 -100.00 -100.00
  64     8.811 55285.81349519 23.31 198.758428  61.887093 13.452 -100.00 -100.00 -100.00
  64     8.498 55285.81349578 22.95 198.763151  61.885701 14.629 -100.00 -100.00 -100.00
  64     8.610 55285.81349637 23.94 198.767874  61.884309 15.816 -100.00 -100.00 -100.00
  64     8.603 55285.81349696 23.73 198.772597  61.882917 13.888 -100.00 -100.00 -100.00
  66    66.899 55305.64477007  9.99 198.756223  61.886040 13.123 -100.00 -100.00 -100.00
  66    69.199 55305.64477066  5.60 198.760946  61.884648  7.862 -100.00 -100.00 -100.00
  66    75.512 55305.64477125  2.69 198.765669  61.883256  5.077 -100.00 -100.00 -100.00
  66    91.191 55305.64477184  1.66 198.770392  61.881865  3.724 -100.00 -100.00 -100.00
  67    13.645 55315.56041643 27.56 198.748071  61.886166 17.063  256.33  253.38  244.60
  67    14.403 55315.56041702 23.72 198.752794  61.884774  9.152  256.33  253.38  244.60
  67    14.357 55315.56041761 27.93 198.757517  61.883383 15.961  256.33  253.38  244.60
  67    14.619 55315.56041820 27.07 198.762240  61.881991 11.330  256.33  253.38  244.60
  68    10.433 55325.47606203 38.28 198.749246  61.886226 21.903  260.39  259.78  258.50
  68     9.701 55325.47606262 41.69 198.753970  61.884834   -100  260.39  259.78  258.50
  68     9.918 55325.47606321 37.11 198.758693  61.883443   -100  260.39  259.78  258.50
  68    10.376 55325.47606380 39.91 198.763415  61.882051   -100  260.39  259.78  258.50
  69    16.327 55335.39170710 42.04 198.758249  61.885967 30.569 -100.00 -100.00 -100.00
  69    16.178 55335.39170769 44.12 198.762972  61.884576   -100 -100.00 -100.00 -100.00
  69    15.955 55335.39170828 48.51 198.767695  61.883184   -100 -100.00 -100.00 -100.00
  70   102.279 55345.30735134 12.65 198.763528  61.886522  8.011  266.20  267.07  264.30
  70    96.580 55345.30735193 14.08 198.768251  61.885130 21.592  266.20  267.07  264.30
  70    89.830 55345.30735252 17.02 198.772974  61.883738 25.086  266.20  267.07  264.30
  71    12.073 55355.22299429 33.95 198.764799  61.886502   -100  267.11  267.22  264.51
  71    12.036 55355.22299488 32.84 198.769522  61.885110   -100  267.11  267.22  264.51
  71    12.136 55355.22299547 37.12 198.774245  61.883718   -100  267.11  267.22  264.51
  72    34.814 55365.13863452 16.85 198.759544  61.887530 20.455 -100.00 -100.00 -100.00
  72    34.867 55365.13863511 15.88 198.764268  61.886138 15.314 -100.00 -100.00 -100.00
  72    35.645 55365.13863570 11.62 198.768991  61.884746  9.032  264.40  263.72  261.77
  72    35.891 55365.13863629 10.62 198.773714  61.883354  7.457  264.40  263.72  261.77
  73    14.542 55375.05427425 16.26 198.762854  61.886349  7.673 -100.00 -100.00 -100.00
  73    14.206 55375.05427484 16.85 198.767578  61.884957  8.404 -100.00 -100.00 -100.00
  73    13.813 55375.05427543 16.53 198.772301  61.883565  7.338 -100.00 -100.00 -100.00
  74    11.503 55384.96991220 35.27 198.761489  61.887964   -100 -100.00 -100.00 -100.00
  74    12.405 55384.96991279 34.40 198.766213  61.886572 22.109 -100.00 -100.00 -100.00
  74    11.988 55384.96991338 36.33 198.770936  61.885180 31.683 -100.00 -100.00 -100.00
  74    11.889 55384.96991397 41.98 198.775659  61.883788   -100 -100.00 -100.00 -100.00
  75    12.708 55394.88555039 18.35 198.769040  61.887429 10.811 -100.00 -100.00 -100.00
  75    12.609 55394.88555098 18.61 198.773763  61.886037 12.665 -100.00 -100.00 -100.00
  75    13.624 55394.88555157 15.50 198.778486  61.884645  6.407 -100.00 -100.00 -100.00
  76    59.224 55404.80118933  5.30 198.768410  61.888757  6.888 -100.00 -100.00 -100.00
  76    42.401 55404.80118992  4.80 198.773134  61.887365  6.435 -100.00 -100.00 -100.00
  76    44.246 55404.80119051  4.35 198.777857  61.885973  6.480 -100.00 -100.00 -100.00
  76    48.226 55404.80119110  3.44 198.782580  61.884581  5.243 -100.00 -100.00 -100.00
  77    12.921 55414.71684062 29.50 198.763798  61.887923   -100 -100.00 -100.00 -100.00
  77    14.027 55414.71684121 22.33 198.768521  61.886531 18.401 -100.00 -100.00 -100.00
  77    13.687 55414.71684180 20.54 198.773245  61.885139 13.030 -100.00 -100.00 -100.00
  77    12.941 55414.71684239 20.07 198.777967  61.883747 10.437 -100.00 -100.00 -100.00
  78    13.151 55424.63248897 45.63 198.759153  61.885746   -100  262.47  262.67  260.03
  78    13.068 55424.63248956 47.96 198.763876  61.884354   -100  262.47  262.67  260.03
  78    13.167 55424.63249015 45.69 198.768599  61.882962   -100  262.47  262.67  260.03
  79    13.268 55434.54813374 36.50 198.748043  61.886181 24.772  264.77  265.21  262.19
  79    14.210 55434.54813433 43.40 198.752766  61.884790 22.586  264.77  265.21  262.19
  79    13.684 55434.54813492 53.21 198.757490  61.883398   -100  264.77  265.21  262.19
  79    13.670 55434.54813551 53.60 198.762213  61.882006   -100  264.77  265.21  262.19
  80    12.944 55444.46377834 28.36 198.750270  61.885208 27.354 -100.00 -100.00 -100.00
  80    14.635 55444.46377894 19.44 198.754993  61.883816  6.344 -100.00 -100.00 -100.00
  80    13.796 55444.46377953 20.77 198.759716  61.882425  8.221 -100.00 -100.00 -100.00
  80    13.170 55444.46378012 21.27 198.764439  61.881033  8.706  263.49  264.49  262.10
  81    66.189 55454.37942174 10.32 198.754251  61.885781  3.880  261.86  262.32  260.26
  81    68.464 55454.37942233 23.61 198.758974  61.884389 22.420  261.86  262.32  260.26
  81    66.836 55454.37942292 25.41 198.763697  61.882997 15.021  261.86  262.32  260.26
  81    63.376 55454.37942351 24.36 198.768420  61.881605 10.927  261.86  262.32  260.26
  82    40.691 55464.29506425  9.51 198.758042  61.886915  5.212  256.69  256.50  254.94
  82    41.029 55464.29506484  8.46 198.762766  61.885523  4.434  256.69  256.50  254.94
  82    40.244 55464.29506543  8.24 198.767489  61.884131  4.919  256.69  256.50  254.94
  82    40.235 55464.29506602  7.48 198.772212  61.882739  4.081  256.69  256.50  254.94
  83    57.819 55474.21070434 21.31 198.761208  61.886335  7.988  257.29  256.79  255.61
  83    55.428 55474.21070493 27.34 198.765932  61.884943 10.913  257.29  256.79  255.61
  83    53.689 55474.21070552 27.71 198.770655  61.883551 26.649  257.29  256.79  255.61
  84    10.157 55484.12634060 36.43 198.755262  61.886548 19.685  258.61  257.79  257.74
  84    10.104 55484.12634119 39.32 198.759987  61.885157 23.118  258.61  257.79  257.74
  84     9.924 55484.12634178 42.15 198.764711  61.883765   -100  258.61  257.79  257.74
  84     9.993 55484.12634237 46.08 198.769434  61.882373   -100  258.61  257.79  257.74
  85     8.313 55494.04197499 33.77 198.750682  61.886245 22.372  261.84  261.16  261.21
  85     8.364 55494.04197558 34.12 198.755407  61.884853 24.935  261.84  261.16  261.21
  85     8.355 55494.04197617 33.10 198.760131  61.883462 19.819  261.84  261.16  261.21
  85     8.647 55494.04197676 36.44 198.764855  61.882070 26.100  261.84  261.16  261.21
  86     9.626 55503.95760894 37.93 198.753684  61.886463   -100 -100.00 -100.00 -100.00
  86     9.772 55503.95760953 40.32 198.758409  61.885071   -100 -100.00 -100.00 -100.00
  86     9.633 55503.95761012 41.43 198.763133  61.883679   -100 -100.00 -100.00 -100.00
  86     9.525 55503.95761071 44.22 198.767857  61.882287   -100  255.45  252.13  244.96
  87     9.216 55513.87325792 34.23 198.758579  61.887089   -100 -100.00 -100.00 -100.00
  87     9.411 55513.87325851 36.27 198.763303  61.885697   -100  254.31  251.49  244.23
  87     9.322 55513.87325910 37.55 198.768027  61.884305   -100  254.31  251.49  244.23
  87     9.221 55513.87325969 37.44 198.772750  61.882912   -100  254.31  251.49  244.23
  88    56.326 55523.78890801 22.51 198.763740  61.887720 27.649  255.38  257.25  256.65
  88    54.864 55523.78890860 20.81 198.768464  61.886327 31.464  255.38  257.25  256.65
  88    55.816 55523.78890919 27.19 198.773188  61.884935 20.085  255.38  257.25  256.65
  88    55.855 55523.78890978 26.16 198.777911  61.883543 24.984  255.38  257.25  256.65
  90     9.347 55543.62020226 23.08 198.763577  61.886672 14.322  253.25  250.33  245.96
  90     9.151 55543.62020285 27.04 198.768300  61.885279 25.209  253.25  250.33  245.96
  90     9.176 55543.62020344 27.20 198.773023  61.883887 25.456  253.25  250.33  245.96
  91     8.850 55553.53584612 18.30 198.760137  61.886481  8.152 -100.00 -100.00 -100.00
  91     8.712 55553.53584671 22.91 198.764861  61.885089 17.452 -100.00 -100.00 -100.00
  91     8.962 55553.53584730 24.76 198.769584  61.883697 22.275 -100.00 -100.00 -100.00
  92     9.550 55563.45148900  9.98 198.759659  61.886882  5.900 -100.00 -100.00 -100.00
  92    13.573 55563.45148959  9.91 198.764383  61.885490  4.821 -100.00 -100.00 -100.00
  92     9.911 55563.45149018 10.70 198.769106  61.884098  5.800 -100.00 -100.00 -100.00
  92    10.596 55563.45149077 11.83 198.773828  61.882706  6.594 -100.00 -100.00 -100.00
  93    13.537 55573.36713134 11.68 198.761281  61.887757  4.050  239.57  233.15  220.81
  93     9.790 55573.36713193 12.09 198.766005  61.886364  4.413  239.57  233.15  220.81
  93    10.577 55573.36713252 12.30 198.770728  61.884972  4.629  239.57  233.15  220.81
  93    11.413 55573.36713311 12.00 198.775450  61.883580  4.145  239.57  233.15  220.81
  95     8.882 55593.19841011 19.61 198.763450  61.886512 20.036  247.76  242.40  228.58
  95     8.887 55593.19841070 20.60 198.768174  61.885120 23.064  247.76  242.40  228.58
  95     8.937 55593.19841129 19.01 198.772897  61.883728 17.266  247.76  242.40  228.58
  96     8.789 55603.11404374 14.20 198.757158  61.886561  4.821 -100.00 -100.00 -100.00
  96     9.717 55603.11404433 13.79 198.761882  61.885170  4.706 -100.00 -100.00 -100.00
  96    10.410 55603.11404492 14.25 198.766606  61.883778  5.393 -100.00 -100.00 -100.00
  96    10.233 55603.11404551 14.29 198.771330  61.882386  5.346 -100.00 -100.00 -100.00
  99    11.296 55632.86096537 13.12 198.761285  61.886161  4.601 -100.00 -100.00 -100.00
  99     9.880 55632.86096596 13.83 198.766009  61.884769  4.714 -100.00 -100.00 -100.00
  99    11.627 55632.86096655 13.69 198.770732  61.883377  5.225 -100.00 -100.00 -100.00
 100     9.452 55642.77661586 12.59 198.759895  61.887094  5.638 -100.00 -100.00 -100.00
 100     9.908 55642.77661645 13.01 198.764618  61.885702  5.998 -100.00 -100.00 -100.00
 100    11.130 55642.77661704 12.83 198.769342  61.884310  5.798 -100.00 -100.00 -100.00
 100    11.044 55642.77661763 13.45 198.774064  61.882918  6.305 -100.00 -100.00 -100.00
 101    12.340 55652.69226362 12.90 198.758542  61.886884  4.074 -100.00 -100.00 -100.00
 101    10.221 55652.69226421 12.72 198.763266  61.885492  4.135 -100.00 -100.00 -100.00
 101    11.845 55652.69226480 13.13 198.767989  61.884100  4.495 -100.00 -100.00 -100.00
 101    11.438 55652.69226539 13.49 198.772712  61.882708  5.057 -100.00 -100.00 -100.00
 102    12.391 55662.60790683 12.50 198.753392  61.886438  6.298  228.18  218.19  201.96
 102    10.973 55662.60790742 12.37 198.758115  61.885046  5.749  228.18  218.19  201.96
 102    13.120 55662.60790801 11.47 198.762838  61.883655  3.986  228.18  218.19  201.96
 102    11.674 55662.60790860 11.92 198.767561  61.882263  4.047  228.18  218.19  201.96
 104     8.242 55682.43918634 33.34 198.753285  61.885863   -100 -100.00 -100.00 -100.00
 104    13.346 55682.43918693 29.88 198.758008  61.884471 22.080 -100.00 -100.00 -100.00
 104    14.548 55682.43918752 26.98 198.762731  61.883080 12.548 -100.00 -100.00 -100.00
 104    14.859 55682.43918811 27.99 198.767453  61.881688 13.367 -100.00 -100.00 -100.00
 105    10.088 55692.35482390 36.74 198.757414  61.887444 22.353  259.77  259.04  257.23
 105     9.582 55692.35482449 38.75 198.762138  61.886052   -100  259.77  259.04  257.23
 105     9.779 55692.35482508 34.31 198.766861  61.884660 23.771  259.77  259.04  257.23
 105    10.019 55692.35482567 34.46 198.771584  61.883268 21.227  259.77  259.04  257.23
 106    13.899 55702.27046061 40.54 198.767886  61.887330 32.141 -100.00 -100.00 -100.00
 106    13.936 55702.27046120 43.68 198.772609  61.885938   -100 -100.00 -100.00 -100.00
 106    13.707 55702.27046179 43.31 198.777332  61.884546   -100 -100.00 -100.00 -100.00
 107    62.797 55712.18610330 19.76 198.768977  61.887985  7.302  267.06  267.87  266.83
 107    60.412 55712.18610389 22.53 198.773701  61.886593 15.291  267.06  267.87  266.83
 107    58.400 55712.18610448 15.87 198.778424  61.885201 28.968  267.06  267.87  266.83
 108    63.169 55722.10175255 20.02 198.766077  61.887530  8.198  266.02  266.05  264.51
 108    60.838 55722.10175314  9.19 198.770801  61.886138 12.973  266.02  266.05  264.51
 108    59.262 55722.10175373 13.26 198.775524  61.884746 29.193  266.02  266.05  264.51
 109    14.142 55732.01740006 27.54 198.765171  61.886558   -100 -100.00 -100.00 -100.00
 109    14.316 55732.01740065 29.57 198.769894  61.885166   -100 -100.00 -100.00 -100.00
 109    14.596 55732.01740124 28.33 198.774617  61.883773   -100 -100.00 -100.00 -100.00
 110    14.913 55741.93304581 22.07 198.760486  61.887512 20.211 -100.00 -100.00 -100.00
 110    14.387 55741.93304640 19.40 198.765210  61.886120 11.130 -100.00 -100.00 -100.00
 110    14.294 55741.93304699 18.01 198.769933  61.884728  8.641 -100.00 -100.00 -100.00
 110    14.606 55741.93304758 20.93 198.774656  61.883336 14.414 -100.00 -100.00 -100.00
 111    14.467 55751.84869111 28.94 198.762577  61.886984   -100 -100.00 -100.00 -100.00
 111    14.491 55751.84869170 19.73 198.767300  61.885591 14.514 -100.00 -100.00 -100.00
 111    13.883 55751.84869229 23.59 198.772023  61.884199 25.707 -100.00 -100.00 -100.00
 112    13.427 55761.76433392 37.40 198.762979  61.886718 22.008  266.75  265.88  264.59
 112    14.022 55761.76433451 45.82 198.767703  61.885326   -100  266.75  265.88  264.59
 112    13.961 55761.76433510 52.58 198.772426  61.883934   -100  266.75  265.88  264.59
 113    14.632 55771.67997326 29.73 198.757807  61.887409   -100 -100.00 -100.00 -100.00
 113    14.292 55771.67997386 20.94 198.762531  61.886017 18.138 -100.00 -100.00 -100.00
 113    14.421 55771.67997445 17.74 198.767254  61.884626 10.269 -100.00 -100.00 -100.00
 113    13.874 55771.67997504 17.75 198.771977  61.883234  9.815 -100.00 -100.00 -100.00
 114    14.464 55781.59560987 27.73 198.758146  61.885791   -100  261.24  261.36  260.39
 114    13.329 55781.59561046 23.36 198.762869  61.884399 21.366  261.24  261.36  260.39
 114    13.913 55781.59561105 18.74 198.767592  61.883008  9.257  261.24  261.36  260.39
 115    14.229 55791.51124309 38.28 198.754093  61.886704 29.509  261.25  261.36  258.57
 115    13.665 55791.51124368 34.96 198.758817  61.885313   -100  261.25  261.36  258.57
 115    13.493 55791.51124427 30.28 198.763541  61.883921   -100  261.25  261.36  258.57
 115    13.386 55791.51124486 27.64 198.768263  61.882529 22.433  261.25  261.36  258.57
 116    14.513 55801.42687585 25.65 198.758415  61.886818 14.287  261.39  261.62  258.60
 116    13.192 55801.42687644 25.59 198.763139  61.885426 16.040  261.39  261.62  258.60
 116    12.898 55801.42687703 28.59 198.767862  61.884035 25.210  261.39  261.62  258.60
 116    13.169 55801.42687762 26.52 198.772585  61.882643 17.326  261.39  261.62  258.60
 117    39.381 55811.34252597 11.21 198.759447  61.887159  8.161  262.09  262.32  259.64
 117    41.244 55811.34252656  8.62 198.764171  61.885768  5.680  262.09  262.32  259.64
 117    68.857 55811.34252715  7.53 198.768894  61.884376  4.183  262.09  262.32  259.64
 117    40.494 55811.34252774  8.03 198.773618  61.882984  4.536  262.09  262.32  259.64
 118    11.755 55821.25817496 30.87 198.763668  61.886392   -100  258.26  258.57  256.63
 118    66.189 55821.25817555 18.44 198.768392  61.885000  5.931  258.26  258.57  256.63
 118    12.003 55821.25817614 40.41 198.773115  61.883608   -100  258.26  258.57  256.63
 119    64.363 55831.17381820 20.13 198.759189  61.887411 12.706 -100.00 -100.00 -100.00
 119    66.416 55831.17381879 20.24 198.763913  61.886020 12.192  254.83  254.85  253.66
 119    60.809 55831.17381938 11.84 198.768637  61.884628 12.830  254.83  254.85  253.66
 119    57.505 55831.17381997  6.37 198.773360  61.883236  7.837  254.83  254.85  253.66
 120    14.712 55841.08945759 22.62 198.759595  61.886246 11.071  259.08  258.97  258.83
 120    11.686 55841.08945818 22.31 198.764320  61.884854  8.145  259.08  258.97  258.83
 120    11.713 55841.08945877 22.67 198.769044  61.883463  8.550  259.08  258.97  258.83
 121    14.864 55851.00509341 27.14 198.755853  61.886868 19.271 -100.00 -100.00 -100.00
 121    10.718 55851.00509400 27.49 198.760577  61.885476 19.769  254.76  254.61  254.26
 121    10.781 55851.00509459 27.93 198.765302  61.884084 17.273  254.76  254.61  254.26
 121    10.712 55851.00509518 28.42 198.770025  61.882692 16.390  254.76  254.61  254.26
 122    10.597 55860.92072831 42.46 198.762187  61.886503 22.026 -100.00 -100.00 -100.00
 122    10.261 55860.92072890 46.90 198.766911  61.885111 29.823 -100.00 -100.00 -100.00
 122     9.945 55860.92072949 51.89 198.771635  61.883719   -100 -100.00 -100.00 -100.00
 123    10.243 55870.83638082 37.70 198.763061  61.887223   -100 -100.00 -100.00 -100.00
 123    10.051 55870.83638141 38.70 198.767785  61.885831   -100  254.02  252.76  249.05
 123     9.872 55870.83638201 39.61 198.772509  61.884439   -100  254.02  252.76  249.05
 124     8.178 55880.75203152 18.78 198.765076  61.887806 16.035 -100.00 -100.00 -100.00
 124     9.873 55880.75203211 21.10 198.769800  61.886414 19.027 -100.00 -100.00 -100.00
 124     9.787 55880.75203270 22.73 198.774523  61.885022 19.201 -100.00 -100.00 -100.00
 124     9.380 55880.75203329 24.29 198.779247  61.883629 28.419 -100.00 -100.00 -100.00
 125     8.773 55890.66767566 19.60 198.767301  61.887542 18.262 -100.00 -100.00 -100.00
 125     9.876 55890.66767625 16.36 198.772024  61.886150 11.707 -100.00 -100.00 -100.00
 125     9.545 55890.66767684 22.37 198.776748  61.884758 27.273 -100.00 -100.00 -100.00
 126    10.137 55900.58331372 17.47 198.767572  61.887478 11.605 -100.00 -100.00 -100.00
 126    10.033 55900.58331431 20.05 198.772296  61.886086 17.175 -100.00 -100.00 -100.00
 126    10.099 55900.58331490 18.63 198.777019  61.884694 12.254 -100.00 -100.00 -100.00
 127    10.981 55910.49894725 12.86 198.770243  61.887194  4.253  229.31  223.68  209.76
 127    10.306 55910.49894784 14.01 198.774967  61.885802  5.785  229.31  223.68  209.76
 127    11.907 55910.49894843 13.10 198.779690  61.884410  3.763  229.31  223.68  209.76
 128    10.705 55920.41459985 12.47 198.764549  61.887850  3.574  226.62  219.52  208.07
 128    10.266 55920.41460044 15.10 198.769273  61.886457  7.402  226.62  219.52  208.07
 128    10.464 55920.41460103 15.36 198.773996  61.885065  7.118  226.62  219.52  208.07
 128    10.934 55920.41460162 15.00 198.778719  61.883673  6.816  226.62  219.52  208.07
 132    12.526 55960.07718307  9.65 198.753320  61.885601  2.968  227.91  220.01  205.38
 132    14.370 55960.07718366  9.57 198.758044  61.884210  2.919  227.91  220.01  205.38
 132    14.273 55960.07718425  9.84 198.762768  61.882818  3.236  227.91  220.01  205.38
 132    13.991 55960.07718484  9.85 198.767491  61.881426  2.951  227.91  220.01  205.38
 135    63.712 55989.82409298  1.06 198.761063  61.887240  2.650  231.31  223.44  209.46
 135    66.695 55989.82409357  0.47 198.765787  61.885848  2.718  231.31  223.44  209.46
 135    69.167 55989.82409416  0.29 198.770510  61.884456  2.556  231.31  223.44  209.46
 137    15.266 56009.65538810  8.19 198.764868  61.884208  2.701  236.30  232.02  215.97
 137    15.382 56009.65538869  8.14 198.769590  61.882816  2.570  236.30  232.02  215.97
 138    14.912 56019.57103498  9.55 198.764946  61.883132  3.348  239.73  234.05  220.55
 138    15.220 56019.57103557  9.06 198.769668  61.881740  2.997  239.73  234.05  220.55
 140     8.685 56039.40231935 24.38 198.757263  61.886804 25.900 -100.00 -100.00 -100.00
 140     8.640 56039.40231994 26.08 198.761986  61.885413 32.711 -100.00 -100.00 -100.00
 140     8.608 56039.40232053 25.14 198.766709  61.884021 28.711 -100.00 -100.00 -100.00
 140     9.005 56039.40232112 21.86 198.771431  61.882629 16.243 -100.00 -100.00 -100.00
 141    14.023 56049.31795970 19.09 198.763698  61.886608  6.880 -100.00 -100.00 -100.00
 141    13.372 56049.31796029 20.84 198.768421  61.885216  9.187 -100.00 -100.00 -100.00
 141     9.446 56049.31796088 21.86 198.773144  61.883824 10.140 -100.00 -100.00 -100.00
 142    12.457 56059.23359677 33.20 198.765355  61.887760 25.000  256.41  255.57  253.36
 142    12.329 56059.23359736 31.51 198.770079  61.886369 20.665  256.41  255.57  253.36
 142    12.277 56059.23359795 29.80 198.774802  61.884976 18.603  256.41  255.57  253.36
 143    16.217 56069.14923135 39.38 198.767728  61.888034 13.409  258.22  259.21  257.60
 143    15.435 56069.14923194 45.75 198.772452  61.886642   -100  258.22  259.21  257.60
 143    15.610 56069.14923254 47.03 198.777175  61.885250   -100  258.22  259.21  257.60
 144    71.281 56079.06488231  7.07 198.765652  61.887534  4.572  264.10  264.32  262.82
 144    45.287 56079.06488290  6.85 198.770376  61.886142  5.855  264.10  264.32  262.82
 144    41.044 56079.06488349  6.23 198.775099  61.884750  5.747  264.10  264.32  262.82
 145    62.978 56088.98053049 21.49 198.762997  61.887609  7.661  264.87  265.14  262.95
 145    60.843 56088.98053108 17.47 198.767721  61.886217 17.489  264.87  265.14  262.95
 145    61.098 56088.98053167 10.20 198.772444  61.884825 16.291  264.87  265.14  262.95
 145    59.643 56088.98053226 26.08 198.777167  61.883432 24.661  264.87  265.14  262.95
 146    14.901 56098.89617664 30.95 198.764535  61.887246   -100  266.54  266.40  264.64
 146    14.948 56098.89617723 32.33 198.769259  61.885854   -100  266.54  266.40  264.64
 146    15.215 56098.89617782 33.04 198.773981  61.884461   -100  266.54  266.40  264.64
 147    14.130 56108.81181998 29.97 198.761571  61.887652 15.224 -100.00 -100.00 -100.00
 147    64.994 56108.81182057 17.73 198.766295  61.886260 17.676 -100.00 -100.00 -100.00
 147    15.190 56108.81182116 37.63 198.771018  61.884867 23.382 -100.00 -100.00 -100.00
 147    17.330 56108.81182175 25.35 198.775740  61.883475 26.601 -100.00 -100.00 -100.00
 148    13.757 56118.72744921 27.41 198.760545  61.886636   -100  264.82  264.27  262.80
 148    14.454 56118.72744980 19.60 198.765268  61.885244 13.492  264.82  264.27  262.80
 148    14.352 56118.72745039 26.31 198.769991  61.883852   -100  264.82  264.27  262.80
 149    69.700 56128.64308586 17.03 198.755662  61.886737 10.621  264.16  266.06  263.00
 149    68.947 56128.64308645 22.67 198.760386  61.885345 11.798  264.16  266.06  263.00
 149    68.532 56128.64308704 20.61 198.765109  61.883954 11.230  264.16  266.06  263.00
 149    62.040 56128.64308763 29.67 198.769832  61.882562 26.609  264.16  266.06  263.00
 150    41.293 56138.55871985  5.77 198.758467  61.885603  6.605  261.91  262.17  260.69
 150    44.342 56138.55872044  4.44 198.763190  61.884211  4.981  261.91  262.17  260.69
 150    46.843 56138.55872103  3.83 198.767913  61.882820  4.965  261.91  262.17  260.69
 151    12.956 56148.47436723 30.78 198.756297  61.886557 25.898  261.26  261.56  258.71
 151    62.870 56148.47436782 10.98 198.761021  61.885165  5.395  261.26  261.56  258.71
 151    13.719 56148.47436841 40.42 198.765744  61.883773 27.992  261.26  261.56  258.71
 151    61.672 56148.47436900 10.06 198.770467  61.882382  5.356  261.26  261.56  258.71
 152    14.576 56158.39001640 22.61 198.758861  61.887033 13.114 -100.00 -100.00 -100.00
 152    13.921 56158.39001699 21.20 198.763584  61.885641 10.686  264.36  265.48  264.95
 152    13.901 56158.39001758 20.44 198.768307  61.884249  9.818  264.36  265.48  264.95
 152    12.543 56158.39001817 23.66 198.773030  61.882857 16.027  264.36  265.48  264.95
 153    43.672 56168.30566459  7.07 198.761997  61.886677  7.791  261.72  263.39  260.16
 153    43.372 56168.30566518  7.20 198.766720  61.885285  7.126  261.72  263.39  260.16
 153    41.571 56168.30566577  6.23 198.771443  61.883893  5.551  261.72  263.39  260.16
 154    13.732 56178.22130900 38.62 198.756807  61.887184 20.560 -100.00 -100.00 -100.00
 154    13.444 56178.22130959 42.76 198.761531  61.885792 26.008 -100.00 -100.00 -100.00
 154    13.147 56178.22131018 47.95 198.766255  61.884400   -100  254.94  254.92  252.25
 154    13.018 56178.22131077 45.82 198.770978  61.883008   -100  254.94  254.92  252.25
 155    13.736 56188.13694936 39.80 198.754830  61.886430 25.466 -100.00 -100.00 -100.00
 155    13.446 56188.13694995 44.55 198.759554  61.885038   -100 -100.00 -100.00 -100.00
 155    13.653 56188.13695054 41.37 198.764278  61.883646   -100 -100.00 -100.00 -100.00
 155    13.396 56188.13695113 41.98 198.769001  61.882254   -100 -100.00 -100.00 -100.00
 156    14.849 56198.05258659 28.52 198.756012  61.885834 26.435 -100.00 -100.00 -100.00
 156    14.262 56198.05258718 23.92 198.760736  61.884442 13.984 -100.00 -100.00 -100.00
 156    14.444 56198.05258777 21.27 198.765460  61.883051  8.987 -100.00 -100.00 -100.00
 156    13.314 56198.05258836 21.71 198.770184  61.881658  9.080  250.09  249.78  249.62
 157    14.613 56207.96822087 23.57 198.758101  61.887239 10.029 -100.00 -100.00 -100.00
 157    13.891 56207.96822146 21.71 198.762825  61.885848  7.189 -100.00 -100.00 -100.00
 157    13.791 56207.96822205 20.80 198.767549  61.884456  6.788  252.67  254.92  253.20
 157    13.499 56207.96822264 22.04 198.772273  61.883063  7.360  252.67  254.92  253.20
 158    12.599 56217.88385445 19.90 198.768121  61.887467  5.301  255.32  254.11  254.76
 158    12.641 56217.88385504 20.68 198.772845  61.886075  5.632  255.32  254.11  254.76
 158    12.088 56217.88385563 23.03 198.777569  61.884683  9.134  255.32  254.11  254.76
 159    10.543 56227.79949909 39.47 198.771054  61.888108   -100  255.40  254.91  254.26
 159    10.828 56227.79949968 40.14 198.775778  61.886716   -100  255.40  254.91  254.26
 159    10.795 56227.79950027 42.93 198.780501  61.885324   -100  255.40  254.91  254.26
 160    11.409 56237.71515305 32.29 198.766064  61.888539 22.500  250.83  249.07  248.09
 160    11.218 56237.71515364 33.48 198.770788  61.887147 27.332  250.83  249.07  248.09
 160    10.960 56237.71515423 34.71 198.775512  61.885755   -100  250.83  249.07  248.09
 160    11.227 56237.71515482 29.79 198.780235  61.884363 16.241  250.83  249.07  248.09
 161    76.343 56247.63080367  2.25 198.764810  61.887232  2.863 -100.00 -100.00 -100.00
 161    76.772 56247.63080426  1.70 198.769534  61.885840  2.846 -100.00 -100.00 -100.00
 161    77.478 56247.63080485  0.94 198.774257  61.884448  2.814 -100.00 -100.00 -100.00
 162    10.979 56257.54644976 23.48 198.768298  61.885294  7.968  249.86  248.08  245.46
 162    10.830 56257.54645035 24.62 198.773021  61.883902 11.205  249.86  248.08  245.46
 163    11.054 56267.46209133 22.06 198.764432  61.887080  8.084  247.59  245.31  240.51
 163    11.113 56267.46209192 22.42 198.769156  61.885688  7.303  247.59  245.31  240.51
 163    11.088 56267.46209251 23.07 198.773879  61.884295  8.625  247.59  245.31  240.51
 164    11.211 56277.37773201 16.54 198.767363  61.887029  4.858 -100.00 -100.00 -100.00
 164    11.008 56277.37773260 16.97 198.772086  61.885637  5.600 -100.00 -100.00 -100.00
 164    10.960 56277.37773319 17.53 198.776809  61.884244  5.871  231.55  225.34  215.80
 165    10.978 56287.29337936 13.76 198.762028  61.887878  3.843  239.04  234.98  226.80
 165    11.493 56287.29337995 14.28 198.766752  61.886486  4.278  239.04  234.98  226.80
 165    10.980 56287.29338054 14.61 198.771475  61.885094  4.316  239.04  234.98  226.80
 165    12.306 56287.29338113 14.42 198.776198  61.883701  4.096  239.04  234.98  226.80
 166    11.441 56297.20902868 13.54 198.759795  61.885954  3.340 -100.00 -100.00 -100.00
 166    11.365 56297.20902927 13.72 198.764519  61.884562  3.827 -100.00 -100.00 -100.00
 166    11.330 56297.20902986 14.30 198.769242  61.883170  4.521 -100.00 -100.00 -100.00
 167    10.528 56307.12467347 15.94 198.752632  61.885317  8.541  243.51  239.13  231.50
 167    10.470 56307.12467406 16.39 198.757357  61.883925  8.630  243.51  239.13  231.50
 167    10.428 56307.12467465 16.79 198.762080  61.882533  8.343  243.51  239.13  231.50
 167    10.889 56307.12467524 16.63 198.766803  61.881141  8.322  243.51  239.13  231.50
 168    11.820 56317.04031550 10.22 198.747563  61.885830  4.015 -100.00 -100.00 -100.00
 168    10.861 56317.04031609 10.98 198.752287  61.884438  4.895 -100.00 -100.00 -100.00
 168    10.930 56317.04031668 10.81 198.757011  61.883046  4.428 -100.00 -100.00 -100.00
 168    11.270 56317.04031728 11.36 198.761735  61.881654  5.093 -100.00 -100.00 -100.00
 169    10.956 56326.95595699 10.20 198.752275  61.886201  3.713  238.78  235.51  225.24
 169    11.637 56326.95595758 10.40 198.756999  61.884809  3.749  238.78  235.51  225.24
 169    11.308 56326.95595817 10.53 198.761722  61.883417  3.791  238.78  235.51  225.24
 169    12.682 56326.95595876 10.51 198.766446  61.882025  3.681  238.78  235.51  225.24
 170    12.344 56336.87159791  9.63 198.760895  61.886378  3.785 -100.00 -100.00 -100.00
 170    11.604 56336.87159850  9.57 198.765619  61.884986  3.607 -100.00 -100.00 -100.00
 170    11.056 56336.87159909 10.19 198.770342  61.883594  4.603 -100.00 -100.00 -100.00
 171    11.336 56346.78723679  9.50 198.764424  61.886928  3.871 -100.00 -100.00 -100.00
 171    11.978 56346.78723738  9.30 198.769148  61.885536  3.239 -100.00 -100.00 -100.00
 171    11.646 56346.78723797 10.18 198.773871  61.884144  4.774 -100.00 -100.00 -100.00
 172    12.270 56356.70287260  9.60 198.761705  61.887195  3.745  248.22  246.78  239.48
 172    13.327 56356.70287319  9.51 198.766429  61.885804  3.580  248.22  246.78  239.48
 172    13.202 56356.70287378  9.44 198.771152  61.884412  3.556  248.22  246.78  239.48
 172    13.933 56356.70287438  9.67 198.775875  61.883020  3.720  248.22  246.78  239.48
 178    15.161 56416.19673816 20.28 198.770087  61.887119  8.287 -100.00 -100.00 -100.00
 178    15.186 56416.19673875 20.99 198.774810  61.885727  7.649 -100.00 -100.00 -100.00
 178    15.381 56416.19673934 22.58 198.779533  61.884335  9.366 -100.00 -100.00 -100.00
 179    14.432 56426.11237095 25.20 198.767402  61.887399 11.220 -100.00 -100.00 -100.00
 179    14.672 56426.11237154 27.34 198.772126  61.886007 13.820 -100.00 -100.00 -100.00
 179    15.103 56426.11237213 28.28 198.776849  61.884614 12.808 -100.00 -100.00 -100.00
 180    10.027 56436.02802024 36.69 198.761855  61.887323 25.815 -100.00 -100.00 -100.00
 180    10.447 56436.02802083 32.74 198.766579  61.885931 17.798 -100.00 -100.00 -100.00
 180    10.310 56436.02802142 32.25 198.771302  61.884539 16.889 -100.00 -100.00 -100.00
 180    10.252 56436.02802201 31.33 198.776025  61.883147 13.465 -100.00 -100.00 -100.00
 181    58.931 56445.94367177 28.91 198.758872  61.887494 21.894  262.59  263.62  262.15
 181    59.639 56445.94367236 26.88 198.763596  61.886102 13.492  262.59  263.62  262.15
 181    59.238 56445.94367295 16.81 198.768319  61.884710   -100  262.59  263.62  262.15
 181    59.546 56445.94367354 21.63 198.773042  61.883318   -100  262.59  263.62  262.15
 182    35.161 56455.85932189 11.49 198.764372  61.886515  8.081  264.13  265.15  263.01
 182    16.239 56455.85932248 40.00 198.769095  61.885123   -100  264.13  265.15  263.01
 182    16.233 56455.85932307 28.28 198.773818  61.883731 17.809  264.13  265.15  263.01
 183    15.457 56465.77496787 36.28 198.760250  61.887400   -100  260.83  262.76  259.39
 183    15.777 56465.77496846 34.73 198.764973  61.886008   -100  260.83  262.76  259.39
 183    15.819 56465.77496905 36.96 198.769696  61.884616   -100  260.83  262.76  259.39
 183    15.929 56465.77496964 37.52 198.774418  61.883223   -100  260.83  262.76  259.39
 184    14.161 56475.69061033 38.39 198.757258  61.886526  9.815  260.30  260.70  259.53
 184    14.476 56475.69061092 31.16 198.761981  61.885134 32.748  260.30  260.70  259.53
 184    14.585 56475.69061151 32.66 198.766704  61.883742   -100  260.30  260.70  259.53
 184    14.777 56475.69061210 36.43 198.771426  61.882350   -100  260.30  260.70  259.53
 185    64.945 56485.60624926  1.16 198.754112  61.885322  4.144  265.02  265.41  262.98
 185    60.750 56485.60624985  1.08 198.758835  61.883930  5.062  265.02  265.41  262.98
 185    57.277 56485.60625104  5.01 198.768281  61.881146  7.778  265.02  265.41  262.98
 186    12.824 56495.52188539 29.23 198.753745  61.885048 28.225  266.40  267.66  264.14
 186    14.600 56495.52188598 20.24 198.758468  61.883656  5.079  266.40  267.66  264.14
 186    14.078 56495.52188657 20.59 198.763191  61.882264  6.331  266.40  267.66  264.14
 187    13.700 56505.43752010 42.06 198.758615  61.885997 18.639 -100.00 -100.00 -100.00
 187    12.806 56505.43752069 54.26 198.763338  61.884605   -100 -100.00 -100.00 -100.00
 187    12.931 56505.43752128 53.24 198.768061  61.883214   -100 -100.00 -100.00 -100.00
 188    42.911 56515.35315358  4.24 198.767399  61.887288  6.084  264.51  264.74  262.39
 188    45.004 56515.35315418  3.44 198.772122  61.885896  6.094  264.51  264.74  262.39
 188    62.871 56515.35315477  3.45 198.776845  61.884504  5.802  264.51  264.74  262.39
 189    61.259 56525.26880700 15.63 198.765692  61.888157 19.240 -100.00 -100.00 -100.00
 189    12.257 56525.26880760 34.09 198.770416  61.886765 21.870 -100.00 -100.00 -100.00
 189    60.475 56525.26880819  8.09 198.775139  61.885373  6.796 -100.00 -100.00 -100.00
 189    12.035 56525.26880878 37.17 198.779862  61.883981 18.942 -100.00 -100.00 -100.00
 190    67.980 56535.18445770 22.82 198.763581  61.886944 10.488  264.33  264.42  262.04
 190    65.463 56535.18445829 19.78 198.768305  61.885552  9.892  264.33  264.42  262.04
 190    60.371 56535.18445888 28.99 198.773029  61.884160 15.595  264.33  264.42  262.04
 192    68.585 56555.01574822  7.05 198.754149  61.885921  3.866  258.97  258.21  257.31
 192    65.918 56555.01574881  6.72 198.758873  61.884529  3.779  258.97  258.21  257.31
 192    62.659 56555.01574940 16.49 198.763597  61.883137 15.342  258.97  258.21  257.31
 192    62.143 56555.01574999 16.80 198.768321  61.881745  7.816  258.97  258.21  257.31
 193    15.731 56564.93139123 19.61 198.757408  61.886743  7.028  256.01  255.16  255.23
 193    15.342 56564.93139182 20.30 198.762133  61.885351  7.990  256.01  255.16  255.23
 193    14.497 56564.93139241 19.22 198.766856  61.883959  5.700  256.01  255.16  255.23
 193    13.417 56564.93139300 19.86 198.771580  61.882566  6.695  256.01  255.16  255.23
 194    14.804 56574.84703347 20.75 198.766085  61.887349  9.495 -100.00 -100.00 -100.00
 194    10.317 56574.84703406 24.56 198.770809  61.885957 16.420  253.06  252.70  252.00
 194    11.723 56574.84703465 21.48 198.775532  61.884564  9.866  253.06  252.70  252.00
 195    12.185 56584.76267235 20.94 198.770082  61.888541  6.172  254.74  255.35  253.14
 195    12.251 56584.76267294 21.46 198.774806  61.887149  6.450  254.74  255.35  253.14
 195    12.085 56584.76267353 21.58 198.779529  61.885756  6.692  254.74  255.35  253.14
 196    13.536 56594.67830809 37.47 198.769869  61.888970 13.641 -100.00 -100.00 -100.00
 196    13.743 56594.67830868 40.19 198.774593  61.887577 11.792 -100.00 -100.00 -100.00
 196    13.295 56594.67830927 50.83 198.779316  61.886185 26.789 -100.00 -100.00 -100.00
 196    13.122 56594.67830986 50.16 198.784039  61.884793 28.730 -100.00 -100.00 -100.00
 197    10.830 56604.59396093 41.06 198.765367  61.887421 26.972  257.59  256.98  256.41
 197    10.869 56604.59396152 43.15 198.770090  61.886029 28.495  257.59  256.98  256.41
 197    10.767 56604.59396211 48.32 198.774814  61.884637   -100  257.59  256.98  256.41
 198     9.658 56614.50960883 42.20 198.761041  61.886666 27.308  252.20  250.28  249.51
 198     9.513 56614.50960942 46.37 198.765765  61.885274   -100  252.20  250.28  249.51
 198     9.366 56614.50961001 49.46 198.770488  61.883882   -100  252.20  250.28  249.51
 199     9.402 56624.42525317 33.45 198.761491  61.886662 28.088 -100.00 -100.00 -100.00
 199     9.373 56624.42525376 37.46 198.766215  61.885270   -100 -100.00 -100.00 -100.00
 199     9.299 56624.42525435 36.23 198.770938  61.883878   -100 -100.00 -100.00 -100.00
 200    64.535 56634.34089463  9.11 198.762246  61.887334  3.884  258.79  259.41  257.57
 200    65.808 56634.34089522 12.39 198.766970  61.885942  7.259  258.79  259.41  257.57
 200    66.228 56634.34089581 17.17 198.771693  61.884550 11.301  258.79  259.41  257.57
 200    62.599 56634.34089640 15.10 198.776416  61.883158 11.562  258.79  259.41  257.57
 201    10.487 56644.25653143 31.30 198.764992  61.887534 20.544  255.65  254.32  253.77
 201    10.245 56644.25653202 32.86 198.769716  61.886142 19.507  255.65  254.32  253.77
 201     9.642 56644.25653261 30.17 198.774439  61.884750 17.394  255.65  254.32  253.77
 202    10.516 56654.17218393 18.17 198.759644  61.886784  3.963 -100.00 -100.00 -100.00
 202    10.555 56654.17218452 18.60 198.764368  61.885392  4.409 -100.00 -100.00 -100.00
 202    10.623 56654.17218511 18.74 198.769092  61.884000  4.028 -100.00 -100.00 -100.00
 202    10.845 56654.17218570 18.88 198.773815  61.882608  4.461 -100.00 -100.00 -100.00
 203    11.093 56664.08783220 31.16 198.753866  61.885850 23.753 -100.00 -100.00 -100.00
 203    10.353 56664.08783279 30.77 198.758590  61.884459   -100 -100.00 -100.00 -100.00
 203    10.137 56664.08783338 34.98 198.763314  61.883067 12.167 -100.00 -100.00 -100.00
 203    10.563 56664.08783397 27.44 198.768037  61.881674   -100 -100.00 -100.00 -100.00
 204    11.032 56674.00347792 33.23 198.749901  61.885692 20.361  237.32  235.77  227.46
 204    10.495 56674.00347851 36.69 198.754625  61.884300   -100  237.32  235.77  227.46
 204    10.249 56674.00347911 27.80 198.759349  61.882908   -100  237.32  235.77  227.46
 204    10.109 56674.00347970 35.27 198.764072  61.881516 18.371  237.32  235.77  227.46
 205    10.227 56683.91912325 41.05 198.754134  61.885640 26.446 -100.00 -100.00 -100.00
 205    10.339 56683.91912384 43.70 198.758858  61.884248   -100 -100.00 -100.00 -100.00
 205    10.324 56683.91912443 44.78 198.763581  61.882856   -100 -100.00 -100.00 -100.00
 205    10.447 56683.91912502 44.28 198.768304  61.881464   -100 -100.00 -100.00 -100.00
 206     9.881 56693.83476630 28.82 198.757641  61.886974 20.048 -100.00 -100.00 -100.00
 206     9.702 56693.83476689 29.17 198.762365  61.885582 21.730 -100.00 -100.00 -100.00
 206    13.641 56693.83476748 28.12 198.767089  61.884190 15.979 -100.00 -100.00 -100.00
 206     9.773 56693.83476807 28.29 198.771812  61.882798 15.234 -100.00 -100.00 -100.00
 210     9.227 56733.49733779 27.03 198.754334  61.886186 27.558  242.24  240.59  236.92
 210     9.338 56733.49733838 18.44 198.759057  61.884795 10.060  242.24  240.59  236.92
 210    14.033 56733.49733897 15.79 198.763780  61.883403  6.124  242.24  240.59  236.92
 210    14.511 56733.49733956 15.78 198.768502  61.882011  6.038  242.24  240.59  236.92
 211     8.995 56743.41298540 25.60 198.759427  61.885970 26.477  243.57  240.91  237.72
 211     8.765 56743.41298599 27.14 198.764150  61.884578   -100  243.57  240.91  237.72
 211     9.248 56743.41298658 19.91 198.768872  61.883186 11.872  243.57  240.91  237.72
 212     8.974 56753.32862868 23.44 198.766249  61.886759 18.947 -100.00 -100.00 -100.00
 212     8.495 56753.32862927 27.45 198.770972  61.885367   -100 -100.00 -100.00 -100.00
 212     8.973 56753.32862987 24.85 198.775694  61.883975 22.170 -100.00 -100.00 -100.00
 213    14.562 56763.24426615 28.06 198.769107  61.888244 10.297 -100.00 -100.00 -100.00
 213    14.912 56763.24426674 30.07 198.773831  61.886852 10.862 -100.00 -100.00 -100.00
 213    14.934 56763.24426733 34.41 198.778553  61.885459 15.025 -100.00 -100.00 -100.00
 214    34.721 56773.15989897 24.41 198.768753  61.888803 18.773 -100.00 -100.00 -100.00
 214    14.328 56773.15989956 26.43 198.773477  61.887411 19.697 -100.00 -100.00 -100.00
 214    14.610 56773.15990016 29.11 198.778200  61.886019 13.708  259.13  258.80  258.22
 214    14.574 56773.15990075 35.16 198.782923  61.884627 19.950  259.13  258.80  258.22
 215    52.443 56783.07555645 20.74 198.765472  61.886599 13.938  262.71  261.76  262.03
 215     9.509 56783.07555704 37.43 198.770196  61.885207 22.306  262.71  261.76  262.03
 215     9.602 56783.07555763 37.60 198.774918  61.883815 30.575  262.71  261.76  262.03
 216    36.657 56792.99120947  8.04 198.756163  61.886947  8.205  269.39  269.14  268.51
 216    39.876 56792.99121006  6.95 198.760887  61.885555  9.108  269.39  269.14  268.51
 216    44.256 56792.99121065  4.71 198.765610  61.884163  4.866  269.39  269.14  268.51
 216    41.808 56792.99121124  3.87 198.770333  61.882770  4.836  269.39  269.14  268.51
 217    14.020 56802.90686082 39.27 198.756660  61.885902 29.561  264.66  264.18  263.81
 217    13.927 56802.90686141 29.33 198.761383  61.884510   -100  264.66  264.18  263.81
 217    14.070 56802.90686200 27.56 198.766106  61.883117 28.526  264.66  264.18  263.81
 217    14.204 56802.90686259 24.66 198.770828  61.881725 15.910  264.66  264.18  263.81
 218    50.303 56812.82250383 17.12 198.755185  61.887035 18.521  269.21  269.24  267.55
 218    68.409 56812.82250442 12.59 198.759909  61.885643  5.259  269.21  269.24  267.55
 218    70.224 56812.82250501 26.92 198.764631  61.884251 21.328  269.21  269.24  267.55
 218    67.709 56812.82250560 20.97 198.769354  61.882859 10.340  269.21  269.24  267.55
 219    44.960 56822.73814416  3.96 198.760423  61.885852  6.033  264.12  263.96  262.79
 219    51.744 56822.73814475  3.66 198.765146  61.884460  6.445  264.12  263.96  262.79
 219    61.182 56822.73814534  2.08 198.769868  61.883067  5.054  264.12  263.96  262.79
 221    14.320 56842.56941166 34.34 198.759412  61.885727   -100  267.46  267.81  265.06
 221    14.403 56842.56941225 24.66 198.764135  61.884335 20.331  267.46  267.81  265.06
 221    14.324 56842.56941284 27.07 198.768857  61.882943 27.315  267.46  267.81  265.06
 222    43.926 56852.48505150  4.51 198.759295  61.885877  9.309  266.95  267.20  264.80
 222    43.840 56852.48505209  4.64 198.764018  61.884485  8.691  266.95  267.20  264.80
 222    40.929 56852.48505268  6.09 198.768741  61.883093 11.588  266.95  267.20  264.80
 223    14.532 56862.40070557 33.94 198.759173  61.885879   -100  265.21  266.42  263.43
 223    14.366 56862.40070616 28.15 198.763896  61.884487 21.113  265.21  266.42  263.43
 223    14.425 56862.40070675 27.07 198.768619  61.883096 15.807  265.21  266.42  263.43
 224    14.198 56872.31635895 29.29 198.759017  61.886637 25.405  268.81  270.26  267.10
 224    61.260 56872.31635954 22.66 198.763740  61.885245 20.925  268.81  270.26  267.10
 224    14.234 56872.31636013 39.16 198.768463  61.883853   -100  268.81  270.26  267.10
 224    63.389 56872.31636072 15.59 198.773186  61.882461  6.118  268.81  270.26  267.10
 225    42.728 56882.23200957  5.58 198.760980  61.886232  5.290  270.46  270.87  268.24
 225    70.055 56882.23201016  5.81 198.765703  61.884840  3.013  270.46  270.87  268.24
 225    69.122 56882.23201075  9.19 198.770426  61.883448  3.618  270.46  270.87  268.24
 226    62.911 56892.14765583 17.20 198.756069  61.887118 17.919 -100.00 -100.00 -100.00
 226    12.679 56892.14765642 32.37 198.760792  61.885726 15.887 -100.00 -100.00 -100.00
 226    61.938 56892.14765701 11.29 198.765516  61.884334  5.468 -100.00 -100.00 -100.00
 226    13.353 56892.14765760 41.96 198.770239  61.882941   -100 -100.00 -100.00 -100.00
 227    14.979 56902.06329985 21.32 198.756983  61.885730 20.878  267.50  268.53  266.79
 227    14.599 56902.06330044 18.47 198.761707  61.884338 10.210  267.50  268.53  266.79
 227    14.170 56902.06330103 19.18 198.766430  61.882945 11.558  267.50  268.53  266.79
 228    40.248 56911.97894158  7.04 198.755766  61.886210  4.967  269.00  269.70  268.06
 228    43.793 56911.97894217  5.75 198.760489  61.884818  3.730  269.00  269.70  268.06
 228    38.214 56911.97894276  6.01 198.765213  61.883426  4.445  269.00  269.70  268.06
 228    37.013 56911.97894335  5.90 198.769935  61.882033  4.673  269.00  269.70  268.06
 229    13.564 56921.89458248 21.71 198.761372  61.886101  8.791 -100.00 -100.00 -100.00
 229    13.363 56921.89458307 19.83 198.766096  61.884709  7.694  260.09  259.29  258.69
 229    12.765 56921.89458366 19.87 198.770819  61.883316  7.191  260.09  259.29  258.69
 230    59.925 56931.81022090 16.99 198.765727  61.887346  8.448  260.10  259.56  258.68
 230    57.774 56931.81022149 22.10 198.770451  61.885954 14.098  260.10  259.56  258.68
 230    55.269 56931.81022208 14.58 198.775174  61.884561 31.656  260.10  259.56  258.68
 231    11.254 56941.72585434 33.46 198.771084  61.887671 24.155  259.33  257.98  258.20
 231    11.814 56941.72585493 38.37 198.775807  61.886279 30.651  259.33  257.98  258.20
 231    11.914 56941.72585552 39.28 198.780530  61.884887   -100  259.33  257.98  258.20
 232    10.586 56951.64149607 41.20 198.768264  61.888218 30.246  261.82  260.21  259.69
 232    10.962 56951.64149666 43.27 198.772988  61.886826 25.502  261.82  260.21  259.69
 232    10.457 56951.64149725 47.18 198.777711  61.885434   -100  261.82  260.21  259.69
 233    10.479 56961.55714698 42.36 198.763466  61.887360 27.068 -100.00 -100.00 -100.00
 233     9.884 56961.55714757 45.04 198.768189  61.885968   -100 -100.00 -100.00 -100.00
 233    10.168 56961.55714816 46.84 198.772912  61.884576   -100 -100.00 -100.00 -100.00
 234    58.384 56971.47279308 12.11 198.761216  61.886644 12.638  259.81  258.47  254.00
 234    59.755 56971.47279367 16.76 198.765940  61.885252 12.161  259.81  258.47  254.00
 234    59.192 56971.47279427 17.91 198.770663  61.883860 10.160  259.81  258.47  254.00
 235    10.181 56981.38843517 29.26 198.761108  61.886685 22.040  256.21  254.56  249.89
 235    10.139 56981.38843576 32.23 198.765832  61.885293 26.823  256.21  254.56  249.89
 235    10.143 56981.38843635 31.79 198.770555  61.883901 28.073  256.21  254.56  249.89
 236     9.943 56991.30407311 36.46 198.764331  61.886489 29.155  256.17  254.46  252.66
 236    10.785 56991.30407370 42.22 198.769054  61.885097   -100  256.17  254.46  252.66
 236    10.409 56991.30407430 37.67 198.773778  61.883704   -100  256.17  254.46  252.66
 237    61.675 57001.21970399  1.47 198.761971  61.888016  3.177  243.07  241.39  233.16
 237    57.777 57001.21970458  3.72 198.766696  61.886625  5.108  243.07  241.39  233.16
 237    58.426 57001.21970517  3.12 198.771420  61.885233  3.928  243.07  241.39  233.16
 237    59.267 57001.21970576  2.52 198.776143  61.883841  4.044  243.07  241.39  233.16
 238    10.587 57011.13536244 22.57 198.767127  61.884249  9.878  243.14  239.86  232.64
 238    10.699 57011.13536303 24.74 198.771850  61.882857 14.634  243.14  239.86  232.64
 239    58.423 57021.05101268 15.03 198.753684  61.886565 13.283  258.15  259.94  259.87
 239    58.542 57021.05101327 18.72 198.758408  61.885173 18.576  258.15  259.94  259.87
 239    56.834 57021.05101386 19.88 198.763132  61.883781 20.649  258.15  259.94  259.87
 239    57.357 57021.05101445 22.91 198.767856  61.882389 21.733  258.15  259.94  259.87
 240    64.370 57030.96666201  2.68 198.756827  61.885567  3.272  241.82  241.44  235.29
 240    62.398 57030.96666260  3.73 198.761551  61.884175  4.131  241.82  241.44  235.29
 240    76.192 57030.96666320  1.34 198.766275  61.882783  2.970  241.82  241.44  235.29
 241    10.314 57040.88230889 36.78 198.755472  61.886763   -100 -100.00 -100.00 -100.00
 241    11.343 57040.88230948 40.25 198.760196  61.885371 19.807 -100.00 -100.00 -100.00
 241    10.673 57040.88231007 48.03 198.764919  61.883979 13.722 -100.00 -100.00 -100.00
 241    10.526 57040.88231066 33.69 198.769642  61.882586   -100 -100.00 -100.00 -100.00
 242    64.836 57050.79795424  2.08 198.758933  61.886829  4.289 -100.00 -100.00 -100.00
 242    61.920 57050.79795483 10.50 198.763657  61.885438  9.432 -100.00 -100.00 -100.00
 242    61.890 57050.79795543  9.51 198.768380  61.884045 12.387 -100.00 -100.00 -100.00
 242    57.918 57050.79795602  1.16 198.773103  61.882653  6.168 -100.00 -100.00 -100.00
 243    69.871 57060.71359505  0.95 198.758548  61.887499  4.247 -100.00 -100.00 -100.00
 243    63.537 57060.71359564  9.62 198.763272  61.886108  9.025 -100.00 -100.00 -100.00
 243    61.362 57060.71359623  9.40 198.767995  61.884716 12.650 -100.00 -100.00 -100.00
 243    58.882 57060.71359682  1.07 198.772718  61.883323  6.046 -100.00 -100.00 -100.00
 244     9.681 57070.62923043 24.21 198.759577  61.887630 16.971  247.45  246.51  241.81
 244     9.961 57070.62923102 28.01 198.764301  61.886239 20.141  247.45  246.51  241.81
 244     9.964 57070.62923161 29.15 198.769024  61.884847 24.879  247.45  246.51  241.81
 244    10.031 57070.62923220 25.13 198.773747  61.883455 17.554  247.45  246.51  241.81
 245    69.144 57080.54486201 13.74 198.765478  61.886782  9.115  247.47  244.30  240.79
 245    58.265 57080.54486260 14.84 198.770201  61.885390  9.982  247.47  244.30  240.79
 245    53.761 57080.54486319  8.89 198.774924  61.883998 15.360  247.47  244.30  240.79
 247     9.223 57100.37616059 29.13 198.767807  61.887302 26.464 -100.00 -100.00 -100.00
 247     9.400 57100.37616118 30.61 198.772530  61.885909 27.913 -100.00 -100.00 -100.00
 247     9.127 57100.37616177 27.09 198.777252  61.884517 26.472 -100.00 -100.00 -100.00
 248    12.943 57110.29181522 20.91 198.768367  61.887254 13.605 -100.00 -100.00 -100.00
 248    10.217 57110.29181581 22.08 198.773090  61.885862 15.525 -100.00 -100.00 -100.00
 248     8.795 57110.29181640 29.05 198.777813  61.884470 32.701 -100.00 -100.00 -100.00
 249    14.672 57120.20746414 26.02 198.767251  61.886943 11.403 -100.00 -100.00 -100.00
 249    14.932 57120.20746473 26.62 198.771974  61.885551 11.850 -100.00 -100.00 -100.00
 249    15.112 57120.20746532 31.28 198.776697  61.884158 17.833 -100.00 -100.00 -100.00
 250    14.455 57130.12310693 28.52 198.762971  61.886908 20.589 -100.00 -100.00 -100.00
 250    14.570 57130.12310752 30.18 198.767694  61.885515 19.938 -100.00 -100.00 -100.00
 250    14.745 57130.12310811 29.44 198.772417  61.884123 20.337 -100.00 -100.00 -100.00
 251     9.115 57140.03874455 35.65 198.760499  61.887232 31.293  264.00  263.92  262.87
 251     9.610 57140.03874514 36.41 198.765222  61.885840 25.823  264.00  263.92  262.87
 251    14.266 57140.03874573 37.97 198.769946  61.884448   -100  264.00  263.92  262.87
 251    14.651 57140.03874632 35.50 198.774669  61.883055 30.875  264.00  263.92  262.87
 252    56.641 57149.95437940 21.20 198.764693  61.886948 25.742 -100.00 -100.00 -100.00
 252    55.221 57149.95437999 20.99 198.769416  61.885556   -100  267.47  267.46  267.40
 252    38.733 57149.95438058 11.35 198.774139  61.884164  6.400  267.47  267.46  267.40
 253    14.558 57159.87001099 40.44 198.766730  61.887885 25.169  260.77  261.40  260.84
 253    14.602 57159.87001158 42.24 198.771454  61.886493 30.064  260.77  261.40  260.84
 253    14.235 57159.87001217 42.91 198.776177  61.885100   -100  260.77  261.40  260.84
 254    63.360 57169.78566317 23.42 198.765234  61.887112 10.605  264.20  264.92  263.06
 254    59.766 57169.78566376 28.26 198.769957  61.885720 21.080  264.20  264.92  263.06
 254    57.401 57169.78566435 24.84 198.774680  61.884328   -100  264.20  264.92  263.06
 255    14.890 57179.70131831 29.17 198.758912  61.886589 21.819  259.71  259.04  257.93
 255    67.016 57179.70131890  7.07 198.763636  61.885197  7.033  259.71  259.04  257.93
 255    15.650 57179.70131949 39.31 198.768359  61.883805 24.860  259.71  259.04  257.93
 255    61.153 57179.70132009 14.75 198.773081  61.882413 21.333  259.71  259.04  257.93
 256    13.476 57189.61696927 30.06 198.751776  61.886670   -100  264.12  264.60  262.02
 256    13.783 57189.61696986 23.17 198.756500  61.885278 16.173  264.12  264.60  262.02
 256    14.346 57189.61697045 21.26 198.761223  61.883887 10.174  264.12  264.60  262.02
 256    14.698 57189.61697104 24.24 198.765945  61.882495 15.614  264.12  264.60  262.02
 257    11.710 57199.53261753 28.63 198.754510  61.885641   -100 -100.00 -100.00 -100.00
 257    11.875 57199.53261812 23.24 198.759233  61.884249 20.867 -100.00 -100.00 -100.00
 257    11.584 57199.53261871 22.70 198.763956  61.882858 21.391 -100.00 -100.00 -100.00
 257    12.666 57199.53261930 20.07 198.768678  61.881466 11.311 -100.00 -100.00 -100.00
 259    11.761 57219.36389577 27.71 198.757773  61.887382 31.706 -100.00 -100.00 -100.00
 259    12.521 57219.36389636 19.22 198.762497  61.885990  9.014 -100.00 -100.00 -100.00
 259    12.360 57219.36389695 18.79 198.767220  61.884598  7.797 -100.00 -100.00 -100.00
 259    12.253 57219.36389754 19.62 198.771942  61.883206  9.842 -100.00 -100.00 -100.00
 260    68.907 57229.27953898 17.11 198.759920  61.887199 13.728 -100.00 -100.00 -100.00
 260    65.858 57229.27953957 19.26 198.764643  61.885807 12.278 -100.00 -100.00 -100.00
 260    62.020 57229.27954016 26.43 198.769367  61.884415 16.132 -100.00 -100.00 -100.00
 260    57.880 57229.27954075 24.56 198.774089  61.883023 25.893 -100.00 -100.00 -100.00
 261    37.807 57239.19517966  5.76 198.759048  61.887348  5.605 -100.00 -100.00 -100.00
 261    12.712 57239.19518025 13.23 198.763772  61.885956 16.641 -100.00 -100.00 -100.00
 261    12.429 57239.19518084 14.22 198.768496  61.884564 13.748 -100.00 -100.00 -100.00
 261    12.144 57239.19518143 16.03 198.773219  61.883172 11.368 -100.00 -100.00 -100.00
 262    69.011 57249.11081744 15.81 198.759351  61.887374 12.275 -100.00 -100.00 -100.00
 262    64.730 57249.11081803 16.92 198.764075  61.885982 17.275 -100.00 -100.00 -100.00
 262    61.114 57249.11081862 29.37 198.768799  61.884590 25.649 -100.00 -100.00 -100.00
 262    57.820 57249.11081921 22.83 198.773522  61.883198   -100 -100.00 -100.00 -100.00
 263    13.892 57259.02645310 16.55 198.762527  61.887775 16.347  267.16  266.88  265.57
 263    12.296 57259.02645369 17.53 198.767251  61.886383 14.464  267.16  266.88  265.57
 263    12.036 57259.02645428 18.63 198.771975  61.884991 17.975  267.16  266.88  265.57
 263    11.868 57259.02645487 17.70 198.776699  61.883599 12.142  267.16  266.88  265.57
 264    62.168 57268.94208807 15.08 198.770585  61.887715  7.726  267.23  268.56  266.87
 264    59.228 57268.94208866 18.19 198.775309  61.886323  9.314  267.23  268.56  266.87
 264    56.629 57268.94208925 23.06 198.780032  61.884930   -100  267.23  268.56  266.87
 265    14.555 57278.85773871 17.64 198.772479  61.888135  5.803  261.52  262.61  261.98
 265    14.758 57278.85773930 15.57 198.777203  61.886743  3.673  261.52  262.61  261.98
 265    14.777 57278.85773989 15.99 198.781926  61.885350  3.799  261.52  262.61  261.98
 266    65.684 57288.77339431 12.55 198.768592  61.888559 21.099  258.10  258.13  256.53
 266    68.094 57288.77339490 12.60 198.773315  61.887167 14.648  258.10  258.13  256.53
 266    69.676 57288.77339549 20.14 198.778039  61.885775 11.234  258.10  258.13  256.53
 267    13.270 57298.68904736 38.14 198.766045  61.887311 24.634 -100.00 -100.00 -100.00
 267    13.922 57298.68904795 44.59 198.770769  61.885918 24.446  258.29  258.68  257.34
 267    13.330 57298.68904854 52.91 198.775492  61.884526   -100  258.29  258.68  257.34
 268    61.199 57308.60469657 21.28 198.761608  61.886323  9.379  256.21  256.44  255.75
 268    57.467 57308.60469716 27.22 198.766332  61.884931 18.757  256.21  256.44  255.75
 268    57.131 57308.60469775 20.26 198.771055  61.883539   -100  256.21  256.44  255.75
 269    67.347 57318.52034189  9.93 198.756313  61.886714  4.481  257.24  257.03  256.54
 269    66.345 57318.52034248  9.40 198.761037  61.885322  4.477  257.24  257.03  256.54
 269    66.761 57318.52034307 19.20 198.765760  61.883930 15.798  257.24  257.03  256.54
 269    64.502 57318.52034366 19.17 198.770483  61.882538 13.648  257.24  257.03  256.54
 270    58.641 57328.43598491  6.97 198.759522  61.886004  5.848 -100.00 -100.00 -100.00
 270    39.177 57328.43598550  9.38 198.764245  61.884612  4.325 -100.00 -100.00 -100.00
 270    39.081 57328.43598609  8.44 198.768968  61.883220  4.642  258.56  258.72  258.11
 271    10.197 57338.35162510 40.48 198.758798  61.887593 25.445 -100.00 -100.00 -100.00
 271    10.344 57338.35162569 42.60 198.763522  61.886201 21.775 -100.00 -100.00 -100.00
 271    10.152 57338.35162628 45.60 198.768245  61.884808 30.482  251.68  249.38  247.44
 271     9.964 57338.35162687 49.61 198.772968  61.883416   -100  251.68  249.38  247.44
 272    10.087 57348.26727376 25.42 198.760073  61.886613 12.915 -100.00 -100.00 -100.00
 272    10.005 57348.26727435 28.36 198.764797  61.885221 19.139 -100.00 -100.00 -100.00
 272     9.891 57348.26727494 31.54 198.769520  61.883829 25.134 -100.00 -100.00 -100.00
 273     9.593 57358.18291981 22.33 198.757657  61.885520 14.145 -100.00 -100.00 -100.00
 273     9.430 57358.18292040 23.37 198.762380  61.884127 17.419 -100.00 -100.00 -100.00
 273     9.533 57358.18292099 26.78 198.767104  61.882735 25.389  237.64  233.12  224.23
 274     9.469 57368.09856206 22.29 198.751056  61.885729 19.306  237.50  233.72  225.11
 274     9.773 57368.09856265 23.95 198.755780  61.884337 22.232  237.50  233.72  225.11
 274    10.022 57368.09856324 26.93 198.760504  61.882945 28.669  237.50  233.72  225.11
 274    10.215 57368.09856383 28.12 198.765228  61.881553 28.980  237.50  233.72  225.11
 275     9.850 57378.01420191 17.15 198.749803  61.886424  8.993 -100.00 -100.00 -100.00
 275    10.123 57378.01420250 19.91 198.754527  61.885032 13.129 -100.00 -100.00 -100.00
 275    10.200 57378.01420309 24.71 198.759252  61.883640 24.520 -100.00 -100.00 -100.00
 275    10.245 57378.01420368 26.47 198.763975  61.882248 26.165 -100.00 -100.00 -100.00
 276    57.299 57387.92984135 17.95 198.760197  61.886066 14.910 -100.00 -100.00 -100.00
 276    55.584 57387.92984194 12.87 198.764921  61.884674 30.795 -100.00 -100.00 -100.00
 276    55.941 57387.92984253 12.30 198.769645  61.883282   -100 -100.00 -100.00 -100.00
 277    10.085 57397.84547910 32.49 198.763354  61.888081 32.719 -100.00 -100.00 -100.00
 277    10.261 57397.84547969 31.85 198.768079  61.886689 27.959 -100.00 -100.00 -100.00
 277    10.200 57397.84548028 34.94 198.772802  61.885297   -100 -100.00 -100.00 -100.00
 277    10.258 57397.84548087 33.40 198.777525  61.883905 31.023 -100.00 -100.00 -100.00
 278     9.752 57407.76111608 26.28 198.770789  61.887316 14.418  229.75  225.40  215.01
 278     9.822 57407.76111667 25.73 198.775512  61.885924 12.114  229.75  225.40  215.01
 278     9.813 57407.76111726 26.31 198.780235  61.884532 12.809  229.75  225.40  215.01
 279     9.717 57417.67676805 29.71 198.762528  61.887564 18.877  237.61  233.96  227.05
 279     9.658 57417.67676864 31.66 198.767252  61.886172 26.085  237.61  233.96  227.05
 279     9.677 57417.67676923 30.46 198.771976  61.884780 20.124  237.61  233.96  227.05
 279     9.787 57417.67676982 30.69 198.776699  61.883388 18.248  237.61  233.96  227.05
 280     9.333 57427.59241838 28.44 198.756690  61.887366 19.957 -100.00 -100.00 -100.00
 280     9.216 57427.59241897 28.84 198.761414  61.885974 19.945 -100.00 -100.00 -100.00
 280     9.416 57427.59241956 27.80 198.766137  61.884582 17.143 -100.00 -100.00 -100.00
 280     9.167 57427.59242015 29.71 198.770860  61.883190 23.277 -100.00 -100.00 -100.00
 281     9.154 57437.50806670 29.98 198.758791  61.886805 29.557 -100.00 -100.00 -100.00
 281     9.241 57437.50806729 28.99 198.763515  61.885413 26.120  233.85  227.42  219.78
 281     9.114 57437.50806788 32.54 198.768237  61.884021   -100  233.85  227.42  219.78
 281     9.291 57437.50806847 28.05 198.772960  61.882629 21.393  233.85  227.42  219.78
 282     9.050 57447.42371360 28.73 198.763522  61.887454 25.881 -100.00 -100.00 -100.00
 282     9.062 57447.42371419 29.51 198.768245  61.886062 25.906 -100.00 -100.00 -100.00
 282     9.162 57447.42371478 29.35 198.772967  61.884670 24.524 -100.00 -100.00 -100.00
 282     9.108 57447.42371537 29.26 198.777690  61.883278 22.882 -100.00 -100.00 -100.00
 283     8.918 57457.33935959 29.63 198.769454  61.887593 29.056 -100.00 -100.00 -100.00
 283     8.763 57457.33936018 28.89 198.774177  61.886201 22.125 -100.00 -100.00 -100.00
 283     8.899 57457.33936077 26.07 198.778900  61.884809 15.718  237.78  232.46  222.86
 284     8.869 57467.25500263 24.50 198.770897  61.887361 15.633 -100.00 -100.00 -100.00
 284     8.843 57467.25500323 25.04 198.775620  61.885968 16.427  232.90  225.84  215.12
 284     8.740 57467.25500382 23.36 198.780343  61.884576 11.213  232.90  225.84  215.12
 285     8.990 57477.17064094 27.07 198.764388  61.887799 19.532 -100.00 -100.00 -100.00
 285     8.693 57477.17064153 29.44 198.769112  61.886407 23.123 -100.00 -100.00 -100.00
 285     8.694 57477.17064212 30.32 198.773835  61.885015 28.111 -100.00 -100.00 -100.00
 285     8.797 57477.17064271 28.17 198.778558  61.883622 17.896 -100.00 -100.00 -100.00
 286    14.514 57487.08627674 27.70 198.763289  61.886457 12.355  262.43  261.48  260.28
 286    14.663 57487.08627733 29.32 198.768013  61.885065 16.524  262.43  261.48  260.28
 286    15.156 57487.08627792 28.88 198.772736  61.883673 12.853  262.43  261.48  260.28
 287     9.514 57497.00191034 34.68 198.763536  61.886537 26.033 -100.00 -100.00 -100.00
 287     9.265 57497.00191093 32.38 198.768260  61.885145 19.657 -100.00 -100.00 -100.00
 287     9.366 57497.00191152 33.06 198.772983  61.883753 24.324 -100.00 -100.00 -100.00
 288     9.429 57506.91754777 40.58 198.764599  61.888122 21.822  265.60  265.19  264.91
 288     8.498 57506.91754836 39.57 198.769323  61.886730 20.795  265.60  265.19  264.91
 288     9.323 57506.91754895 45.60 198.774046  61.885338 21.736  265.60  265.19  264.91
 288     8.794 57506.91754954 51.36 198.778769  61.883946   -100  265.60  265.19  264.91
 289    65.841 57516.83320408  8.21 198.764077  61.888205  7.813  262.46  262.45  262.35
 289    68.724 57516.83320468 14.32 198.768801  61.886813  9.874  262.46  262.45  262.35
 289    69.228 57516.83320527 20.07 198.773524  61.885421 10.656  262.46  262.45  262.35
 289    64.102 57516.83320586 23.45 198.778247  61.884029 18.429  262.46  262.45  262.35
 290    15.081 57526.74885788 38.44 198.764636  61.886966 21.399  261.33  261.39  260.51
 290    14.516 57526.74885847 47.53 198.769360  61.885574   -100  261.33  261.39  260.51
 290    14.268 57526.74885906 48.43 198.774082  61.884181   -100  261.33  261.39  260.51
 291    67.449 57536.66450813  8.64 198.756122  61.886836  8.131  266.76  267.03  264.81
 291    63.815 57536.66450872  6.13 198.760845  61.885445  7.651  266.76  267.03  264.81
 291    43.605 57536.66450931  4.52 198.765568  61.884053  5.805  266.76  267.03  264.81
 291    60.912 57536.66450990  6.25 198.770291  61.882661  8.357  266.76  267.03  264.81
 292    71.365 57546.58015627 18.46 198.752928  61.885472  9.363  260.78  260.30  258.00
 292    68.323 57546.58015686 16.49 198.757651  61.884080  9.378  260.78  260.30  258.00
 292    62.083 57546.58015745 18.66 198.762374  61.882689   -100  260.78  260.30  258.00
 292    58.853 57546.58015804 19.77 198.767096  61.881297   -100  260.78  260.30  258.00
 293    40.515 57556.49580272  4.10 198.752201  61.885444  3.902  269.32  270.05  268.19
 293    41.920 57556.49580331  3.03 198.756924  61.884053  4.478  269.32  270.05  268.19
 293    70.008 57556.49580390  2.18 198.761647  61.882661  3.230  269.32  270.05  268.19
 293    69.602 57556.49580449  2.57 198.766369  61.881269  3.211  269.32  270.05  268.19
 294    40.901 57566.41144820  6.40 198.756817  61.886287  4.232  268.66  269.16  266.03
 294    40.933 57566.41144879  5.45 198.761540  61.884895  5.583  268.66  269.16  266.03
 294    42.753 57566.41144938  4.53 198.766263  61.883503  3.941  268.66  269.16  266.03
 294    40.077 57566.41144997  4.92 198.770985  61.882111  4.555  268.66  269.16  266.03
 295    67.135 57576.32709321  7.90 198.763930  61.886513  7.371 -100.00 -100.00 -100.00
 295    39.629 57576.32709380  3.42 198.768653  61.885121  4.414 -100.00 -100.00 -100.00
 295    68.053 57576.32709439  3.05 198.773375  61.883729  4.193 -100.00 -100.00 -100.00
 296    68.392 57586.24273631  0.39 198.762500  61.887759  2.761  272.97  272.86  270.29
 296    67.980 57586.24273691  0.85 198.767223  61.886367  4.087  272.97  272.86  270.29
 296    67.908 57586.24273750  0.99 198.771946  61.884975  4.119  272.97  272.86  270.29
 296    67.555 57586.24273809  1.44 198.776669  61.883583  4.887  272.97  272.86  270.29
 297    13.711 57596.15837755 28.07 198.762449  61.886977   -100  273.35  273.32  270.42
 297    13.452 57596.15837814 19.43 198.767173  61.885585 10.701  273.35  273.32  270.42
 297    13.863 57596.15837873 26.23 198.771896  61.884193 19.066  273.35  273.32  270.42
