# NaN NaN NaN ;Mean Elev.(m), Avg Gradient(m/km), RMS Gradient(m/km) - SRTM1     
#   12.077 -13.125  52.084 ;Mean Elev.(m), Avg Gradient(m/km), RMS Gradient(m/km) - ASTER GDEM
#   45.011 -10.380  49.374 ;Mean Elev.(m), Avg Gradient(m/km), RMS Gradient(m/km) - GMTED2010 
   3 201.537844  64.463392     2.507    -3.158  3 54685.87674952 22.912
   5 201.537700  64.464507     7.824     8.864  3 54705.70803024 25.967
   7 201.535950  64.458811    11.153    11.150  4 54725.53933308 11.308
  16 201.538632  64.461523    30.541    30.565  3 54814.78011619 19.621
  17 201.535843  64.462471    30.457    30.451  3 54824.69576155 22.177
  18 201.535913  64.460966    30.750    30.685  4 54834.61140150 18.169
  19 201.533689  64.460512    30.428    30.319  4 54844.52705121 16.231
  20 201.536813  64.460554    31.131    30.675  3 54854.44270047  9.235
  21 201.537672  64.461999    30.336    30.190  4 54864.35834920 10.743
  22 201.536318  64.462831    30.189    30.092  3 54874.27399749 11.110
  23 201.535922  64.461920    31.217    31.264  4 54884.18964343 12.325
  24 201.533216  64.459757    30.128    30.274  4 54894.10528586 12.759
  25 201.533107  64.457412    30.725    30.885  4 54904.02092590 12.220
  26 201.532376  64.457280    28.495    28.537  4 54913.93656457 15.384
  27 201.530730  64.459131    28.682    28.486  4 54923.85220243 16.195
  28 201.535637  64.460236    28.793    28.881  3 54933.76784017 16.306
  29 201.534756  64.460993    28.262    28.271  4 54943.68347548 20.407
  35 201.536701  64.461784    34.059    34.110  3 55003.17734343 30.080
  36 201.535540  64.461472    33.867    33.874  3 55013.09298777 46.394
  38 201.537398  64.460939    33.457    33.454  4 55032.92427338 25.661
  42 201.534866  64.460579    31.840    31.824  3 55072.58683709 45.295
  43 201.532685  64.458458    31.560    31.586  4 55082.50248544 42.730
  46 201.534556  64.459740    31.510    31.836  3 55112.24942473 20.259
  51 201.533858  64.459456    30.498    30.053  3 55161.82762523 23.160
  52 201.537533  64.461190    30.644    30.606  4 55171.74326367 22.493
  53 201.536816  64.462735    30.173    30.241  3 55181.65890016 22.344
  54 201.536771  64.462058    30.803    30.441  4 55191.57455000 16.046
  55 201.535708  64.461589    30.495    30.538  4 55201.49020013 14.148
  56 201.536344  64.461474    31.010    30.693  3 55211.40584970 13.139
  57 201.536747  64.461792    30.447    30.419  4 55221.32149873 15.328
  58 201.535883  64.461326    29.739    29.644  3 55231.23714655 16.873
  59 201.534461  64.460272    29.800    29.445  4 55241.15279116 17.621
  60 201.532966  64.458730    28.586    28.673  4 55251.06843229 21.898
  61 201.532134  64.457732    29.330    28.966  4 55260.98407121 19.057
  62 201.530911  64.458322    30.255    30.058  4 55270.89970915 16.470
  63 201.533269  64.459052    29.234    29.209  3 55280.81534737 16.534
  64 201.533750  64.459905    29.256    29.081  4 55290.73098421 16.596
  65 201.534073  64.460132    28.678    28.692  4 55300.64661876 17.526
  66 201.533766  64.458991    28.497    28.484  3 55310.56226513 22.743
  67 201.531734  64.458443    30.258    30.250  4 55320.47791061 32.977
  71 201.536482  64.461400    32.311    32.014  4 55360.14048571 29.403
  72 201.535903  64.461711    32.224    32.262  4 55370.05612548 35.899
  75 201.536457  64.463292    32.428    32.440  3 55399.80303822 20.117
  77 201.534872  64.460190    31.998    31.987  4 55419.63433610 28.072
  80 201.533163  64.459013    32.477    32.564  3 55449.38127094 51.222
  86 201.535287  64.460164    28.659    28.651  4 55508.87510342 45.275
  87 201.534562  64.461051    30.015    30.104  4 55518.79075345 39.960
  88 201.535582  64.461394    29.931    29.967  3 55528.70640277 33.935
  89 201.535730  64.461308    29.562    29.575  3 55538.62205019 22.864
  90 201.537002  64.461045    29.571    29.526  4 55548.53769544 21.145
  91 201.536613  64.461463    30.012    29.796  3 55558.45333871 18.411
  92 201.535604  64.462418    30.347    30.338  3 55568.36898096 17.062
  93 201.539341  64.461847    31.100    31.174  3 55578.28462292 15.625
  94 201.536478  64.460948    30.730    30.693  3 55588.20026200 15.338
  95 201.533064  64.459534    29.066    28.954  4 55598.11589802 19.585
  96 201.534064  64.458393    28.858    28.710  4 55608.03153181 21.641
  97 201.531873  64.459599    28.537    28.544  4 55617.94716327 18.932
  98 201.535499  64.460591    28.789    28.636  3 55627.86280965 20.317
  99 201.535363  64.461078    28.396    28.440  4 55637.77846105 18.942
 100 201.533737  64.460310    27.956    27.901  4 55647.69411036 22.384
 101 201.535247  64.457992    28.417    28.364  4 55657.60975716 21.540
 102 201.532259  64.457488    28.028    28.036  4 55667.52539920 23.247
 104 201.535722  64.460261    29.682    29.617  3 55687.35667635 30.760
 105 201.536850  64.462044    32.517    32.542  3 55697.27231262 36.852
 107 201.537663  64.461540    34.599    34.619  4 55717.10359868 33.175
 110 201.536228  64.462575    33.972    33.905  3 55746.85053956 21.808
 115 201.534527  64.458924    32.846    32.652  4 55796.42873139 41.733
 119 201.532660  64.459312    32.623    32.669  4 55836.09130877 20.099
 122 201.537789  64.461313    29.818    29.654  3 55865.83822484 45.368
 123 201.536755  64.462920    29.757    29.801  3 55875.75387740 20.535
 124 201.537175  64.462765    29.825    29.870  3 55885.66952433 17.196
 125 201.535612  64.462253    30.071    30.077  3 55895.58516525 14.473
 126 201.537657  64.461504    31.676    31.664  4 55905.50080125 12.517
 127 201.536779  64.462073    29.316    29.363  4 55915.41644355 21.350
 128 201.537250  64.462327    31.905    32.015  3 55925.33209724 10.688
 129 201.537158  64.462194    31.000    30.810  3 55935.24774767 10.132
 130 201.536349  64.460371    31.150    31.246  3 55945.16339339 10.228
 131 201.534875  64.457968    30.998    31.091  4 55955.07903472 10.356
 132 201.531077  64.457253    31.474    31.525  5 55964.99467303 10.126
 133 201.530610  64.458572    31.044    30.926  4 55974.91031018 10.956
 134 201.536211  64.460419    31.614    31.545  3 55984.82594689  9.798
 135 201.537206  64.462259    31.309    31.161  3 55994.74158073  9.664
 136 201.536128  64.460982    29.350    29.364  4 56004.65723292 12.859
 137 201.535016  64.458418    28.832    28.812  4 56014.57288151 17.943
 138 201.529433  64.457905    28.221    28.309  4 56024.48852639 21.540
 139 201.532924  64.458623    28.338    28.348  3 56034.40416982 23.362
 140 201.534714  64.461227    30.500    30.363  4 56044.31981084 22.437
 142 201.538687  64.463369    34.244    34.274  4 56064.15108406 49.397
 143 201.535956  64.462529   169.620   169.620  2 56074.06672709  0.372
 146 201.537635  64.461632    33.760    33.868  3 56103.81366977 26.916
 150 201.533100  64.458643    34.181    34.184  4 56143.47621238 18.983
 153 201.537133  64.460720    32.534    32.372  3 56173.22315908 41.133
 154 201.536846  64.460504    32.808    32.824  3 56183.13880106 48.472
 161 201.536109  64.462443    30.619    30.449  3 56252.54829729 25.213
 162 201.536967  64.461217    30.750    30.759  4 56262.46394076 24.228
 163 201.537516  64.461045    30.540    30.568  3 56272.37958208 19.394
 164 201.535653  64.461676    30.206    30.224  4 56282.29522383 15.790
 165 201.534795  64.461210    30.386    30.207  4 56292.21087568 13.926
 166 201.533860  64.459784    30.154    30.195  3 56302.12652314 14.158
 167 201.530843  64.458651    31.285    30.916  4 56312.04216620 14.801
 168 201.533976  64.457724    31.359    31.374  4 56321.95780768 14.762
 169 201.534479  64.458750    29.400    29.350  4 56331.87344825 17.603
 170 201.536057  64.459988    29.539    29.260  4 56341.78908847 17.821
 171 201.535237  64.461113    28.358    28.245  3 56351.70472619 19.654
 172 201.535492  64.460611    28.365    28.239  3 56361.62036619 20.474
 173 201.536113  64.459097    28.523    28.557  4 56371.53601585 21.215
 175 201.535184  64.460052    28.103    28.216  4 56391.36730707 20.476
 176 201.536660  64.461551    28.647    28.725  4 56401.28295002 19.838
 178 201.537955  64.462958    29.473    29.263  3 56421.11422554 21.680
 179 201.537892  64.462637    30.267    30.226  4 56431.02986412 25.356
 182 201.536265  64.460669    35.830    35.857  4 56460.77681574 48.516
 184 201.532962  64.459161    33.151    33.142  4 56480.60810168 37.271
 185 201.535626  64.458458    33.575    33.664  4 56490.52373924 26.428
 186 201.535532  64.459295    33.076    33.035  4 56500.43937387 32.201
 188 201.537009  64.461158    32.140    32.117  3 56520.27065027 49.454
 190 201.535201  64.460148    33.118    33.027  3 56540.10195300 22.501
 191 201.539041  64.458991    32.020    32.071  3 56550.01759859 54.822
 197 201.537036  64.461586    29.295    29.221  3 56609.51145645 41.531
 198 201.535295  64.461780    30.047    29.992  3 56619.42710206 37.297
 199 201.538179  64.461633    30.325    30.402  3 56629.34274488 31.442
 200 201.536927  64.461663    30.262    30.233  3 56639.25838411 24.262
 201 201.534651  64.460456    30.362    30.342  3 56649.17402886 20.153
 202 201.531354  64.458813    30.569    30.581  4 56659.08967989 17.026
 203 201.531780  64.458075    30.491    30.506  4 56669.00532729 16.843
 204 201.533006  64.459256    30.452    30.544  4 56678.92097229 15.515
 205 201.534244  64.460801    30.543    30.476  4 56688.83661579 15.050
 206 201.535531  64.461139    30.778    30.858  3 56698.75225683 15.124
 207 201.534170  64.460716    30.661    30.541  4 56708.66789306 15.403
 208 201.534289  64.459786    29.818    29.892  3 56718.58353191 17.355
 210 201.536431  64.460464    29.101    28.794  3 56738.41483318 19.173
 211 201.538198  64.462100    30.177    30.096  3 56748.33047800 16.060
 212 201.540459  64.462719    30.405    30.328  3 56758.24611834 16.117
 213 201.536623  64.463266    29.313    29.378  3 56768.16175209 33.153
 215 201.537072  64.460568    33.301    33.241  4 56787.99305462 49.105
 222 201.535085  64.459779    33.908    33.968  4 56857.40254987 32.231
 223 201.536300  64.461156    34.813    34.734  3 56867.31820322 44.308
 226 201.538409  64.457998    34.025    33.923  3 56897.06514989 22.835
 230 201.539687  64.463929    31.921    31.921  2 56936.72770841 35.587
 231 201.540780  64.463446    31.292    31.253  3 56946.64333876 48.194
 233 201.535376  64.460242    30.653    30.742  3 56966.47464126 44.260
 234 201.535195  64.460893    30.140    30.153  4 56976.39028572 40.859
 235 201.536324  64.462162    32.118    32.063  3 56986.30592573 43.223
 236 201.537166  64.462459    31.209    31.259  4 56996.22156009 28.151
 237 201.536075  64.460776    30.620    30.555  4 57006.13720392 21.356
 238 201.532954  64.458473    30.625    30.698  4 57016.05285830 18.272
 239 201.531866  64.457853    30.912    31.047  5 57025.96850880 13.509
 240 201.535450  64.459060    31.387    31.359  4 57035.88415760 11.363
 241 201.536174  64.461126    31.619    31.515  4 57045.79980352 11.127
 242 201.536678  64.461887    31.231    31.259  4 57055.71544622 11.171
 243 201.536874  64.460784    30.979    30.910  3 57065.63108394 10.931
 244 201.536083  64.460145    29.171    29.130  4 57075.54671692 19.841
 245 201.535175  64.461175    28.694    28.649  3 57085.46234660 20.206
 246 201.537622  64.462241    30.272    29.946  3 57095.37800253 14.144
 247 201.541344  64.463053    28.409    28.415  3 57105.29365914 20.528
 248 201.541099  64.463411    28.470    28.460  3 57115.20931096 19.233
 249 201.539640  64.462181    28.960    28.845  3 57125.12495657 18.436
 250 201.537311  64.460713    28.608    28.750  3 57135.04059685 19.162
 254 201.538956  64.461639    34.690    34.654  3 57174.70316217 24.784
 256 201.539339  64.457553    32.022    32.022  2 57194.53446499 36.515
 259 201.536036  64.461037    32.886    32.926  4 57224.28138901 51.853
 261 201.537735  64.461577    32.518    32.522  3 57244.11266986 33.059
 262 201.537132  64.460722    34.335    34.421  4 57254.02830615 16.462
 264 201.536406  64.463281    33.922    33.623  3 57273.85957976 43.274
 265 201.540675  64.463843    32.826    32.813  3 57283.77523748 24.511
 266 201.539449  64.463854    32.881    32.838  3 57293.69089201 43.571
 267 201.539616  64.462054    35.096    35.241  3 57303.60654325 16.989
 269 201.535886  64.459351    31.017    30.662  4 57323.43783426 25.871
 270 201.534547  64.459973    30.218    30.175  4 57333.35347602 48.904
 271 201.536671  64.460802    29.815    29.779  4 57343.26911610 42.021
 272 201.534782  64.460538    30.300    30.276  3 57353.18476875 27.642
 273 201.532573  64.459941    30.603    30.600  4 57363.10041262 20.240
 274 201.532900  64.458677    30.752    30.680  3 57373.01605347 20.399
 275 201.534292  64.458622    31.210    31.208  4 57382.93169257 16.416
 276 201.536474  64.459750    31.169    31.184  4 57392.84733125 14.580
 277 201.536042  64.461876    30.803    30.809  3 57402.76296870 14.165
 278 201.536401  64.462624    30.970    30.817  3 57412.67861267 12.944
 279 201.537169  64.461720    30.993    30.758  4 57422.59426458 13.423
 280 201.535438  64.461177    31.010    30.902  3 57432.50991345 12.260
 281 201.537025  64.461056    31.214    31.254  4 57442.42556071 12.140
 282 201.536677  64.462195    30.934    30.943  4 57452.34120694 10.986
 283 201.538728  64.462800    30.932    30.815  3 57462.25685178 10.755
 284 201.538334  64.462915    30.708    30.618  3 57472.17249292 10.258
 285 201.538114  64.462157    29.877    29.669  3 57482.08813026 14.883
 287 201.535510  64.461750    30.291    30.277  3 57501.91939665 30.292
 291 201.535129  64.459385    33.634    33.615  4 57541.58200427 25.145
 293 201.536859  64.458655    32.784    32.721  3 57561.41329643 31.988
