-147673.058    -0.145     0.00    0.00
-147386.068    -0.145     0.00    0.00
-147099.061    -0.145     0.00    0.00
-146812.036    -0.145     0.00    0.00
-146524.994    -0.145     0.00    0.00
-146237.934    -0.145     0.00    0.00
-145950.857    -0.145     0.00    0.00
-145663.763    -0.145     0.00    0.00
-145376.651    -0.145     0.00    0.00
-145089.522    -0.145     0.00    0.00
-144802.375    -0.145     0.00    0.00
-144515.212    -0.145     0.00    0.00
-144228.030    -0.145     0.00    0.00
-143940.832    -0.145     0.00    0.00
-143653.616    -0.145     0.00    0.00
-143366.382    -0.145     0.00    0.00
-143079.131    -0.145     0.00    0.00
-142791.863    -0.145     0.00    0.00
-142504.577    -0.145     0.00    0.00
-142217.274    -0.145     0.00    0.00
-141929.954    -0.145     0.00    0.00
-141642.616    -0.145     0.00    0.00
-141355.260    -0.145     0.00    0.00
-141067.887    -0.145     0.00    0.00
-140780.497    -0.145     0.00    0.00
-140493.090    -0.145     0.00    0.00
-140205.664    -0.145     0.00    0.00
-139918.222    -0.145     0.00    0.00
-139630.762    -0.145     0.00    0.00
-139343.284    -0.145     0.00    0.00
-139055.789    -0.145     0.00    0.00
-138768.277    -0.145     0.00    0.00
-138480.747    -0.145     0.00    0.00
-138193.200    -0.145     0.00    0.00
-137905.635    -0.145     0.00    0.00
-137618.052    -0.145     0.00    0.00
-137330.453    -0.145     0.00    0.00
-137042.835    -0.145     0.00    0.00
-136755.201    -0.145     0.00    0.00
-136467.548    -0.145     0.00    0.00
-136179.878    -0.145     0.00    0.00
-135892.191    -0.145     0.00    0.00
-135604.486    -0.145     0.00    0.00
-135316.764    -0.145     0.00    0.00
-135029.024    -0.145     0.00    0.00
-134741.267    -0.145     0.00    0.00
-134453.492    -0.145     0.00    0.00
-134165.700    -0.145     0.00    0.00
-133877.890    -0.145     0.00    0.00
-133590.062    -0.145     0.00    0.00
-133302.217    -0.145     0.00    0.00
-133014.355    -0.145     0.00    0.00
-132726.475    -0.145     0.00    0.00
-132438.577    -0.145     0.00    0.00
-132150.662    -0.145     0.00    0.00
-131862.729    -0.145     0.00    0.00
-131574.779    -0.145     0.00    0.00
-131286.811    -0.145     0.00    0.00
-130998.826    -0.145     0.00    0.00
-130710.823    -0.145     0.00    0.00
-130422.802    -0.145     0.00    0.00
-130134.764    -0.145     0.00    0.00
-129846.708    -0.145     0.00    0.00
-129558.635    -0.145     0.00    0.00
-129270.544    -0.145     0.00    0.00
-128982.436    -0.145     0.00    0.00
-128694.310    -0.145     0.00    0.00
-128406.166    -0.145     0.00    0.00
-128118.005    -0.145     0.00    0.00
-127829.826    -0.145     0.00    0.00
-127541.629    -0.145     0.00    0.00
-127253.415    -0.145     0.00    0.00
-126965.183    -0.145     0.00    0.00
-126676.934    -0.145     0.00    0.00
-126388.667    -0.145     0.00    0.00
-126100.382    -0.145     0.00    0.00
-125812.080    -0.145     0.00    0.00
-125523.760    -0.145     0.00    0.00
-125235.423    -0.145     0.00    0.00
-124947.067    -0.145     0.00    0.00
-124658.694    -0.145     0.00    0.00
-124370.304    -0.145     0.00    0.00
-124081.896    -0.145     0.00    0.00
-123793.470    -0.145     0.00    0.00
-123506.144    -0.145     0.00    0.00
-123221.359    -0.145     0.00    0.00
-122936.559    -0.145     0.00    0.00
-122651.742    -0.145     0.00    0.00
-122366.908    -0.145     0.00    0.00
-122082.058    -0.145     0.00    0.00
-121797.192    -0.145     0.00    0.00
-121512.309    -0.145     0.00    0.00
-121227.410    -0.145     0.00    0.00
-120942.494    -0.145     0.00    0.00
-120657.562    -0.145     0.00    0.00
-120372.614    -0.145     0.00    0.00
-120087.649    -0.145     0.00    0.00
-119802.668    -0.145     0.00    0.00
-119517.670    -0.145     0.00    0.00
-119232.656    -0.145     0.00    0.00
-118947.625    -0.145     0.00    0.00
-118662.578    -0.145     0.00    0.00
-118377.514    -0.145     0.00    0.00
-118092.434    -0.145     0.00    0.00
-117807.338    -0.145     0.00    0.00
-117522.225    -0.145     0.00    0.00
-117237.095    -0.145     0.00    0.00
-116951.949    -0.145     0.00    0.00
-116666.787    -0.145     0.00    0.00
-116381.608    -0.145     0.00    0.00
-116096.413    -0.145     0.00    0.00
-115811.201    -0.145     0.00    0.00
-115525.973    -0.145     0.00    0.00
-115240.728    -0.145     0.00    0.00
-114955.467    -0.145     0.00    0.00
-114670.189    -0.145     0.00    0.00
-114384.895    -0.145     0.00    0.00
-114099.584    -0.145     0.00    0.00
-113814.256    -0.145     0.00    0.00
-113528.913    -0.145     0.00    0.00
-113243.552    -0.145     0.00    0.00
-112958.175    -0.145     0.00    0.00
-112672.782    -0.145     0.00    0.00
-112387.372    -0.145     0.00    0.00
-112101.946    -0.145     0.00    0.00
-111816.503    -0.145     0.00    0.00
-111531.043    -0.145     0.00    0.00
-111245.567    -0.145     0.00    0.00
-110960.075    -0.145     0.00    0.00
-110674.565    -0.145     0.00    0.00
-110389.040    -0.145     0.00    0.00
-110103.497    -0.145     0.00    0.00
-109817.939    -0.145     0.00    0.00
-109532.363    -0.145     0.00    0.00
-109246.771    -0.145     0.00    0.00
-108961.163    -0.145     0.00    0.00
-108675.538    -0.145     0.00    0.00
-108389.896    -0.145     0.00    0.00
-108104.238    -0.145     0.00    0.00
-107818.563    -0.145     0.00    0.00
-107532.872    -0.145     0.00    0.00
-107247.164    -0.145     0.00    0.00
-106961.439    -0.145     0.00    0.00
-106675.698    -0.145     0.00    0.00
-106389.940    -0.145     0.00    0.00
-106104.166    -0.145     0.00    0.00
-105818.375    -0.145     0.00    0.00
-105532.567    -0.145     0.00    0.00
-105246.743    -0.145     0.00    0.00
-104960.902    -0.145     0.00    0.00
-104675.045    -0.145     0.00    0.00
-104389.171    -0.145     0.00    0.00
-104103.280    -0.145     0.00    0.00
-103817.372    -0.145     0.00    0.00
-103531.449    -0.145     0.00    0.00
-103245.508    -0.145     0.00    0.00
-102959.551    -0.145     0.00    0.00
-102673.577    -0.145     0.00    0.00
-102387.586    -0.145     0.00    0.00
-102101.579    -0.145     0.00    0.00
-101815.555    -0.145     0.00    0.00
-101529.515    -0.145     0.00    0.00
-101243.457    -0.145     0.00    0.00
-100957.384    -0.145     0.00    0.00
-100671.293    -0.145     0.00    0.00
-100385.186    -0.145     0.00    0.00
-100099.062    -0.145     0.00    0.00
 -99812.922    -0.145     0.00    0.00
 -99526.764    -0.145     0.00    0.00
 -99240.590    -0.145     0.00    0.00
 -98954.400    -0.145     0.00    0.00
 -98668.192    -0.145     0.00    0.00
 -98381.968    -0.145     0.00    0.00
 -98095.728    -0.145     0.00    0.00
 -97809.470    -0.145     0.00    0.00
 -97523.196    -0.145     0.00    0.00
 -97236.905    -0.145     0.00    0.00
 -96950.598    -0.145     0.00    0.00
 -96664.274    -0.145     0.00    0.00
 -96377.933    -0.145     0.00    0.00
 -96091.575    -0.145     0.00    0.00
 -95805.201    -0.145     0.00    0.00
 -95518.809    -0.145     0.00    0.00
 -95232.401    -0.145     0.00    0.00
 -94945.977    -0.145     0.00    0.00
 -94659.535    -0.145     0.00    0.00
 -94373.077    -0.145     0.00    0.00
 -94086.602    -0.145     0.00    0.00
 -93800.111    -0.145     0.00    0.00
 -93513.602    -0.145     0.00    0.00
 -93227.077    -0.145     0.00    0.00
 -92940.535    -0.145     0.00    0.00
 -92653.977    -0.145     0.00    0.00
 -92367.401    -0.145     0.00    0.00
 -92080.809    -0.145     0.00    0.00
 -91794.200    -0.145     0.00    0.00
 -91507.574    -0.145     0.00    0.00
 -91220.932    -0.145     0.00    0.00
 -90934.272    -0.145     0.00    0.00
 -90647.596    -0.145     0.00    0.00
 -90360.903    -0.145     0.00    0.00
 -90074.193    -0.145     0.00    0.00
 -89787.467    -0.145     0.00    0.00
 -89500.723    -0.145     0.00    0.00
 -89213.963    -0.145     0.00    0.00
 -88927.186    -0.145     0.00    0.00
 -88640.392    -0.145     0.00    0.00
 -88353.582    -0.145     0.00    0.00
 -88066.754    -0.145     0.00    0.00
 -87779.910    -0.145     0.00    0.00
 -87493.049    -0.145     0.00    0.00
 -87206.171    -0.145     0.00    0.00
 -86919.276    -0.145     0.00    0.00
 -86632.364    -0.145     0.00    0.00
 -86345.436    -0.145     0.00    0.00
 -86058.491    -0.145     0.00    0.00
 -85771.528    -0.145     0.00    0.00
 -85484.549    -0.145     0.00    0.00
 -85197.553    -0.145     0.00    0.00
 -84910.541    -0.145     0.00    0.00
 -84623.511    -0.145     0.00    0.00
 -84336.465    -0.145     0.00    0.00
 -84049.401    -0.145     0.00    0.00
 -83762.321    -0.145     0.00    0.00
 -83475.224    -0.145     0.00    0.00
 -83188.110    -0.145     0.00    0.00
 -82900.979    -0.145     0.00    0.00
 -82613.831    -0.145     0.00    0.00
 -82326.666    -0.145     0.00    0.00
 -82039.485    -0.145     0.00    0.00
 -81752.286    -0.145     0.00    0.00
 -81465.071    -0.145     0.00    0.00
 -81177.838    -0.145     0.00    0.00
 -80890.589    -0.145     0.00    0.00
 -80603.323    -0.145     0.00    0.00
 -80316.040    -0.145     0.00    0.00
 -80028.740    -0.145     0.00    0.00
 -79741.423    -0.145     0.00    0.00
 -79454.089    -0.145     0.00    0.00
 -79166.738    -0.145     0.00    0.00
 -78879.370    -0.145     0.00    0.00
 -78591.986    -0.145     0.00    0.00
 -78304.584    -0.145     0.00    0.00
 -78017.166    -0.145     0.00    0.00
 -77729.730    -0.145     0.00    0.00
 -77442.278    -0.145     0.00    0.00
 -77154.808    -0.145     0.00    0.00
 -76867.322    -0.145     0.00    0.00
 -76579.818    -0.145     0.00    0.00
 -76292.298    -0.145     0.00    0.00
 -76004.761    -0.145     0.00    0.00
 -75717.206    -0.145     0.00    0.00
 -75429.635    -0.145     0.00    0.00
 -75142.047    -0.145     0.00    0.00
 -74854.441    -0.145     0.00    0.00
 -74566.819    -0.145     0.00    0.00
 -74279.180    -0.145     0.00    0.00
 -73991.524    -0.145     0.00    0.00
 -73703.850    -0.145     0.00    0.00
 -73416.160    -0.145     0.00    0.00
 -73128.453    -0.145     0.00    0.00
 -72840.728    -0.145     0.00    0.00
 -72552.987    -0.145     0.00    0.00
 -72265.229    -0.145     0.00    0.00
 -71977.453    -0.145     0.00    0.00
 -71689.661    -0.145     0.00    0.00
 -71401.851    -0.145     0.00    0.00
 -71114.025    -0.145     0.00    0.00
 -70826.181    -0.145     0.00    0.00
 -70538.321    -0.145     0.00    0.00
 -70250.443    -0.145     0.00    0.00
 -69962.549    -0.145     0.00    0.00
 -69674.637    -0.145     0.00    0.00
 -69386.708    -0.145     0.00    0.00
 -69098.762    -0.145     0.00    0.00
 -68810.799    -0.145     0.00    0.00
 -68522.819    -0.145     0.00    0.00
 -68234.822    -0.145     0.00    0.00
 -67946.808    -0.145     0.00    0.00
 -67658.777    -0.145     0.00    0.00
 -67370.729    -0.145     0.00    0.00
 -67082.663    -0.145     0.00    0.00
 -66794.581    -0.145     0.00    0.00
 -66506.481    -0.145     0.00    0.00
 -66218.365    -0.145     0.00    0.00
 -65930.231    -0.145     0.00    0.00
 -65642.080    -0.145     0.00    0.00
 -65353.912    -0.145     0.00    0.00
 -65065.727    -0.145     0.00    0.00
 -64777.525    -0.145     0.00    0.00
 -64489.305    -0.145     0.00    0.00
 -64201.069    -0.145     0.00    0.00
 -63912.815    -0.145     0.00    0.00
 -63624.545    -0.145     0.00    0.00
 -63336.257    -0.145     0.00    0.00
 -63047.952    -0.145     0.00    0.00
 -62759.630    -0.145     0.00    0.00
 -62471.290    -0.145     0.00    0.00
 -62182.934    -0.145     0.00    0.00
 -61894.560    -0.145     0.00    0.00
 -61607.620    -0.145     0.00    0.00
 -61322.793    -0.145     0.00    0.00
 -61037.951    -0.145     0.00    0.00
 -60753.093    -0.145     0.00    0.00
 -60468.218    -0.145     0.00    0.00
 -60183.328    -0.145     0.00    0.00
 -59898.422    -0.145     0.00    0.00
 -59613.500    -0.145     0.00    0.00
 -59328.562    -0.145     0.00    0.00
 -59043.608    -0.145     0.00    0.00
 -58758.638    -0.145     0.00    0.00
 -58473.653    -0.145     0.00    0.00
 -58188.651    -0.145     0.00    0.00
 -57903.633    -0.145     0.00    0.00
 -57618.600    -0.145     0.00    0.00
 -57333.550    -0.145     0.00    0.00
 -57048.485    -0.145     0.00    0.00
 -56763.403    -0.145     0.00    0.00
 -56478.306    -0.145     0.00    0.00
 -56193.193    -0.145     0.00    0.00
 -55908.063    -0.145     0.00    0.00
 -55622.918    -0.145     0.00    0.00
 -55337.757    -0.145     0.00    0.00
 -55052.580    -0.145     0.00    0.00
 -54767.386    -0.145     0.00    0.00
 -54482.177    -0.145     0.00    0.00
 -54196.952    -0.145     0.00    0.00
 -53911.711    -0.145     0.00    0.00
 -53626.454    -0.145     0.00    0.00
 -53341.181    -0.145     0.00    0.00
 -53055.892    -0.145     0.00    0.00
 -52770.587    -0.145     0.00    0.00
 -52485.265    -0.145     0.00    0.00
 -52199.928    -0.145     0.00    0.00
 -51914.575    -0.145     0.00    0.00
 -51629.206    -0.145     0.00    0.00
 -51343.821    -0.145     0.00    0.00
 -51058.420    -0.145     0.00    0.00
 -50773.003    -0.145     0.00    0.00
 -50487.569    -0.145     0.00    0.00
 -50202.120    -0.145     0.00    0.00
 -49916.655    -0.145     0.00    0.00
 -49631.174    -0.145     0.00    0.00
 -49345.676    -0.145     0.00    0.00
 -49060.163    -0.145     0.00    0.00
 -48774.633    -0.145     0.00    0.00
 -48489.088    -0.145     0.00    0.00
 -48203.526    -0.145     0.00    0.00
 -47917.949    -0.145     0.00    0.00
 -47632.355    -0.145     0.00    0.00
 -47346.745    -0.145     0.00    0.00
 -47061.120    -0.145     0.00    0.00
 -46775.478    -0.145     0.00    0.00
 -46489.820    -0.145     0.00    0.00
 -46204.146    -0.145     0.00    0.00
 -45918.456    -0.145     0.00    0.00
 -45632.750    -0.145     0.00    0.00
 -45347.027    -0.145     0.00    0.00
 -45061.289    -0.145     0.00    0.00
 -44775.535    -0.145     0.00    0.00
 -44489.764    -0.145     0.00    0.00
 -44203.977    -0.145     0.00    0.00
 -43918.175    -0.145     0.00    0.00
 -43632.356    -0.145     0.00    0.00
 -43346.521    -0.145     0.00    0.00
 -43060.670    -0.145     0.00    0.00
 -42774.803    -0.145     0.00    0.00
 -42488.920    -0.145     0.00    0.00
 -42203.020    -0.145     0.00    0.00
 -41917.105    -0.145     0.00    0.00
 -41631.173    -0.145     0.00    0.00
 -41345.225    -0.145     0.00    0.00
 -41059.261    -0.145     0.00    0.00
 -40773.281    -0.145     0.00    0.00
 -40487.285    -0.145     0.00    0.00
 -40201.273    -0.145     0.00    0.00
 -39915.244    -0.145     0.00    0.00
 -39629.200    -0.145     0.00    0.00
 -39343.139    -0.145     0.00    0.00
 -39057.062    -0.145     0.00    0.00
 -38770.969    -0.145     0.00    0.00
 -38484.860    -0.145     0.00    0.00
 -38198.734    -0.145     0.00    0.00
 -37912.593    -0.145     0.00    0.00
 -37626.435    -0.145     0.00    0.00
 -37340.261    -0.145     0.00    0.00
 -37054.071    -0.145     0.00    0.00
 -36767.865    -0.145     0.00    0.00
 -36481.642    -0.145     0.00    0.00
 -36195.403    -0.145     0.00    0.00
 -35909.149    -0.145     0.00    0.00
 -35622.877    -0.145     0.00    0.00
 -35336.590    -0.145     0.00    0.00
 -35050.287    -0.145     0.00    0.00
 -34763.967    -0.145     0.00    0.00
 -34477.631    -0.145     0.00    0.00
 -34191.279    -0.145     0.00    0.00
 -33904.911    -0.145     0.00    0.00
 -33618.526    -0.145     0.00    0.00
 -33332.125    -0.145     0.00    0.00
 -33045.708    -0.145     0.00    0.00
 -32759.275    -0.145     0.00    0.00
 -32472.826    -0.145     0.00    0.00
 -32186.360    -0.145     0.00    0.00
 -31899.878    -0.145     0.00    0.00
 -31613.380    -0.145     0.00    0.00
 -31326.865    -0.129     0.06    0.13
 -31040.335    -0.082     0.16    0.24
 -30753.788    -0.049     0.12    0.30
 -30467.225    -0.017     0.11    0.34
 -30180.645    -0.004     0.05    0.35
 -29894.050    -0.025    -0.08    0.33
 -29607.438     0.015     0.14    0.37
 -29320.809     0.079     0.22    0.42
 -29034.165     0.156     0.27    0.46
 -28747.504     0.248     0.32    0.49
 -28460.827     0.379     0.45    0.50
 -28174.134     0.484     0.37    0.48
 -27887.424     0.477    -0.02    0.49
 -27600.698     0.383    -0.33    0.50
 -27313.956     0.230    -0.53    0.49
 -27027.197     0.056    -0.60    0.40
 -26740.422    -0.052    -0.38    0.29
 -26453.631    -0.137    -0.30    0.09
 -26166.824    -0.145    -0.03    0.00
 -25880.000    -0.145     0.00    0.00
 -25593.160    -0.145     0.00    0.00
 -25306.304    -0.145     0.00    0.00
 -25019.431    -0.145     0.00    0.00
 -24732.542    -0.105     0.14    0.20
 -24445.637     0.015     0.42    0.37
 -24158.715     0.161     0.51    0.46
 -23871.777     0.303     0.49    0.50
 -23584.823     0.476     0.60    0.49
 -23297.852     0.637     0.56    0.41
 -23010.865     0.784     0.51    0.26
 -22723.861     0.757    -0.09    0.30
 -22436.842     0.632    -0.43    0.42
 -22149.806     0.563    -0.24    0.46
 -21862.753     0.556    -0.02    0.46
 -21575.684     0.475    -0.28    0.49
 -21288.599     0.424    -0.18    0.50
 -21001.498     0.403    -0.07    0.50
 -20714.380     0.459     0.20    0.49
 -20427.245     0.551     0.32    0.46
 -20140.095     0.610     0.21    0.43
 -19852.928     0.632     0.08    0.42
 -19565.744     0.621    -0.04    0.43
 -19278.545     0.626     0.02    0.42
 -18991.328     0.540    -0.30    0.47
 -18704.096     0.414    -0.44    0.50
 -18416.847     0.335    -0.27    0.59
 -18129.581     0.463     0.44    0.89
 -17842.300     0.746     0.99    1.16
 -17555.001     1.161     1.44    1.35
 -17267.687     1.599     1.52    1.41
 -16980.356     2.105     1.76    1.22
 -16693.008     2.508     1.40    0.86
 -16405.644     2.807     1.04    0.25
 -16118.264     2.855     0.16    0.00
 -15830.867     2.855     0.00    0.00
 -15543.454     2.855     0.00    0.00
 -15256.024     2.855     0.00    0.00
 -14968.578     2.855     0.00    0.00
 -14681.116     2.855     0.00    0.00
 -14393.637     2.855     0.00    0.00
 -14106.142     2.855     0.00    0.00
 -13818.630     2.855     0.00    0.00
 -13531.101     2.855     0.00    0.00
 -13243.557     2.855     0.00    0.00
 -12955.995     2.855     0.00    0.00
 -12668.418     2.855     0.00    0.00
 -12380.824     2.855     0.00    0.00
 -12093.213     2.855     0.00    0.00
 -11805.586     2.855     0.00    0.00
 -11517.942     2.846    -0.03    0.09
 -11230.282     2.815    -0.11    0.20
 -10942.606     2.767    -0.17    0.28
 -10654.913     2.743    -0.08    0.32
 -10367.203     2.736    -0.02    0.32
 -10079.477     2.758     0.07    0.30
  -9791.735     2.784     0.09    0.26
  -9503.976     2.847     0.22    0.09
  -9216.200     2.855     0.03    0.00
  -8928.408     2.855     0.00    0.00
  -8640.599     2.727    -0.44    0.44
  -8352.774     2.639    -0.30    0.56
  -8064.933     2.603    -0.13    0.58
  -7777.075     2.583    -0.07    0.60
  -7489.200     2.587     0.02    0.59
  -7201.309     2.605     0.06    0.58
  -6913.401     2.648     0.15    0.56
  -6625.477     2.747     0.34    0.44
  -6337.536     2.855     0.37    0.00
  -6049.578     2.855     0.00    0.00
  -5761.605     2.855     0.00    0.00
  -5473.614     2.855     0.00    0.00
  -5185.607     2.839    -0.05    0.12
  -4897.584     2.814    -0.09    0.20
  -4609.543     2.712    -0.36    0.50
  -4321.487     2.552    -0.55    0.82
  -4033.413     2.439    -0.39    0.95
  -3745.324     2.269    -0.59    1.10
  -3457.217     2.040    -0.79    1.24
  -3169.094     1.886    -0.54    1.33
  -2880.955     1.737    -0.52    1.39
  -2592.798     1.572    -0.57    1.42
  -2304.626     1.405    -0.58    1.41
  -2016.436     1.204    -0.70    1.40
  -1728.230     1.084    -0.42    1.38
  -1440.008     0.948    -0.47    1.34
  -1151.769     0.791    -0.54    1.26
   -863.513     0.665    -0.44    1.20
   -575.240     0.553    -0.39    1.13
   -286.951     0.442    -0.39    1.04
      1.354     0.412    -0.10    1.01
    287.976     0.271    -0.49    0.89
    572.862     0.211    -0.21    0.82
    857.763     0.185    -0.09    0.72
   1142.679     0.258     0.25    0.82
   1427.611     0.339     0.29    0.93
   1712.558     0.431     0.32    1.00
   1997.520     0.644     0.75    1.14
   2282.498     0.886     0.85    1.25
   2567.491     1.045     0.56    1.28
   2852.500     1.211     0.58    1.31
   3137.524     1.306     0.33    1.32
   3422.564     1.374     0.24    1.32
   3707.619     1.418     0.15    1.32
   3992.689     1.278    -0.49    1.35
   4277.775     1.140    -0.48    1.36
   4562.876     0.894    -0.86    1.32
   4847.993     0.648    -0.86    1.24
   5133.125     0.394    -0.89    1.10
   5418.273     0.258    -0.48    0.95
   5703.436     0.114    -0.50    0.66
   5988.615     0.105    -0.03    0.43
   6273.809     0.216     0.39    0.48
   6559.018     0.418     0.71    0.61
   6844.243     0.675     0.90    0.74
   7129.483     0.944     0.94    0.76
   7414.739     1.259     1.11    0.68
   7700.010     1.500     0.84    0.54
   7985.297     1.685     0.65    0.38
   8270.599     1.793     0.38    0.24
   8555.917     1.862     0.25    0.09
   8841.250     1.877     0.05    0.19
   9126.599     1.807    -0.25    0.42
   9411.963     1.664    -0.50    0.56
   9697.343     1.618    -0.16    0.61
   9982.738     1.495    -0.43    0.60
  10268.149     1.427    -0.24    0.62
  10553.575     1.402    -0.09    0.65
  10839.016     1.447     0.16    0.62
  11124.474     1.554     0.38    0.58
  11409.946     1.671     0.41    0.48
  11695.434     1.770     0.35    0.35
  11980.938     1.830     0.21    0.20
  12266.457     1.855     0.08    0.00
  12551.992     1.855     0.00    0.00
  12837.542     1.855     0.00    0.00
  13123.108     1.855     0.00    0.00
  13408.689     1.879     0.08    0.15
  13694.286     1.925     0.16    0.26
  13979.899     1.958     0.12    0.31
  14265.527     1.926    -0.11    0.31
  14551.170     1.824    -0.36    0.53
  14836.829     1.752    -0.25    0.58
  15122.504     1.603    -0.52    0.66
  15408.194     1.471    -0.46    0.67
  15693.899     1.429    -0.14    0.66
  15979.621     1.458     0.10    0.65
  16265.357     1.455    -0.01    0.64
  16551.110     1.397    -0.20    0.63
  16836.878     1.319    -0.28    0.62
  17122.661     1.279    -0.14    0.56
  17408.460     1.227    -0.18    0.52
  17694.275     1.212    -0.05    0.48
  17980.105     1.227     0.05    0.49
  18265.951     1.250     0.08    0.49
  18551.812     1.265     0.05    0.49
  18837.689     1.315     0.17    0.50
  19123.582     1.288    -0.10    0.51
  19409.490     1.232    -0.19    0.53
  19695.414     1.167    -0.23    0.53
  19981.353     1.101    -0.23    0.57
  20267.308     1.031    -0.25    0.57
  20553.279     1.093     0.22    0.61
  20839.265     1.099     0.02    0.60
  21125.267     1.106     0.03    0.58
  21411.284     1.152     0.16    0.58
  21697.317     1.279     0.44    0.54
  21983.366     1.393     0.40    0.50
  22269.430     1.397     0.01    0.54
  22555.510     1.475     0.27    0.55
  22841.606     1.620     0.50    0.49
  23127.717     1.624     0.02    0.49
  23413.844     1.444    -0.63    0.59
  23699.986     1.237    -0.72    0.70
  23986.144     1.021    -0.75    0.70
  24272.318     0.855    -0.58    0.68
  24558.507     0.734    -0.42    0.58
  24844.713     0.636    -0.34    0.47
  25130.933     0.632    -0.01    0.42
  25417.170     0.723     0.32    0.34
  25703.422     0.839     0.40    0.33
  25989.689     0.935     0.34    0.37
  26275.973     0.992     0.20    0.37
  26562.272     0.997     0.02    0.35
  26848.587     1.027     0.11    0.38
  27134.917     1.005    -0.08    0.36
  27421.263     0.989    -0.06    0.34
  27707.625     0.938    -0.18    0.28
  27994.002     0.887    -0.18    0.18
  28280.396     0.855    -0.11    0.00
  28566.805     0.855     0.00    0.00
  28853.229     0.855     0.00    0.00
  29139.669     0.855     0.00    0.00
  29426.125     0.855     0.00    0.00
  29712.597     0.855     0.00    0.00
  29999.084     0.855     0.00    0.00
  30285.588     0.855     0.00    0.00
  30572.106     0.855     0.00    0.00
  30858.641     0.855     0.00    0.00
  31145.191     0.855     0.00    0.00
  31431.757     0.855     0.00    0.00
  31718.339     0.855     0.00    0.00
  32004.936     0.855     0.00    0.00
  32291.550     0.855     0.00    0.00
  32578.178     0.855     0.00    0.00
  32864.823     0.863     0.03    0.09
  33151.484     0.886     0.08    0.17
  33438.160     0.918     0.11    0.24
  33724.852     0.926     0.03    0.26
  34011.559     0.932     0.02    0.27
  34298.283     0.902    -0.10    0.21
  34585.022     0.900    -0.01    0.21
  34871.777     0.855    -0.16    0.00
  35158.548     0.870     0.05    0.12
  35445.334     0.870     0.00    0.12
  35732.136     0.855    -0.05    0.00
  36018.954     0.839    -0.05    0.12
  36305.788     0.831    -0.03    0.15
  36592.638     0.847     0.06    0.23
  36879.503     0.847     0.00    0.29
  37166.385     0.831    -0.06    0.30
  37453.282     0.824    -0.02    0.30
  37740.194     0.791    -0.11    0.24
  38027.123     0.815     0.09    0.19
  38314.067     0.816     0.00    0.19
  38601.027     0.830     0.05    0.15
  38888.003     0.908     0.27    0.23
  39174.995     0.997     0.31    0.35
  39462.003     1.087     0.31    0.42
  39749.026     1.185     0.34    0.47
  40036.066     1.311     0.44    0.52
  40323.121     1.420     0.38    0.53
  40610.192     1.516     0.33    0.51
  40897.278     1.558     0.15    0.49
  41184.381     1.569     0.04    0.49
  41471.499     1.612     0.15    0.47
  41758.634     1.659     0.16    0.44
  42045.784     1.701     0.15    0.36
  42332.950     1.762     0.21    0.38
  42620.132     1.886     0.43    0.45
  42907.329     1.955     0.24    0.48
  43194.543     2.013     0.20    0.46
  43481.772     1.983    -0.11    0.40
  43769.017     1.977    -0.02    0.37
  44056.278     1.918    -0.21    0.24
  44343.555     1.915    -0.01    0.24
  44630.848     1.956     0.14    0.30
  44918.157     2.053     0.34    0.44
  45205.482     2.216     0.57    0.63
  45492.822     2.414     0.69    0.79
  45780.178     2.629     0.75    0.88
  46067.551     2.886     0.89    0.93
  46354.939     3.085     0.69    0.91
  46642.343     3.358     0.95    0.85
  46929.763     3.513     0.54    0.71
  47217.199     3.453    -0.21    0.73
  47504.650     3.248    -0.71    0.88
  47792.118     2.855    -1.37    0.96
  48079.602     2.521    -1.16    0.90
  48367.101     2.196    -1.13    0.68
  48654.617     1.915    -0.98    0.44
  48942.148     1.767    -0.51    0.34
  49229.695     1.714    -0.19    0.47
  49517.258     1.674    -0.14    0.51
  49804.837     1.640    -0.12    0.53
  50092.432     1.616    -0.08    0.54
  50380.043     1.647     0.11    0.53
  50667.670     1.737     0.32    0.51
  50955.313     1.756     0.07    0.37
  51242.972     1.815     0.21    0.26
  51530.647     1.824     0.03    0.17
  51818.337     1.855     0.11    0.00
  52106.044     1.799    -0.19    0.23
  52393.767     1.699    -0.35    0.36
  52681.505     1.555    -0.50    0.46
  52969.260     1.413    -0.50    0.50
  53257.030     1.258    -0.54    0.49
  53544.817     1.118    -0.49    0.44
  53832.619     0.988    -0.45    0.34
  54120.438     0.870    -0.41    0.13
  54408.272     0.855    -0.06    0.00
  54696.123     0.855     0.00    0.00
  54983.989     0.855     0.00    0.00
  55271.872     0.855     0.00    0.00
  55559.770     0.855     0.00    0.00
  55847.684     0.855     0.00    0.00
  56135.615     0.855     0.00    0.00
  56423.561     0.855     0.00    0.00
  56711.524     0.855     0.00    0.00
  56999.502     0.878     0.08    0.15
  57287.496     0.963     0.30    0.31
  57575.507     1.096     0.46    0.43
  57863.533     1.236     0.49    0.49
  58151.576     1.390     0.53    0.50
  58439.634     1.544     0.54    0.46
  58727.709     1.688     0.50    0.37
  59015.799     1.799     0.38    0.23
  59303.906     1.855     0.19    0.00
  59592.029     1.855     0.00    0.00
  59880.167     1.855     0.00    0.00
  60168.322     1.878     0.08    0.15
  60456.493     1.999     0.42    0.35
  60744.680     2.129     0.45    0.46
  61032.883     2.398     0.93    0.75
  61321.102     2.636     0.83    0.83
  61609.337     2.870     0.81    0.76
  61897.588     3.037     0.58    0.67
  62183.899     3.147     0.38    0.60
  62468.835     3.167     0.07    0.61
  62753.787     3.122    -0.16    0.61
  63038.754     2.935    -0.66    0.53
  63323.735     2.739    -0.69    0.59
  63608.732     3.072     1.17    1.59
  63893.743     3.847     2.72    2.52
  64178.769     4.664     2.87    3.04
  64463.810     5.680     3.57    3.32
  64748.866     6.726     3.67    3.21
  65033.937     7.689     3.38    2.84
  65319.023     8.667     3.43    1.92
  65604.123     9.198     1.86    1.13
  65889.239     9.547     1.23    0.50
  66174.369     9.725     0.62    0.55
  66459.514     9.839     0.40    0.55
  66744.674    10.122     0.99    0.77
  67029.849    10.379     0.90    1.08
  67315.039    10.591     0.74    1.32
  67600.244    10.601     0.03    1.36
  67885.464    10.144    -1.60    2.06
  68170.699     9.136    -3.53    3.34
  68455.948     7.919    -4.27    4.10
  68741.213     6.924    -3.49    4.10
  69026.493     5.950    -3.41    3.70
  69311.787     4.786    -4.08    3.18
  69597.096     3.957    -2.91    2.94
  69882.421     3.703    -0.89    2.93
  70167.760     3.645    -0.20    2.95
  70453.114     2.839    -2.83    2.85
  70738.483     1.908    -3.26    2.14
  71023.867     1.237    -2.35    1.20
  71309.266     1.061    -0.62    0.60
  71594.680     1.013    -0.17    0.57
  71880.109     1.006    -0.03    0.56
  72165.553     0.917    -0.31    0.35
  72451.012     0.855    -0.22    0.00
  72736.486     0.809    -0.16    0.21
  73021.974     0.728    -0.29    0.33
  73307.478     0.648    -0.28    0.41
  73592.997     0.612    -0.13    0.43
  73878.530     0.511    -0.36    0.48
  74164.079     0.429    -0.29    0.50
  74449.643     0.378    -0.18    0.50
  74735.221     0.358    -0.07    0.50
  75020.815     0.319    -0.14    0.50
  75306.424     0.274    -0.16    0.50
  75592.047     0.239    -0.13    0.49
  75877.686     0.247     0.03    0.49
  76163.339     0.243    -0.01    0.49
  76449.008     0.206    -0.13    0.48
  76734.692     0.188    -0.06    0.47
  77020.390     0.148    -0.14    0.46
  77306.104     0.108    -0.14    0.44
  77591.832     0.040    -0.24    0.39
  77877.576     0.008    -0.11    0.36
  78163.335    -0.067    -0.26    0.27
  78449.108    -0.115    -0.17    0.17
  78734.897    -0.145    -0.11    0.00
  79020.701    -0.145     0.00    0.00
  79306.520    -0.145     0.00    0.00
  79592.353    -0.145     0.00    0.00
  79878.202    -0.145     0.00    0.00
  80164.066    -0.145     0.00    0.00
  80449.945    -0.145     0.00    0.00
  80735.839    -0.145     0.00    0.00
  81021.748    -0.145     0.00    0.00
  81307.672    -0.145     0.00    0.00
  81593.611    -0.145     0.00    0.00
  81879.565    -0.145     0.00    0.00
  82165.535    -0.145     0.00    0.00
  82451.519    -0.145     0.00    0.00
  82737.518    -0.145     0.00    0.00
  83023.533    -0.145     0.00    0.00
  83309.562    -0.145     0.00    0.00
  83595.607    -0.145     0.00    0.00
  83881.666    -0.145     0.00    0.00
  84167.741    -0.145     0.00    0.00
  84453.831    -0.145     0.00    0.00
  84739.936    -0.145     0.00    0.00
  85026.056    -0.145     0.00    0.00
  85312.191    -0.145     0.00    0.00
  85598.341    -0.145     0.00    0.00
  85884.506    -0.145     0.00    0.00
  86170.687    -0.145     0.00    0.00
  86456.882    -0.145     0.00    0.00
  86743.093    -0.145     0.00    0.00
  87029.318    -0.122     0.08    0.15
  87315.559    -0.065     0.20    0.35
  87601.815    -0.079    -0.05    0.32
  87888.086    -0.068     0.04    0.34
