# NaN NaN NaN ;Mean Elev.(m), Avg Gradient(m/km), RMS Gradient(m/km) - SRTM1     
#    6.096 -14.338  42.343 ;Mean Elev.(m), Avg Gradient(m/km), RMS Gradient(m/km) - ASTER GDEM
#   23.559 -13.830  42.159 ;Mean Elev.(m), Avg Gradient(m/km), RMS Gradient(m/km) - GMTED2010 
   2   110.395 54670.02783834 15.42 200.564964  63.576029 12.177 -100.00 -100.00 -100.00
   2    99.611 54670.02783893 18.33 200.570285  63.574898 19.070 -100.00 -100.00 -100.00
   2   110.161 54670.02783952 12.62 200.575605  63.573766 14.620 -100.00 -100.00 -100.00
   2   111.696 54670.02784011  4.44 200.580925  63.572634  6.929 -100.00 -100.00 -100.00
   3    18.831 54679.94348230 19.58 200.564850  63.576656  5.578 -100.00 -100.00 -100.00
   3    19.569 54679.94348289 20.92 200.570171  63.575525  7.966 -100.00 -100.00 -100.00
   3    20.366 54679.94348348 23.85 200.575491  63.574393 10.878 -100.00 -100.00 -100.00
   3    21.122 54679.94348407 23.77 200.580812  63.573260  9.231 -100.00 -100.00 -100.00
   4   108.095 54689.85912494 13.37 200.563600  63.578452 11.952 -100.00 -100.00 -100.00
   4    85.655 54689.85912553 14.34 200.568921  63.577321 14.632 -100.00 -100.00 -100.00
   4    98.143 54689.85912612 18.01 200.574242  63.576189 23.035 -100.00 -100.00 -100.00
   4    78.710 54689.85912671 16.81 200.579563  63.575057   -100 -100.00 -100.00 -100.00
   4    75.834 54689.85912730 19.79 200.584883  63.573924   -100 -100.00 -100.00 -100.00
   5    20.525 54699.77476570 15.68 200.564651  63.579464  6.027 -100.00 -100.00 -100.00
   5    21.326 54699.77476629 18.63 200.569973  63.578332  8.320 -100.00 -100.00 -100.00
   5    22.088 54699.77476688 18.15 200.575294  63.577201  6.543 -100.00 -100.00 -100.00
   5    22.535 54699.77476747 17.22 200.580614  63.576069  4.886 -100.00 -100.00 -100.00
   5    22.795 54699.77476806 18.11 200.585935  63.574936  6.830 -100.00 -100.00 -100.00
   6   106.978 54709.69041055 13.02 200.563577  63.578807 10.367 -100.00 -100.00 -100.00
   6    84.889 54709.69041114 16.45 200.568898  63.577676 14.526 -100.00 -100.00 -100.00
   6   102.975 54709.69041173 18.15 200.574219  63.576544 15.291 -100.00 -100.00 -100.00
   6    78.155 54709.69041232 22.44 200.579540  63.575413 28.244 -100.00 -100.00 -100.00
   6    75.186 54709.69041291 23.64 200.584860  63.574281 28.374 -100.00 -100.00 -100.00
   7    17.072 54719.60606243 14.92 200.565363  63.575940  4.155 -100.00 -100.00 -100.00
   7    19.768 54719.60606302 18.32 200.570683  63.574808  7.048 -100.00 -100.00 -100.00
   7    22.413 54719.60606361 20.64 200.576003  63.573676  8.487 -100.00 -100.00 -100.00
   7    22.895 54719.60606420 20.02 200.581323  63.572544  7.823 -100.00 -100.00 -100.00
   8    89.153 54729.52171125 21.87 200.563392  63.573683 21.912 -100.00 -100.00 -100.00
   8    89.446 54729.52171184 24.95 200.568712  63.572552   -100 -100.00 -100.00 -100.00
   8    86.645 54729.52171243 26.46 200.574032  63.571420   -100 -100.00 -100.00 -100.00
   8    87.267 54729.52171302 26.18 200.579351  63.570288   -100 -100.00 -100.00 -100.00
   9    73.849 54739.43735799  0.02 200.558743  63.573537  4.094 -100.00 -100.00 -100.00
   9    68.417 54739.43735917  7.12 200.569382  63.571274 12.181 -100.00 -100.00 -100.00
   9    98.729 54739.43736035  0.16 200.580020  63.569009  5.163 -100.00 -100.00 -100.00
  10    79.836 54749.35300598  7.42 200.567103  63.572071  8.012 -100.00 -100.00 -100.00
  10    81.354 54749.35300657  5.91 200.572422  63.570939  7.095 -100.00 -100.00 -100.00
  11    75.113 54759.26865238 21.77 200.563701  63.573542 16.144 -100.00 -100.00 -100.00
  11    75.841 54759.26865298  5.17 200.569021  63.572410  9.846 -100.00 -100.00 -100.00
  11    76.625 54759.26865357 25.35 200.574341  63.571278   -100 -100.00 -100.00 -100.00
  11    77.321 54759.26865416 20.92 200.579661  63.570145  8.303 -100.00 -100.00 -100.00
  12    78.686 54769.18429673 16.26 200.562265  63.574080 10.856 -100.00 -100.00 -100.00
  12    76.422 54769.18429732 19.48 200.567586  63.572948 17.190 -100.00 -100.00 -100.00
  12    76.574 54769.18429791 13.08 200.572906  63.571816 16.408 -100.00 -100.00 -100.00
  12    75.478 54769.18429850 10.77 200.578225  63.570684 15.625 -100.00 -100.00 -100.00
  13    58.626 54779.09993800 11.71 200.562557  63.573397 16.985 -100.00 -100.00 -100.00
  13    91.788 54779.09993859 12.94 200.567877  63.572265 15.240 -100.00 -100.00 -100.00
  13    89.720 54779.09993918  9.51 200.573198  63.571133 13.339 -100.00 -100.00 -100.00
  13    89.713 54779.09993977  4.98 200.578517  63.570001 10.943 -100.00 -100.00 -100.00
  14    95.894 54789.01557654  2.48 200.560112  63.573010  3.904 -100.00 -100.00 -100.00
  14    95.839 54789.01557713  4.91 200.565432  63.571879  6.161 -100.00 -100.00 -100.00
  14    94.139 54789.01557772  5.74 200.570753  63.570747  7.523 -100.00 -100.00 -100.00
  14    92.442 54789.01557831  8.20 200.576073  63.569615 10.029 -100.00 -100.00 -100.00
  15    92.094 54798.93121453  2.53 200.562214  63.572661  5.619 -100.00 -100.00 -100.00
  15    92.946 54798.93121512  1.32 200.567535  63.571530  4.488 -100.00 -100.00 -100.00
  15    92.245 54798.93121571  4.06 200.572855  63.570398  7.725 -100.00 -100.00 -100.00
  15    90.632 54798.93121630  1.08 200.578175  63.569265  5.275 -100.00 -100.00 -100.00
  17    24.644 54818.76248936 30.41 200.561303  63.576732 29.014  258.08  256.19  247.51
  17    24.877 54818.76248995 24.68 200.566624  63.575600 11.470  258.08  256.19  247.51
  17    25.212 54818.76249054 24.51 200.571945  63.574469 10.824  258.08  256.19  247.51
  17    25.449 54818.76249113 25.48 200.577266  63.573337 15.169  258.08  256.19  247.51
  17    26.038 54818.76249172 24.49 200.582586  63.572205 11.665  258.08  256.19  247.51
  18    25.031 54828.67814137 24.90 200.562037  63.577127 13.852 -100.00 -100.00 -100.00
  18    25.021 54828.67814196 29.86 200.567358  63.575995 29.277 -100.00 -100.00 -100.00
  18    25.006 54828.67814255 30.61 200.572679  63.574864 31.203 -100.00 -100.00 -100.00
  18    25.794 54828.67814314 25.08 200.577999  63.573732 14.189 -100.00 -100.00 -100.00
  18    25.926 54828.67814373 25.39 200.583319  63.572600 15.869 -100.00 -100.00 -100.00
  19    24.803 54838.59378082 23.83 200.566175  63.575737 14.859 -100.00 -100.00 -100.00
  19    25.310 54838.59378141 21.86 200.571495  63.574606 10.877 -100.00 -100.00 -100.00
  19    25.837 54838.59378200 21.60 200.576815  63.573474 11.855 -100.00 -100.00 -100.00
  19    26.367 54838.59378259 19.78 200.582135  63.572342  8.377 -100.00 -100.00 -100.00
  21    27.590 54858.42507819 13.54 200.561391  63.576377  7.289 -100.00 -100.00 -100.00
  21    24.639 54858.42507878 16.27 200.566711  63.575245 12.310 -100.00 -100.00 -100.00
  21    26.226 54858.42507937 14.61 200.572031  63.574113 10.161 -100.00 -100.00 -100.00
  21    28.547 54858.42507996 13.93 200.577351  63.572981  9.229 -100.00 -100.00 -100.00
  21    28.907 54858.42508055 12.08 200.582670  63.571848  6.649 -100.00 -100.00 -100.00
  22    27.258 54868.34072686 11.55 200.561332  63.576991  5.106 -100.00 -100.00 -100.00
  22    27.288 54868.34072745 11.86 200.566652  63.575859  5.426 -100.00 -100.00 -100.00
  22    27.240 54868.34072804 11.63 200.571972  63.574727  3.955 -100.00 -100.00 -100.00
  22    26.688 54868.34072863 12.14 200.577292  63.573595  5.495 -100.00 -100.00 -100.00
  22    28.617 54868.34072922 12.23 200.582611  63.572462  4.533 -100.00 -100.00 -100.00
  23    27.589 54878.25637490 14.78 200.562275  63.576535  4.579 -100.00 -100.00 -100.00
  23    28.009 54878.25637549 14.09 200.567596  63.575403  3.629 -100.00 -100.00 -100.00
  23    28.667 54878.25637608 15.24 200.572916  63.574271  5.331 -100.00 -100.00 -100.00
  23    29.335 54878.25637667 14.37 200.578236  63.573139  3.369 -100.00 -100.00 -100.00
  23    29.443 54878.25637726 14.98 200.583555  63.572006  4.186 -100.00 -100.00 -100.00
  24    24.215 54888.17202016 25.08 200.565132  63.574678 20.212 -100.00 -100.00 -100.00
  24    24.225 54888.17202075 22.30 200.570452  63.573546 14.850 -100.00 -100.00 -100.00
  24    26.170 54888.17202134 19.85 200.575772  63.572414  9.721 -100.00 -100.00 -100.00
  24    24.199 54888.17202193 19.97 200.581092  63.571282  9.459 -100.00 -100.00 -100.00
  25    29.530 54898.08766153 11.83 200.562012  63.573295  3.979  240.69  235.33  227.55
  25    29.948 54898.08766212 11.92 200.567333  63.572164  3.261  240.69  235.33  227.55
  25    30.617 54898.08766271 12.06 200.572653  63.571031  3.241  240.69  235.33  227.55
  25    31.016 54898.08766331 11.89 200.577972  63.569899  3.159  240.69  235.33  227.55
  26    30.203 54908.00330059 10.42 200.561195  63.572341  3.628 -100.00 -100.00 -100.00
  26    30.323 54908.00330118 10.47 200.566515  63.571209  3.228 -100.00 -100.00 -100.00
  26    30.775 54908.00330177 10.70 200.571835  63.570077  3.360 -100.00 -100.00 -100.00
  26    31.143 54908.00330236 10.92 200.577154  63.568945  3.120 -100.00 -100.00 -100.00
  27    29.415 54917.91893799  8.74 200.557612  63.573580  2.441 -100.00 -100.00 -100.00
  27    29.854 54917.91893858  9.11 200.562932  63.572448  2.638 -100.00 -100.00 -100.00
  27    30.538 54917.91893917  9.00 200.568252  63.571316  2.552 -100.00 -100.00 -100.00
  27    30.781 54917.91893977  9.11 200.573572  63.570184  2.315 -100.00 -100.00 -100.00
  27    31.367 54917.91894036  9.50 200.578891  63.569052  2.620 -100.00 -100.00 -100.00
  28    29.352 54927.83457586  9.24 200.559764  63.574312  2.846 -100.00 -100.00 -100.00
  28    29.766 54927.83457645  9.08 200.565084  63.573180  2.764 -100.00 -100.00 -100.00
  28    30.033 54927.83457704  9.13 200.570404  63.572049  2.366 -100.00 -100.00 -100.00
  28    30.393 54927.83457763  9.43 200.575724  63.570916  2.391 -100.00 -100.00 -100.00
  28    30.999 54927.83457822  9.47 200.581043  63.569784  2.655 -100.00 -100.00 -100.00
  29    29.055 54937.75021284 10.31 200.559470  63.575056  2.973 -100.00 -100.00 -100.00
  29    29.879 54937.75021344 10.50 200.564790  63.573925  3.323 -100.00 -100.00 -100.00
  29    30.217 54937.75021403 10.37 200.570110  63.572793  3.203 -100.00 -100.00 -100.00
  29    30.837 54937.75021462 10.88 200.575430  63.571661  3.269 -100.00 -100.00 -100.00
  29    31.097 54937.75021521 10.96 200.580749  63.570529  3.300 -100.00 -100.00 -100.00
  30    23.896 54947.66584839 24.56 200.561509  63.574682   -100 -100.00 -100.00 -100.00
  30    23.890 54947.66584898 25.98 200.566829  63.573550   -100 -100.00 -100.00 -100.00
  30    23.533 54947.66584957 25.83 200.572149  63.572419   -100 -100.00 -100.00 -100.00
  30    23.502 54947.66585016 25.58 200.577469  63.571287   -100 -100.00 -100.00 -100.00
  31    73.430 54957.58148327 14.30 200.559617  63.574797 23.225 -100.00 -100.00 -100.00
  31    74.484 54957.58148386 14.61 200.564938  63.573666 13.974 -100.00 -100.00 -100.00
  31    73.938 54957.58148445 16.71 200.570258  63.572535 19.763 -100.00 -100.00 -100.00
  31    76.153 54957.58148504  0.08 200.575577  63.571403  5.424 -100.00 -100.00 -100.00
  33    86.334 54977.41277928 17.31 200.559372  63.574613 15.101 -100.00 -100.00 -100.00
  33    86.739 54977.41277987 18.12 200.564692  63.573481 20.471 -100.00 -100.00 -100.00
  33    90.232 54977.41278046 18.82 200.570012  63.572350 19.438 -100.00 -100.00 -100.00
  33    90.749 54977.41278105 19.45 200.575331  63.571218 22.701 -100.00 -100.00 -100.00
  33    88.392 54977.41278164 20.81 200.580650  63.570086 22.029 -100.00 -100.00 -100.00
  34    28.268 54987.32842687 47.06 200.561063  63.575056 32.265 -100.00 -100.00 -100.00
  34    28.011 54987.32842746 48.95 200.566383  63.573924   -100 -100.00 -100.00 -100.00
  34    27.968 54987.32842805 50.93 200.571703  63.572793  5.693 -100.00 -100.00 -100.00
  34    27.970 54987.32842864 51.22 200.577022  63.571661  9.044 -100.00 -100.00 -100.00
  34    27.970 54987.32842923 52.95 200.582341  63.570528 16.684 -100.00 -100.00 -100.00
  36    89.559 55007.15972074  1.43 200.565263  63.575096  2.316 -100.00 -100.00 -100.00
  36    90.544 55007.15972134  3.37 200.570583  63.573964  2.369 -100.00 -100.00 -100.00
  36    83.050 55007.15972193  4.44 200.575903  63.572832  3.333 -100.00 -100.00 -100.00
  36    83.869 55007.15972252  6.13 200.581223  63.571700  4.017 -100.00 -100.00 -100.00
  37    82.795 55017.07536516  0.52 200.571041  63.574165  3.694  274.68  273.33  272.66
  37    81.369 55017.07536575  5.26 200.576361  63.573033  6.565  274.68  273.33  272.66
  37    80.776 55017.07536634  6.56 200.581681  63.571901  7.861  274.68  273.33  272.66
  38    28.706 55026.99100653 27.06 200.562028  63.576658 13.959  274.44  273.86  273.67
  38    29.373 55026.99100712 24.31 200.567349  63.575526  8.759  274.44  273.86  273.67
  38    29.453 55026.99100771 27.19 200.572670  63.574394 15.222  274.44  273.86  273.67
  38    30.173 55026.99100830 25.59 200.577990  63.573262 10.272  274.44  273.86  273.67
  38    29.953 55026.99100889 33.37 200.583309  63.572129 29.789  274.44  273.86  273.67
  40   104.286 55046.82228952 15.29 200.562697  63.578227 17.412  272.13  270.98  270.06
  40   109.530 55046.82229011 14.79 200.568018  63.577096 14.416  272.13  270.98  270.06
  40   105.948 55046.82229070 18.49 200.573339  63.575964 18.267  272.13  270.98  270.06
  40    83.856 55046.82229129 21.87 200.578659  63.574832 27.997  272.13  270.98  270.06
  40   102.042 55046.82229188 24.50 200.583979  63.573699 25.744  272.13  270.98  270.06
  41    83.733 55056.73793016  1.79 200.575332  63.575125  5.025 -100.00 -100.00 -100.00
  41    83.686 55056.73793075  2.37 200.580652  63.573993  5.021 -100.00 -100.00 -100.00
  44    74.359 55086.48486393 24.07 200.562631  63.572875 13.825  266.28  265.51  265.12
  44    75.771 55086.48486452 24.46 200.567951  63.571743   -100  266.28  265.51  265.12
  44    81.576 55086.48486511 20.52 200.573270  63.570611   -100  266.28  265.51  265.12
  44    74.121 55086.48486570 30.92 200.578589  63.569479   -100  266.28  265.51  265.12
  45    85.582 55096.40050961 17.84 200.559378  63.574049 18.334  260.39  259.28  259.52
  45    85.967 55096.40051020 23.74 200.564698  63.572917 30.013  260.39  259.28  259.52
  45    86.705 55096.40051080 25.78 200.570017  63.571785   -100  260.39  259.28  259.52
  45    86.608 55096.40051139 26.90 200.575337  63.570653   -100  260.39  259.28  259.52
  45    87.680 55096.40051198 29.40 200.580655  63.569521 31.403  260.39  259.28  259.52
  47   107.591 55116.23180059 15.53 200.558965  63.574586 10.663  258.85  258.09  258.79
  47   102.961 55116.23180118 18.45 200.564286  63.573454 18.843  258.85  258.09  258.79
  47    73.494 55116.23180177 17.48 200.569606  63.572322 14.521  258.85  258.09  258.79
  47    70.971 55116.23180236 23.02 200.574926  63.571190 24.581  258.85  258.09  258.79
  47   105.641 55116.23180295 23.73 200.580245  63.570058 24.166  258.85  258.09  258.79
  48    93.487 55126.14744382 17.54 200.560182  63.573160 11.028 -100.00 -100.00 -100.00
  48    94.065 55126.14744441  9.47 200.565503  63.572028 13.395 -100.00 -100.00 -100.00
  48    91.026 55126.14744500  3.03 200.570823  63.570896  7.570 -100.00 -100.00 -100.00
  48    86.938 55126.14744559 14.34 200.576143  63.569764 16.766 -100.00 -100.00 -100.00
  49    87.501 55136.06308418 13.10 200.557781  63.572820 12.701 -100.00 -100.00 -100.00
  49    88.392 55136.06308478 10.48 200.563102  63.571689  9.707 -100.00 -100.00 -100.00
  49    88.109 55136.06308537 10.23 200.568423  63.570557 11.037 -100.00 -100.00 -100.00
  49    86.012 55136.06308596 14.69 200.573743  63.569425 17.190 -100.00 -100.00 -100.00
  49    86.992 55136.06308655 17.81 200.579062  63.568292 18.663 -100.00 -100.00 -100.00
  50    24.228 55145.97872266 33.52 200.557450  63.573238 19.639  255.19  252.80  251.27
  50    24.107 55145.97872325 35.07 200.562771  63.572106 25.506  255.19  252.80  251.27
  50    24.076 55145.97872384 36.29 200.568092  63.570974 32.451  255.19  252.80  251.27
  50    24.236 55145.97872443 35.73 200.573412  63.569842 27.399  255.19  252.80  251.27
  50    24.324 55145.97872502 38.94 200.578731  63.568710   -100  255.19  252.80  251.27
  51    26.686 55155.89436083 25.92 200.561461  63.574163 10.114  250.99  247.95  245.59
  51    27.000 55155.89436142 24.15 200.566783  63.573031  7.015  250.99  247.95  245.59
  51    26.896 55155.89436201 23.88 200.572103  63.571899  6.908  250.99  247.95  245.59
  51    27.286 55155.89436260 23.71 200.577423  63.570767  6.443  250.99  247.95  245.59
  52    27.126 55165.80999863 24.42 200.560516  63.576082  8.944  257.11  254.89  252.17
  52    27.076 55165.80999922 23.57 200.565837  63.574950  7.093  257.11  254.89  252.17
  52    27.425 55165.80999981 23.16 200.571158  63.573818  6.767  257.11  254.89  252.17
  52    27.531 55165.81000040 22.47 200.576478  63.572686  6.108  257.11  254.89  252.17
  52    27.783 55165.81000099 22.29 200.581798  63.571554  5.958  257.11  254.89  252.17
  53    27.260 55175.72563646 22.20 200.561498  63.577132  6.989 -100.00 -100.00 -100.00
  53    27.294 55175.72563705 21.68 200.566819  63.576001  6.189 -100.00 -100.00 -100.00
  53    27.141 55175.72563764 21.33 200.572140  63.574869  5.919 -100.00 -100.00 -100.00
  53    27.191 55175.72563823 21.15 200.577460  63.573737  6.860 -100.00 -100.00 -100.00
  53    27.879 55175.72563882 20.88 200.582780  63.572605  5.793 -100.00 -100.00 -100.00
  54    26.807 55185.64127792 21.81 200.561831  63.577038  7.767 -100.00 -100.00 -100.00
  54    27.232 55185.64127851 21.63 200.567153  63.575907  8.229 -100.00 -100.00 -100.00
  54    26.234 55185.64127910 20.50 200.572473  63.574775  6.544 -100.00 -100.00 -100.00
  54    27.346 55185.64127969 21.18 200.577794  63.573643  7.348 -100.00 -100.00 -100.00
  54    27.955 55185.64128028 19.91 200.583114  63.572511  5.527 -100.00 -100.00 -100.00
  55    24.674 55195.55692933 20.46 200.563754  63.576016  9.658 -100.00 -100.00 -100.00
  55    25.437 55195.55692992 19.79 200.569074  63.574884  8.415 -100.00 -100.00 -100.00
  55    25.877 55195.55693051 20.44 200.574395  63.573753  8.103 -100.00 -100.00 -100.00
  55    26.089 55195.55693110 19.63 200.579715  63.572621  6.745 -100.00 -100.00 -100.00
  56    24.385 55205.47257921 21.98 200.564374  63.576027 13.424 -100.00 -100.00 -100.00
  56    25.443 55205.47257980 19.23 200.569695  63.574896  6.919 -100.00 -100.00 -100.00
  56    26.030 55205.47258039 20.13 200.575015  63.573764  8.967 -100.00 -100.00 -100.00
  56    26.550 55205.47258098 18.84 200.580334  63.572631  6.983 -100.00 -100.00 -100.00
  57    25.686 55215.38822855 17.70 200.567030  63.576418  6.798 -100.00 -100.00 -100.00
  57    26.424 55215.38822914 17.84 200.572350  63.575286  7.704 -100.00 -100.00 -100.00
  57    26.467 55215.38822973 17.34 200.577670  63.574153  6.922 -100.00 -100.00 -100.00
  57    26.727 55215.38823032 16.83 200.582990  63.573021  5.827 -100.00 -100.00 -100.00
  58    24.420 55225.30387687 19.27 200.564908  63.576992 10.063 -100.00 -100.00 -100.00
  58    26.088 55225.30387746 16.92 200.570229  63.575860  7.043 -100.00 -100.00 -100.00
  58    26.330 55225.30387805 17.32 200.575549  63.574727  7.454 -100.00 -100.00 -100.00
  58    27.202 55225.30387864 16.53 200.580868  63.573595  5.713 -100.00 -100.00 -100.00
  59    24.905 55235.21952328 17.61 200.562716  63.575783  9.055 -100.00 -100.00 -100.00
  59    26.851 55235.21952387 16.01 200.568037  63.574651  7.844 -100.00 -100.00 -100.00
  59    26.146 55235.21952446 16.92 200.573357  63.573519  8.659 -100.00 -100.00 -100.00
  59    26.429 55235.21952505 15.76 200.578677  63.572386  6.996 -100.00 -100.00 -100.00
  60    26.407 55245.13516629 15.29 200.558806  63.573954  6.315  254.51  249.98  235.59
  60    26.172 55245.13516688 16.31 200.564126  63.572822  7.673  254.51  249.98  235.59
  60    26.297 55245.13516747 15.41 200.569446  63.571691  6.754  254.51  249.98  235.59
  60    26.028 55245.13516806 15.54 200.574766  63.570558  6.622  254.51  249.98  235.59
  60    26.132 55245.13516865 15.36 200.580085  63.569426  6.024  254.51  249.98  235.59
  61    27.127 55255.05080666 18.78 200.556813  63.572272  6.586 -100.00 -100.00 -100.00
  61    27.569 55255.05080725 17.49 200.562134  63.571140  4.725 -100.00 -100.00 -100.00
  61    27.746 55255.05080784 17.26 200.567454  63.570008  4.367 -100.00 -100.00 -100.00
  61    28.723 55255.05080843 17.51 200.572773  63.568876  4.957 -100.00 -100.00 -100.00
  61    28.667 55255.05080902 17.37 200.578092  63.567744  4.244 -100.00 -100.00 -100.00
  62    27.165 55264.96644600 16.95 200.561465  63.571521  4.691 -100.00 -100.00 -100.00
  62    27.489 55264.96644659 17.07 200.566785  63.570389  5.085 -100.00 -100.00 -100.00
  62    28.983 55264.96644718 16.85 200.572104  63.569257  4.106 -100.00 -100.00 -100.00
  62    29.034 55264.96644777 16.89 200.577423  63.568125  4.212 -100.00 -100.00 -100.00
  63    27.601 55274.88208405 16.79 200.563545  63.573290  5.127 -100.00 -100.00 -100.00
  63    27.798 55274.88208464 16.78 200.568865  63.572158  5.174 -100.00 -100.00 -100.00
  63    28.259 55274.88208523 17.20 200.574185  63.571026  5.526 -100.00 -100.00 -100.00
  63    30.108 55274.88208582 16.38 200.579504  63.569894  3.828 -100.00 -100.00 -100.00
  64    28.609 55284.79772129 15.05 200.564012  63.574999  4.075 -100.00 -100.00 -100.00
  64    28.610 55284.79772188 15.21 200.569332  63.573867  4.404 -100.00 -100.00 -100.00
  64    29.518 55284.79772247 15.31 200.574652  63.572735  4.103 -100.00 -100.00 -100.00
  64    30.411 55284.79772306 15.32 200.579971  63.571603  3.551 -100.00 -100.00 -100.00
  65    28.467 55294.71335657 15.52 200.560573  63.575604  4.293 -100.00 -100.00 -100.00
  65    28.018 55294.71335716 15.64 200.565894  63.574472  4.263 -100.00 -100.00 -100.00
  65    29.796 55294.71335775 15.60 200.571214  63.573341  4.177 -100.00 -100.00 -100.00
  65    30.050 55294.71335834 15.84 200.576533  63.572209  4.725 -100.00 -100.00 -100.00
  65    30.497 55294.71335893 15.91 200.581853  63.571077  5.108 -100.00 -100.00 -100.00
  66    27.493 55304.62899491 11.50 200.558589  63.574234  3.943 -100.00 -100.00 -100.00
  66    28.472 55304.62899550 11.23 200.563909  63.573103  4.307 -100.00 -100.00 -100.00
  66    29.175 55304.62899609 10.87 200.569229  63.571971  4.151 -100.00 -100.00 -100.00
  66    29.865 55304.62899668 10.91 200.574548  63.570840  3.582 -100.00 -100.00 -100.00
  66    30.302 55304.62899727 11.19 200.579867  63.569708  3.435 -100.00 -100.00 -100.00
  67    23.554 55314.54464296 22.22 200.563166  63.571447 23.415 -100.00 -100.00 -100.00
  67    22.977 55314.54464355 25.44 200.568486  63.570316   -100 -100.00 -100.00 -100.00
  67    23.394 55314.54464414 23.58 200.573804  63.569184 28.708 -100.00 -100.00 -100.00
  67    28.800 55314.54464473 21.44 200.579123  63.568052 18.311 -100.00 -100.00 -100.00
  68    86.467 55324.46028775 12.30 200.557531  63.573279 19.123 -100.00 -100.00 -100.00
  68    86.780 55324.46028834 12.12 200.562850  63.572148 16.185 -100.00 -100.00 -100.00
  68    88.059 55324.46028893 10.93 200.568170  63.571016 15.181 -100.00 -100.00 -100.00
  68    93.816 55324.46028952  8.70 200.573488  63.569884 10.020 -100.00 -100.00 -100.00
  68   101.332 55324.46029012  2.67 200.578807  63.568752  3.737 -100.00 -100.00 -100.00
  69    86.342 55334.37593190 18.78 200.559414  63.575029 20.547  257.38  256.96  256.44
  69    86.634 55334.37593249 20.75 200.564734  63.573898 23.662  257.38  256.96  256.44
  69    90.922 55334.37593308 24.51 200.570053  63.572766 28.208  257.38  256.96  256.44
  69    91.202 55334.37593367 25.75 200.575372  63.571634 30.990  257.38  256.96  256.44
  69    88.157 55334.37593426 28.02 200.580691  63.570502 30.728  257.38  256.96  256.44
  70    84.399 55344.29157599  5.39 200.562811  63.576021  9.472  269.52  268.80  267.24
  70   100.392 55344.29157776  1.39 200.578771  63.572626  4.673  269.52  268.80  267.24
  71    87.016 55354.20721994  1.97 200.569767  63.574680  3.555 -100.00 -100.00 -100.00
  71    88.287 55354.20722053  1.77 200.575087  63.573548  2.283 -100.00 -100.00 -100.00
  71    87.227 55354.20722112  2.32 200.580407  63.572416  2.479 -100.00 -100.00 -100.00
  73    76.121 55374.03849963 13.72 200.561371  63.576047 12.190  272.14  272.22  272.15
  73    73.741 55374.03850022  0.26 200.566692  63.574915  5.373  272.14  272.22  272.15
  73    63.736 55374.03850081  0.34 200.572013  63.573783  4.923  272.14  272.22  272.15
  73    84.110 55374.03850199  5.94 200.582652  63.571519  7.331  272.14  272.22  272.15
  78    27.832 55423.61671369 29.57 200.561366  63.574360 19.222 -100.00 -100.00 -100.00
  78    27.122 55423.61671428 27.51 200.566686  63.573228 14.069 -100.00 -100.00 -100.00
  78    28.718 55423.61671487 28.71 200.572006  63.572097 17.472 -100.00 -100.00 -100.00
  78    26.126 55423.61671546 32.06 200.577325  63.570965 21.012 -100.00 -100.00 -100.00
  79    90.743 55433.53235979 15.89 200.558087  63.572562 16.625  262.67  262.08  260.44
  79    91.294 55433.53236038 17.55 200.563406  63.571431 21.442  262.67  262.08  260.44
  79    91.776 55433.53236097 20.97 200.568726  63.570299   -100  262.67  262.08  260.44
  79    87.984 55433.53236156 14.30 200.574045  63.569168   -100  262.67  262.08  260.44
  85    82.549 55493.02620201  4.03 200.557407  63.573055  6.086 -100.00 -100.00 -100.00
  85   105.758 55493.02620260  5.72 200.562728  63.571923  6.967 -100.00 -100.00 -100.00
  85    83.489 55493.02620319 11.24 200.568049  63.570792 14.250 -100.00 -100.00 -100.00
  85    84.783 55493.02620378 13.02 200.573369  63.569660 13.161 -100.00 -100.00 -100.00
  85    85.415 55493.02620437 15.00 200.578689  63.568528 13.695 -100.00 -100.00 -100.00
  86    89.727 55502.94183575  2.48 200.558137  63.574011  5.524  258.07  255.32  252.36
  86    85.669 55502.94183634  6.07 200.563458  63.572880  9.288  258.07  255.32  252.36
  86    86.701 55502.94183694  6.66 200.568779  63.571748  9.839  258.07  255.32  252.36
  86    83.747 55502.94183753 11.23 200.574100  63.570617 14.866  258.07  255.32  252.36
  86    84.505 55502.94183812 13.01 200.579420  63.569485 15.560  258.07  255.32  252.36
  87    23.172 55512.85748258 33.80 200.561154  63.575618 32.173  256.56  253.59  249.74
  87    23.389 55512.85748317 34.00 200.566476  63.574486 26.675  256.56  253.59  249.74
  87    23.555 55512.85748376 37.19 200.571796  63.573355   -100  256.56  253.59  249.74
  87    23.465 55512.85748435 37.77 200.577117  63.572223   -100  256.56  253.59  249.74
  87    23.676 55512.85748494 38.32 200.582437  63.571091   -100  256.56  253.59  249.74
  88    23.782 55522.77313212 41.81 200.561862  63.577442   -100  253.49  255.66  255.73
  88    23.608 55522.77313271 44.41 200.567184  63.576310   -100  253.49  255.66  255.73
  88    23.801 55522.77313330 45.11 200.572505  63.575178   -100  253.49  255.66  255.73
  88    23.613 55522.77313389 47.27 200.577825  63.574046   -100  253.49  255.66  255.73
  88    23.654 55522.77313448 48.26 200.583146  63.572914   -100  253.49  255.66  255.73
  89    23.498 55532.68878064 27.52 200.565193  63.576970 13.259 -100.00 -100.00 -100.00
  89    23.450 55532.68878123 30.02 200.570514  63.575838 21.539 -100.00 -100.00 -100.00
  89    23.628 55532.68878182 29.23 200.575834  63.574706 18.963 -100.00 -100.00 -100.00
  89    23.794 55532.68878241 27.88 200.581154  63.573574 14.664 -100.00 -100.00 -100.00
  90    27.150 55542.60442718 22.15 200.564861  63.575755  6.989  233.64  231.08  224.54
  90    27.148 55542.60442777 21.18 200.570182  63.574623  6.043  233.64  231.08  224.54
  90    26.322 55542.60442836 21.75 200.575502  63.573491  6.176  233.64  231.08  224.54
  90    27.831 55542.60442896 20.92 200.580821  63.572359  5.729  233.64  231.08  224.54
  91    26.938 55552.52007148 20.85 200.562966  63.575151  6.541 -100.00 -100.00 -100.00
  91    26.117 55552.52007207 20.21 200.568287  63.574019  5.704 -100.00 -100.00 -100.00
  91    26.004 55552.52007266 20.34 200.573607  63.572887  6.057 -100.00 -100.00 -100.00
  91    26.983 55552.52007325 19.33 200.578926  63.571755  5.449 -100.00 -100.00 -100.00
  92    27.120 55562.43571430 18.95 200.561143  63.575959  5.203  239.08  236.57  227.02
  92    27.410 55562.43571489 18.86 200.566463  63.574827  5.950  239.08  236.57  227.02
  92    27.528 55562.43571548 18.62 200.571784  63.573696  5.211  239.08  236.57  227.02
  92    27.412 55562.43571607 18.91 200.577103  63.572563  6.976  239.08  236.57  227.02
  92    28.226 55562.43571666 17.47 200.582423  63.571431  4.470  239.08  236.57  227.02
  93    26.633 55572.35135688 18.70 200.564424  63.576687  6.238  243.23  241.53  232.43
  93    26.877 55572.35135747 18.97 200.569744  63.575555  6.687  243.23  241.53  232.43
  93    27.314 55572.35135806 19.01 200.575065  63.574423  6.479  243.23  241.53  232.43
  93    26.258 55572.35135865 19.75 200.580384  63.573291  9.008  243.23  241.53  232.43
  94    27.060 55582.26699785 18.13 200.563746  63.577358  6.442 -100.00 -100.00 -100.00
  94    27.330 55582.26699844 17.20 200.569067  63.576226  5.070 -100.00 -100.00 -100.00
  94    27.757 55582.26699903 17.36 200.574387  63.575094  6.785 -100.00 -100.00 -100.00
  94    28.113 55582.26699962 17.77 200.579708  63.573962  6.203 -100.00 -100.00 -100.00
  95    26.896 55592.18263596 17.22 200.565375  63.575658  6.704 -100.00 -100.00 -100.00
  95    27.202 55592.18263655 17.54 200.570696  63.574526  7.031 -100.00 -100.00 -100.00
  95    27.399 55592.18263714 17.24 200.576017  63.573395  7.553 -100.00 -100.00 -100.00
  95    27.681 55592.18263773 16.25 200.581337  63.572262  5.746 -100.00 -100.00 -100.00
  96    23.126 55602.09827012 27.57 200.560155  63.574564 25.933 -100.00 -100.00 -100.00
  96    22.769 55602.09827071 27.20 200.565476  63.573433 28.082 -100.00 -100.00 -100.00
  96    25.303 55602.09827130 25.02 200.570797  63.572301 16.687 -100.00 -100.00 -100.00
  96    22.685 55602.09827189 24.94 200.576117  63.571169 17.718 -100.00 -100.00 -100.00
  96    22.464 55602.09827248 22.87 200.581437  63.570037 13.609 -100.00 -100.00 -100.00
  97    22.762 55612.01390259 21.53 200.559297  63.573551 14.696 -100.00 -100.00 -100.00
  97    24.516 55612.01390318 18.67 200.564618  63.572420  9.221 -100.00 -100.00 -100.00
  97    25.789 55612.01390377 17.35 200.569939  63.571288  6.875 -100.00 -100.00 -100.00
  97    25.797 55612.01390436 19.07 200.575259  63.570157  9.640 -100.00 -100.00 -100.00
  97    26.235 55612.01390495 17.97 200.580579  63.569025  7.631 -100.00 -100.00 -100.00
  98    26.577 55621.92953689 16.34 200.563183  63.573750  5.495 -100.00 -100.00 -100.00
  98    25.906 55621.92953748 16.73 200.568504  63.572618  7.515 -100.00 -100.00 -100.00
  98    27.786 55621.92953807 15.91 200.573825  63.571487  6.354 -100.00 -100.00 -100.00
  98    28.478 55621.92953866 16.23 200.579145  63.570355  5.909 -100.00 -100.00 -100.00
  99    26.392 55631.84518974 15.86 200.562929  63.575131  7.868  242.40  236.05  223.97
  99    26.197 55631.84519033 15.13 200.568250  63.573999  6.964  242.40  236.05  223.97
  99    26.207 55631.84519092 15.03 200.573570  63.572868  5.307  242.40  236.05  223.97
  99    28.144 55631.84519151 14.54 200.578890  63.571736  5.300  242.40  236.05  223.97
 100    27.793 55641.76084074 10.70 200.565218  63.575515  4.404 -100.00 -100.00 -100.00
 100    28.083 55641.76084133 11.05 200.570539  63.574384  4.396 -100.00 -100.00 -100.00
 100    28.404 55641.76084192 11.03 200.575859  63.573252  4.948 -100.00 -100.00 -100.00
 100    29.126 55641.76084251 10.90 200.581179  63.572120  3.805 -100.00 -100.00 -100.00
 101    27.036 55651.67648832 16.00 200.560454  63.575748  6.490 -100.00 -100.00 -100.00
 101    24.848 55651.67648892 16.17 200.565774  63.574617  7.178 -100.00 -100.00 -100.00
 101    25.582 55651.67648951 15.26 200.571094  63.573485  7.361 -100.00 -100.00 -100.00
 101    26.154 55651.67649010 15.31 200.576414  63.572354  6.852 -100.00 -100.00 -100.00
 101    26.461 55651.67649069 14.39 200.581733  63.571222  4.742 -100.00 -100.00 -100.00
 102    28.162 55661.59213249 11.67 200.559120  63.573722  3.507 -100.00 -100.00 -100.00
 102    29.180 55661.59213308 11.60 200.564440  63.572591  3.606 -100.00 -100.00 -100.00
 102    28.782 55661.59213367 11.79 200.569760  63.571459  3.606 -100.00 -100.00 -100.00
 102    30.072 55661.59213426 11.93 200.575079  63.570327  3.689 -100.00 -100.00 -100.00
 102    30.297 55661.59213485 11.52 200.580398  63.569195  3.136 -100.00 -100.00 -100.00
 103    28.244 55671.50777359 10.85 200.560059  63.572150  3.631 -100.00 -100.00 -100.00
 103    29.231 55671.50777418 10.58 200.565378  63.571019  4.027 -100.00 -100.00 -100.00
 103    29.873 55671.50777477 10.86 200.570698  63.569887  3.769 -100.00 -100.00 -100.00
 103    30.031 55671.50777536 10.66 200.576016  63.568755  3.381 -100.00 -100.00 -100.00
 104    27.580 55681.42341262 20.11 200.559070  63.573188 20.195 -100.00 -100.00 -100.00
 104    26.988 55681.42341321 20.20 200.564390  63.572057 17.487 -100.00 -100.00 -100.00
 104    26.820 55681.42341380 19.42 200.569709  63.570925 17.238 -100.00 -100.00 -100.00
 104    25.690 55681.42341439 20.09 200.575028  63.569794 17.959 -100.00 -100.00 -100.00
 104    29.422 55681.42341498 18.20 200.580346  63.568662 14.820 -100.00 -100.00 -100.00
 108    77.752 55721.08597689  0.48 200.565332  63.576892  3.647  271.88  270.59  270.66
 108    80.829 55721.08597748  0.31 200.570653  63.575761  3.648  271.88  270.59  270.66
 108    88.004 55721.08597807  0.77 200.575974  63.574629  3.367  271.88  270.59  270.66
 108    86.665 55721.08597866  1.94 200.581294  63.573497  3.451  271.88  270.59  270.66
 110    86.523 55740.91727072 16.74 200.561071  63.576531 20.189  271.37  269.52  269.35
 110   105.621 55740.91727131 19.87 200.566391  63.575399 29.795  271.37  269.52  269.35
 110    83.502 55740.91727190 19.57 200.571712  63.574267   -100  271.37  269.52  269.35
 110    88.016 55740.91727249 15.67 200.577032  63.573135 29.551  271.37  269.52  269.35
 113    77.907 55770.66419942 16.23 200.564783  63.575209  8.132 -100.00 -100.00 -100.00
 113    75.558 55770.66420002 23.51 200.570103  63.574077 14.995 -100.00 -100.00 -100.00
 113    75.115 55770.66420061 27.37 200.575423  63.572945   -100 -100.00 -100.00 -100.00
 113    75.100 55770.66420120 15.14 200.580742  63.571813   -100 -100.00 -100.00 -100.00
 115    85.882 55790.49546985 20.06 200.560991  63.573427 25.268  264.74  264.03  262.43
 115    90.313 55790.49547044 23.34 200.566311  63.572295 24.600  264.74  264.03  262.43
 115    90.961 55790.49547103 25.48 200.571631  63.571164 27.350  264.74  264.03  262.43
 115    91.095 55790.49547162 28.18 200.576950  63.570032   -100  264.74  264.03  262.43
 117    78.229 55810.32675066  1.18 200.560441  63.575611  4.509 -100.00 -100.00 -100.00
 117    82.607 55810.32675184  0.71 200.571083  63.573348  3.910 -100.00 -100.00 -100.00
 117    85.146 55810.32675244  1.06 200.576403  63.572216  3.836 -100.00 -100.00 -100.00
 117    84.686 55810.32675303  6.26 200.581722  63.571084  6.905 -100.00 -100.00 -100.00
 118    75.726 55820.24239966 24.57 200.563648  63.575929 10.520  264.04  263.48  263.47
 118    75.469 55820.24240025 18.93 200.568969  63.574797 16.879  264.04  263.48  263.47
 118    75.728 55820.24240084 17.94 200.574289  63.573665 22.660  264.04  263.48  263.47
 118    74.011 55820.24240143 29.99 200.579609  63.572533 20.850  264.04  263.48  263.47
 119    75.412 55830.15804374 21.42 200.563089  63.575884  9.843  260.88  259.80  260.86
 119    74.716 55830.15804433 15.86 200.568410  63.574752 16.746  260.88  259.80  260.86
 119    75.541 55830.15804492 19.93 200.573731  63.573620 31.090  260.88  259.80  260.86
 119    76.802 55830.15804551 26.54 200.579052  63.572489  9.480  260.88  259.80  260.86
 120    74.909 55840.07368362 12.41 200.564419  63.574202  8.061  259.88  258.68  260.12
 120    76.492 55840.07368421  5.73 200.569740  63.573071  7.489  259.88  258.68  260.12
 121   108.833 55849.98931978 10.30 200.559601  63.574167 11.718  258.37  257.27  259.45
 121    80.704 55849.98932037 12.40 200.564922  63.573035 27.960  258.37  257.27  259.45
 123    86.621 55869.82060525  9.40 200.565283  63.575725 10.527  254.63  252.29  250.21
 123    88.984 55869.82060584 13.27 200.570604  63.574593 15.260  254.63  252.29  250.21
 123    90.223 55869.82060643 15.03 200.575925  63.573461 10.036  254.63  252.29  250.21
 123    90.856 55869.82060702 17.60 200.581245  63.572329  9.273  254.63  252.29  250.21
 124    22.999 55879.73625611 23.37 200.564440  63.577498  8.704 -100.00 -100.00 -100.00
 124    23.032 55879.73625670 24.26 200.569762  63.576367  9.633 -100.00 -100.00 -100.00
 124    23.105 55879.73625729 24.49 200.575083  63.575235 11.944 -100.00 -100.00 -100.00
 124    23.300 55879.73625788 26.85 200.580403  63.574103 17.072 -100.00 -100.00 -100.00
 125    22.871 55889.65190060 22.88 200.565534  63.577742  9.371  252.08  248.99  244.04
 125    22.990 55889.65190119 22.40 200.570855  63.576610  8.488  252.08  248.99  244.04
 125    23.172 55889.65190178 21.51 200.576176  63.575479  7.744  252.08  248.99  244.04
 125    23.113 55889.65190237 20.67 200.581497  63.574346  7.846  252.08  248.99  244.04
 126    20.393 55899.56753903 22.56 200.564193  63.577646  8.480 -100.00 -100.00 -100.00
 126    19.895 55899.56753963 23.30 200.569514  63.576515  8.049 -100.00 -100.00 -100.00
 126    19.316 55899.56754022 21.79 200.574835  63.575383  6.839 -100.00 -100.00 -100.00
 126    18.303 55899.56754081 22.25 200.580155  63.574251  8.285 -100.00 -100.00 -100.00
 127    22.736 55909.48317285 21.29 200.565490  63.577311  7.994 -100.00 -100.00 -100.00
 127    23.026 55909.48317344 21.25 200.570811  63.576179  7.956 -100.00 -100.00 -100.00
 127    28.586 55909.48317403 20.49 200.576132  63.575047  6.573 -100.00 -100.00 -100.00
 127    28.950 55909.48317462 21.07 200.581452  63.573915  7.568 -100.00 -100.00 -100.00
 128    23.409 55919.39882351 19.98 200.561992  63.577440  6.198  249.84  245.22  238.27
 128    23.423 55919.39882410 20.39 200.567313  63.576309  8.064  249.84  245.22  238.27
 128    23.400 55919.39882469 20.20 200.572633  63.575177  6.027  249.84  245.22  238.27
 128    25.256 55919.39882528 19.35 200.577954  63.574045  5.619  249.84  245.22  238.27
 128    23.722 55919.39882587 19.39 200.583273  63.572913  6.184  249.84  245.22  238.27
 129    26.103 55929.31447668 18.75 200.566385  63.575957  5.855 -100.00 -100.00 -100.00
 129    23.429 55929.31447727 18.60 200.571705  63.574825  6.245 -100.00 -100.00 -100.00
 129    26.760 55929.31447786 18.64 200.577026  63.573693  5.145 -100.00 -100.00 -100.00
 129    26.228 55929.31447845 17.97 200.582345  63.572561  5.095 -100.00 -100.00 -100.00
 130    23.517 55939.23012562 18.58 200.565500  63.575159  6.189 -100.00 -100.00 -100.00
 130    25.802 55939.23012621 18.83 200.570821  63.574027  5.777 -100.00 -100.00 -100.00
 130    25.806 55939.23012680 18.59 200.576141  63.572895  5.641 -100.00 -100.00 -100.00
 130    25.881 55939.23012739 18.53 200.581461  63.571763  5.072 -100.00 -100.00 -100.00
 131    27.267 55949.14576957 13.24 200.562165  63.574081  4.070  249.03  243.82  232.25
 131    27.844 55949.14577016 13.43 200.567486  63.572950  4.230  249.03  243.82  232.25
 131    28.748 55949.14577075 12.92 200.572806  63.571818  3.856  249.03  243.82  232.25
 131    29.517 55949.14577135 13.42 200.578126  63.570686  4.423  249.03  243.82  232.25
 132    28.025 55959.06140954 12.56 200.562607  63.572718  3.702 -100.00 -100.00 -100.00
 132    28.696 55959.06141013 12.68 200.567928  63.571586  3.944 -100.00 -100.00 -100.00
 132    29.393 55959.06141072 12.59 200.573248  63.570454  3.296 -100.00 -100.00 -100.00
 132    30.473 55959.06141131 12.26 200.578567  63.569322  3.322 -100.00 -100.00 -100.00
 133    27.727 55968.97704653 12.27 200.558431  63.573639  3.411 -100.00 -100.00 -100.00
 133    27.302 55968.97704712 12.72 200.563752  63.572508  4.351 -100.00 -100.00 -100.00
 133    28.308 55968.97704771 12.09 200.569072  63.571376  3.302 -100.00 -100.00 -100.00
 133    29.134 55968.97704830 12.06 200.574392  63.570244  3.514 -100.00 -100.00 -100.00
 133    29.513 55968.97704889 12.16 200.579711  63.569112  3.523 -100.00 -100.00 -100.00
 134    27.935 55978.89268346 11.48 200.562556  63.574094  3.367  251.80  246.43  233.50
 134    27.253 55978.89268405 11.99 200.567877  63.572962  3.931  251.80  246.43  233.50
 134    28.567 55978.89268464 11.85 200.573197  63.571831  3.887  251.80  246.43  233.50
 134    28.834 55978.89268523 11.35 200.578517  63.570698  3.071  251.80  246.43  233.50
 135    29.004 55988.80831903 13.17 200.560473  63.575953  3.858  249.22  242.08  226.94
 135    29.054 55988.80831962 12.78 200.565794  63.574822  3.063  249.22  242.08  226.94
 135    29.826 55988.80832021 12.89 200.571115  63.573690  3.553  249.22  242.08  226.94
 135    30.506 55988.80832080 13.08 200.576435  63.572559  3.389  249.22  242.08  226.94
 135    30.803 55988.80832139 12.84 200.581755  63.571427  2.976  249.22  242.08  226.94
 136    28.061 55998.72396109 12.65 200.564476  63.575433  4.504  247.55  239.60  224.65
 136    28.246 55998.72396168 12.58 200.569796  63.574302  3.885  247.55  239.60  224.65
 136    28.836 55998.72396227 12.44 200.575117  63.573170  3.703  247.55  239.60  224.65
 136    29.007 55998.72396286 12.34 200.580436  63.572038  3.478  247.55  239.60  224.65
 137    28.394 56008.63961229 11.72 200.564089  63.574339  3.302  247.79  239.05  221.83
 137    29.889 56008.63961288 11.39 200.569409  63.573207  3.294  247.79  239.05  221.83
 137    30.170 56008.63961347 11.60 200.574729  63.572076  3.334  247.79  239.05  221.83
 137    29.983 56008.63961406 11.92 200.580048  63.570944  3.267  247.79  239.05  221.83
 138    28.505 56018.55525875 12.20 200.559092  63.574286  3.881  252.85  245.92  230.51
 138    29.512 56018.55525934 12.13 200.564412  63.573155  3.435  252.85  245.92  230.51
 138    29.553 56018.55525993 12.33 200.569732  63.572024  4.110  252.85  245.92  230.51
 138    30.031 56018.55526052 12.31 200.575051  63.570892  3.512  252.85  245.92  230.51
 138    30.557 56018.55526111 12.15 200.580370  63.569760  3.213  252.85  245.92  230.51
 139    29.306 56028.47090290 12.38 200.561017  63.573665  3.498  252.18  246.94  234.51
 139    30.346 56028.47090349 11.91 200.566337  63.572533  2.750  252.18  246.94  234.51
 139    30.710 56028.47090408 12.63 200.571656  63.571402  3.913  252.18  246.94  234.51
 139    31.013 56028.47090467 12.67 200.576975  63.570270  3.136  252.18  246.94  234.51
 142    77.027 56058.21782241 16.21 200.562745  63.577559  7.979 -100.00 -100.00 -100.00
 142    73.916 56058.21782300 21.51 200.568066  63.576427   -100 -100.00 -100.00 -100.00
 142    74.520 56058.21782359  2.55 200.573386  63.575296  8.727 -100.00 -100.00 -100.00
 142    75.721 56058.21782478 17.18 200.584026  63.573032 13.306 -100.00 -100.00 -100.00
 143    76.670 56068.13345562 19.10 200.565120  63.578137 13.919 -100.00 -100.00 -100.00
 143    80.461 56068.13345621  3.04 200.570441  63.577006  3.525 -100.00 -100.00 -100.00
 143    78.598 56068.13345680  3.68 200.575762  63.575874  5.614 -100.00 -100.00 -100.00
 143    83.854 56068.13345739  3.66 200.581082  63.574742  3.835 -100.00 -100.00 -100.00
 144    88.628 56078.04910646 16.93 200.564886  63.577341 21.625 -100.00 -100.00 -100.00
 144    95.301 56078.04910705  3.37 200.570207  63.576210  5.630 -100.00 -100.00 -100.00
 144   101.531 56078.04910824  1.12 200.580848  63.573946  3.196 -100.00 -100.00 -100.00
 147    89.408 56107.79604536 17.44 200.564004  63.576178 16.632  273.07  272.06  271.52
 147    89.718 56107.79604595 21.23 200.569324  63.575046 23.058  273.07  272.06  271.52
 147    90.400 56107.79604654 24.46 200.574644  63.573915 23.981  273.07  272.06  271.52
 147    90.304 56107.79604713 22.56 200.579964  63.572783 24.248  273.07  272.06  271.52
 151    75.472 56147.45859172 16.05 200.559550  63.574729 10.131  262.47  261.76  260.71
 151    77.286 56147.45859231 12.50 200.564871  63.573598  6.365  262.47  261.76  260.71
 151    75.613 56147.45859290 19.01 200.570191  63.572466 22.366  262.47  261.76  260.71
 151    73.762 56147.45859349 21.11 200.575510  63.571335   -100  262.47  261.76  260.71
 151    74.992 56147.45859408 22.73 200.580829  63.570203 13.761  262.47  261.76  260.71
 154   107.428 56177.20553575  0.50 200.569910  63.573238  3.008  260.36  259.12  259.28
 154    97.457 56177.20553634  2.65 200.575230  63.572106  5.393  260.36  259.12  259.28
 154    66.670 56177.20553693  6.05 200.580549  63.570974  7.682  260.36  259.12  259.28
 155    85.591 56187.12117585 11.66 200.562306  63.574004 12.222  261.80  260.97  260.70
 155    86.757 56187.12117644 12.57 200.567627  63.572872 10.559  261.80  260.97  260.70
 155    86.690 56187.12117703 14.96 200.572948  63.571740 12.677  261.80  260.97  260.70
 155    87.373 56187.12117762 14.96 200.578268  63.570608 13.127  261.80  260.97  260.70
 156    88.597 56197.03681300 10.96 200.561150  63.573938 12.821 -100.00 -100.00 -100.00
 156    93.413 56197.03681359  6.48 200.566471  63.572807  6.256 -100.00 -100.00 -100.00
 156    96.622 56197.03681418  5.86 200.571791  63.571675  4.719 -100.00 -100.00 -100.00
 156    97.703 56197.03681477  6.64 200.577112  63.570543  5.884 -100.00 -100.00 -100.00
 157    99.621 56206.95244756  2.04 200.564366  63.574574  4.523  257.81  256.61  257.77
 157    98.071 56206.95244815  1.97 200.569687  63.573442  3.109  257.81  256.61  257.77
 157    77.218 56206.95244874  4.95 200.575008  63.572310  4.312  257.81  256.61  257.77
 157    77.529 56206.95244933 10.40 200.580328  63.571178  9.238  257.81  256.61  257.77
 158    75.099 56216.86808041 17.13 200.566416  63.576540 12.261 -100.00 -100.00 -100.00
 158    72.935 56216.86808100 10.12 200.571737  63.575409 12.852 -100.00 -100.00 -100.00
 158    73.870 56216.86808159 12.75 200.577058  63.574277 15.284 -100.00 -100.00 -100.00
 158    73.819 56216.86808218 17.63 200.582379  63.573145 15.882 -100.00 -100.00 -100.00
 160    24.026 56236.69937696 36.61 200.563664  63.578278 27.110 -100.00 -100.00 -100.00
 160    23.996 56236.69937755 39.25 200.568986  63.577146 32.402 -100.00 -100.00 -100.00
 160    23.936 56236.69937814 40.78 200.574307  63.576014   -100 -100.00 -100.00 -100.00
 160    24.180 56236.69937873 42.74 200.579627  63.574882   -100 -100.00 -100.00 -100.00
 160    23.983 56236.69937932 44.94 200.584947  63.573750   -100 -100.00 -100.00 -100.00
 161    28.071 56246.61502811 24.75 200.563559  63.577126 10.095  255.98  254.25  253.77
 161    28.553 56246.61502870 22.90 200.568880  63.575995  7.823  255.98  254.25  253.77
 161    29.280 56246.61502929 24.25 200.574201  63.574863  9.475  255.98  254.25  253.77
 161    28.616 56246.61502988 25.44 200.579521  63.573731 10.748  255.98  254.25  253.77
 162    27.828 56256.53067408 22.01 200.563097  63.576492  9.417 -100.00 -100.00 -100.00
 162    28.792 56256.53067467 21.91 200.568418  63.575361 10.226 -100.00 -100.00 -100.00
 162    29.392 56256.53067526 22.34 200.573739  63.574229 10.781 -100.00 -100.00 -100.00
 162    30.256 56256.53067585 20.78 200.579058  63.573097  7.842 -100.00 -100.00 -100.00
 163    28.676 56266.44631625 20.10 200.562824  63.577004  8.488 -100.00 -100.00 -100.00
 163    28.983 56266.44631684 19.76 200.568145  63.575872  6.310 -100.00 -100.00 -100.00
 163    29.452 56266.44631743 20.58 200.573466  63.574740  9.015 -100.00 -100.00 -100.00
 163    30.214 56266.44631802 19.03 200.578786  63.573608  5.830 -100.00 -100.00 -100.00
 163    30.474 56266.44631861 18.22 200.584105  63.572476  4.913 -100.00 -100.00 -100.00
 164    28.055 56276.36195685 19.73 200.563859  63.577392  7.889 -100.00 -100.00 -100.00
 164    28.248 56276.36195744 19.86 200.569180  63.576260  8.022 -100.00 -100.00 -100.00
 164    28.297 56276.36195803 19.73 200.574501  63.575128  8.486 -100.00 -100.00 -100.00
 164    29.709 56276.36195862 18.74 200.579821  63.573996  6.589 -100.00 -100.00 -100.00
 165    27.825 56286.27760356 18.56 200.562953  63.576882  6.985 -100.00 -100.00 -100.00
 165    29.156 56286.27760415 17.50 200.568274  63.575750  6.513 -100.00 -100.00 -100.00
 165    29.526 56286.27760474 17.09 200.573595  63.574618  6.531 -100.00 -100.00 -100.00
 165    28.891 56286.27760533 18.31 200.578915  63.573486  8.268 -100.00 -100.00 -100.00
 165    30.294 56286.27760592 16.32 200.584235  63.572354  3.772 -100.00 -100.00 -100.00
 166    27.090 56296.19325369 17.70 200.562924  63.574581  7.574 -100.00 -100.00 -100.00
 166    28.679 56296.19325428 16.79 200.568244  63.573449  5.083 -100.00 -100.00 -100.00
 166    29.026 56296.19325487 16.23 200.573565  63.572317  4.809 -100.00 -100.00 -100.00
 166    29.528 56296.19325546 16.51 200.578884  63.571185  4.574 -100.00 -100.00 -100.00
 167    27.829 56306.10889925 15.37 200.557988  63.573178  6.193  254.58  253.10  247.83
 167    28.517 56306.10889984 14.78 200.563309  63.572046  5.836  254.58  253.10  247.83
 167    28.904 56306.10890043 14.89 200.568629  63.570915  5.512 -100.00 -100.00 -100.00
 167    29.039 56306.10890102 14.82 200.573949  63.569783  5.122 -100.00 -100.00 -100.00
 167    29.536 56306.10890161 15.15 200.579269  63.568650  6.043 -100.00 -100.00 -100.00
 168    27.605 56316.02454201 14.87 200.557979  63.572464  4.658 -100.00 -100.00 -100.00
 168    27.266 56316.02454260 15.70 200.563300  63.571333  5.966 -100.00 -100.00 -100.00
 168    27.988 56316.02454319 14.76 200.568620  63.570201  4.808 -100.00 -100.00 -100.00
 168    29.085 56316.02454378 14.41 200.573940  63.569069  3.843 -100.00 -100.00 -100.00
 168    29.410 56316.02454437 14.33 200.579259  63.567937  3.781 -100.00 -100.00 -100.00
 169    27.434 56325.94018301 15.33 200.559304  63.573784  7.123 -100.00 -100.00 -100.00
 169    28.149 56325.94018360 13.72 200.564625  63.572652  3.806 -100.00 -100.00 -100.00
 169    28.679 56325.94018419 13.54 200.569945  63.571520  4.196 -100.00 -100.00 -100.00
 169    29.384 56325.94018478 13.74 200.575265  63.570388  3.529 -100.00 -100.00 -100.00
 169    29.749 56325.94018537 13.40 200.580584  63.569256  3.479 -100.00 -100.00 -100.00
 170    28.147 56335.85582336 14.39 200.563197  63.575197  4.515  243.30  237.13  224.72
 170    28.299 56335.85582395 14.61 200.568518  63.574065  5.125  243.30  237.13  224.72
 170    28.947 56335.85582454 14.43 200.573838  63.572933  4.372  243.30  237.13  224.72
 170    29.381 56335.85582513 14.23 200.579158  63.571801  4.574  243.30  237.13  224.72
 171    28.052 56345.77146226 14.55 200.563943  63.576008  4.527 -100.00 -100.00 -100.00
 171    29.043 56345.77146285 14.27 200.569264  63.574876  4.220 -100.00 -100.00 -100.00
 171    29.359 56345.77146344 14.26 200.574584  63.573745  4.160 -100.00 -100.00 -100.00
 171    29.606 56345.77146403 14.12 200.579904  63.572613  3.934 -100.00 -100.00 -100.00
 172    28.345 56355.68709890 14.14 200.564457  63.575208  4.910 -100.00 -100.00 -100.00
 172    28.686 56355.68709949 14.07 200.569778  63.574077  4.165 -100.00 -100.00 -100.00
 172    29.059 56355.68710008 14.30 200.575098  63.572945  4.726 -100.00 -100.00 -100.00
 172    29.831 56355.68710067 14.18 200.580417  63.571813  4.810 -100.00 -100.00 -100.00
 173    26.438 56365.60274514 17.07 200.561264  63.573950  8.205 -100.00 -100.00 -100.00
 173    28.302 56365.60274573 15.00 200.566584  63.572819  5.766 -100.00 -100.00 -100.00
 173    27.143 56365.60274632 17.15 200.571903  63.571688  7.103 -100.00 -100.00 -100.00
 173    28.231 56365.60274691 17.72 200.577223  63.570556  7.849 -100.00 -100.00 -100.00
 174    29.291 56375.51839391 13.27 200.560312  63.573403  3.272 -100.00 -100.00 -100.00
 174    29.595 56375.51839450 13.40 200.565632  63.572271  3.261 -100.00 -100.00 -100.00
 174    30.057 56375.51839509 13.62 200.570951  63.571140  3.610 -100.00 -100.00 -100.00
 174    30.532 56375.51839568 13.87 200.576270  63.570008  3.413 -100.00 -100.00 -100.00
 176    29.585 56395.34968338 14.15 200.563576  63.576320  3.639 -100.00 -100.00 -100.00
 176    29.705 56395.34968397 14.41 200.568896  63.575188  3.709 -100.00 -100.00 -100.00
 176    30.188 56395.34968456 14.34 200.574216  63.574057  3.254 -100.00 -100.00 -100.00
 176    30.501 56395.34968515 14.45 200.579535  63.572924  3.361 -100.00 -100.00 -100.00
 177    29.576 56405.26532491  8.18 200.564175  63.577583  3.889  259.63  256.93  250.78
 177    29.685 56405.26532550  9.37 200.569496  63.576452  5.595  259.63  256.93  250.78
 177    30.110 56405.26532610  8.35 200.574816  63.575320  4.169  259.63  256.93  250.78
 177    30.705 56405.26532669  8.18 200.580136  63.574188  3.722  259.63  256.93  250.78
 180    23.797 56435.01224473 35.65 200.565511  63.576050 32.699 -100.00 -100.00 -100.00
 180    24.036 56435.01224532 33.86 200.570832  63.574918 29.594 -100.00 -100.00 -100.00
 180    30.171 56435.01224591 30.57 200.576152  63.573787 15.572 -100.00 -100.00 -100.00
 180    30.056 56435.01224650 31.54 200.581472  63.572655 17.828 -100.00 -100.00 -100.00
 181    91.131 56444.92789673 22.75 200.564899  63.575710 26.223  270.14  268.99  269.25
 181    91.395 56444.92789732 21.50 200.570220  63.574578 28.342  270.14  268.99  269.25
 181    91.815 56444.92789791 20.67 200.575540  63.573447 24.115  270.14  268.99  269.25
 181    93.159 56444.92789850 27.76 200.580860  63.572314 25.106  270.14  268.99  269.25
 182    92.469 56454.84354600 20.26 200.562373  63.576819 18.004  270.23  268.62  269.24
 182    89.602 56454.84354659 21.77 200.567694  63.575687 25.192  270.23  268.62  269.24
 182    90.101 56454.84354718 24.44 200.573014  63.574555 23.347  270.23  268.62  269.24
 182    90.326 56454.84354777 24.98 200.578334  63.573423 31.666  270.23  268.62  269.24
 182    90.738 56454.84354836 28.71 200.583653  63.572291   -100  270.23  268.62  269.24
 185    74.288 56484.59047529 19.39 200.557667  63.573434 18.302  263.87  263.38  262.03
 185    75.869 56484.59047588 16.43 200.562987  63.572302 13.188  263.87  263.38  262.03
 185    83.638 56484.59047765  4.05 200.578944  63.568907  4.208  263.87  263.38  262.03
 186    26.716 56494.50611178 44.08 200.557461  63.573079 27.496  267.42  267.17  265.92
 186    26.632 56494.50611237 45.79 200.562781  63.571948   -100  267.42  267.17  265.92
 186    26.625 56494.50611297 44.06 200.568101  63.570817   -100  267.42  267.17  265.92
 186    26.500 56494.50611356 39.42 200.573420  63.569685 32.529  267.42  267.17  265.92
 186    25.593 56494.50611415 48.43 200.578738  63.568553 15.452  267.42  267.17  265.92
 188    77.189 56514.33737935  0.12 200.565241  63.576919  4.975  265.78  265.35  263.93
 188    85.403 56514.33738053  0.02 200.575882  63.574656  2.245  265.78  265.35  263.93
 188    85.041 56514.33738112  0.69 200.581202  63.573524  2.833  265.78  265.35  263.93
 189    75.383 56524.25303069 16.76 200.564539  63.577581 10.868 -100.00 -100.00 -100.00
 189    75.344 56524.25303128 24.17 200.569860  63.576449 12.879 -100.00 -100.00 -100.00
 189    89.439 56524.25303187 22.44 200.575181  63.575317 32.194 -100.00 -100.00 -100.00
 189    88.606 56524.25303246 17.31 200.580501  63.574186 29.000 -100.00 -100.00 -100.00
 193    78.790 56563.91561682  0.61 200.560770  63.575278  3.686 -100.00 -100.00 -100.00
 193    87.123 56563.91561741  0.06 200.566091  63.574147  3.201 -100.00 -100.00 -100.00
 193    87.217 56563.91561859  0.77 200.576732  63.571883  2.539 -100.00 -100.00 -100.00
 193    87.451 56563.91561919  5.94 200.582052  63.570750  5.211 -100.00 -100.00 -100.00
 194    77.643 56573.83125841  2.59 200.563758  63.577540  3.394  259.28  259.89  261.69
 194    75.080 56573.83125900  2.34 200.569079  63.576409  3.867  259.28  259.89  261.69
 194    80.348 56573.83125959  1.74 200.574400  63.575277  3.208  259.28  259.89  261.69
 194    87.328 56573.83126018  1.41 200.579721  63.574144  2.659  259.28  259.89  261.69
 196    26.057 56593.66253199 30.76 200.566311  63.578949 22.099  259.73  259.39  260.26
 196    29.424 56593.66253258 30.02 200.571632  63.577817 20.170  259.73  259.39  260.26
 196    30.165 56593.66253317 26.61 200.576953  63.576685 12.232  259.73  259.39  260.26
 196    30.418 56593.66253376 29.59 200.582274  63.575553 21.242  259.73  259.39  260.26
 197    87.732 56603.57818522 12.01 200.565751  63.576572 10.006 -100.00 -100.00 -100.00
 197    85.306 56603.57818581 16.41 200.571072  63.575440 17.865 -100.00 -100.00 -100.00
 197    85.933 56603.57818640 17.59 200.576392  63.574309 18.594 -100.00 -100.00 -100.00
 197    86.379 56603.57818699 20.71 200.581712  63.573177 23.081 -100.00 -100.00 -100.00
 198    22.397 56613.49383392 39.85 200.563675  63.575363   -100 -100.00 -100.00 -100.00
 198    22.681 56613.49383451 41.09 200.568996  63.574232 29.912 -100.00 -100.00 -100.00
 198    23.002 56613.49383510 43.07 200.574316  63.573100 25.641 -100.00 -100.00 -100.00
 198    22.614 56613.49383569 46.29 200.579636  63.571968   -100 -100.00 -100.00 -100.00
 199    23.321 56623.40947835 34.99 200.562170  63.576093 26.122 -100.00 -100.00 -100.00
 199    23.474 56623.40947894 38.93 200.567491  63.574962   -100 -100.00 -100.00 -100.00
 199    24.127 56623.40947953 40.02 200.572811  63.573830 24.849 -100.00 -100.00 -100.00
 199    23.733 56623.40948012 38.86 200.578131  63.572698   -100 -100.00 -100.00 -100.00
 199    23.448 56623.40948071 33.76 200.583451  63.571566 27.252 -100.00 -100.00 -100.00
 200    23.875 56633.32512001 29.96 200.562094  63.577031 10.732 -100.00 -100.00 -100.00
 200    23.385 56633.32512060 38.01 200.567415  63.575900   -100 -100.00 -100.00 -100.00
 200    24.411 56633.32512119 37.88 200.572736  63.574768 18.095 -100.00 -100.00 -100.00
 200    23.947 56633.32512178 35.55 200.578056  63.573636 22.238 -100.00 -100.00 -100.00
 200    23.832 56633.32512237 31.98 200.583376  63.572503 15.829 -100.00 -100.00 -100.00
 201    23.836 56643.24075759 29.61 200.567008  63.576555 13.744 -100.00 -100.00 -100.00
 201    23.916 56643.24075818 34.17 200.572329  63.575424 26.172 -100.00 -100.00 -100.00
 201    23.997 56643.24075877 29.47 200.577650  63.574292 13.749 -100.00 -100.00 -100.00
 201    23.928 56643.24075936 28.62 200.582970  63.573160 11.632 -100.00 -100.00 -100.00
 202    24.290 56653.15640862 26.83 200.564492  63.574872  9.773  233.54  229.70  224.75
 202    25.825 56653.15640921 25.70 200.569813  63.573740  7.572  233.54  229.70  224.75
 202    25.903 56653.15640980 25.84 200.575133  63.572608  8.175  233.54  229.70  224.75
 202    24.733 56653.15641039 26.64 200.580453  63.571476  8.925  233.54  229.70  224.75
 203    26.761 56663.07205732 24.31 200.558089  63.573648  6.146  244.32  243.71  238.42
 203    25.464 56663.07205791 24.76 200.563409  63.572516  8.435  244.32  243.71  238.42
 203    25.286 56663.07205850 25.14 200.568730  63.571385  8.473  244.32  243.71  238.42
 203    25.721 56663.07205909 25.47 200.574050  63.570253  9.428  244.32  243.71  238.42
 203    25.457 56663.07205968 25.39 200.579370  63.569120  9.407  244.32  243.71  238.42
 204    25.835 56672.98770389 25.89 200.558255  63.572438  9.459  241.55  238.70  233.63
 204    26.345 56672.98770448 25.48 200.563576  63.571307  9.030  241.55  238.70  233.63
 204    25.821 56672.98770507 24.67 200.568896  63.570175  7.622  241.55  238.70  233.63
 204    25.566 56672.98770566 25.33 200.574216  63.569043 10.085  241.55  238.70  233.63
 204    24.925 56672.98770625 25.04 200.579536  63.567910  9.005  241.55  238.70  233.63
 205    27.866 56682.90334919 15.46 200.561599  63.573227  5.546 -100.00 -100.00 -100.00
 205    27.084 56682.90334978 15.52 200.566920  63.572095  4.971 -100.00 -100.00 -100.00
 205    28.976 56682.90335037 16.24 200.572240  63.570963  5.811 -100.00 -100.00 -100.00
 205    23.734 56682.90335096 20.27 200.577560  63.569831 11.580 -100.00 -100.00 -100.00
 206    26.574 56692.81899220 16.00 200.563558  63.575113  4.897 -100.00 -100.00 -100.00
 206    27.040 56692.81899279 16.20 200.568879  63.573981  5.414 -100.00 -100.00 -100.00
 206    27.753 56692.81899338 15.96 200.574199  63.572849  4.696 -100.00 -100.00 -100.00
 206    26.496 56692.81899397 16.28 200.579518  63.571717  5.761 -100.00 -100.00 -100.00
 207    28.687 56702.73463119 12.82 200.565963  63.576283  3.668  221.99  216.54  208.83
 207    28.847 56702.73463178 13.04 200.571284  63.575151  2.955  221.99  216.54  208.83
 207    29.106 56702.73463237 13.37 200.576604  63.574019  3.294  221.99  216.54  208.83
 207    29.796 56702.73463296 13.13 200.581924  63.572887  3.041  221.99  216.54  208.83
 208    28.518 56712.65026485 13.57 200.564912  63.576109  3.354 -100.00 -100.00 -100.00
 208    29.322 56712.65026545 13.55 200.570233  63.574978  2.876 -100.00 -100.00 -100.00
 208    29.255 56712.65026604 14.40 200.575553  63.573846  4.562 -100.00 -100.00 -100.00
 208    29.205 56712.65026663 13.95 200.580873  63.572714  3.639 -100.00 -100.00 -100.00
 209    28.213 56722.56591208 14.51 200.563872  63.574239  3.938  224.58  218.73  207.65
 209    28.351 56722.56591267 14.62 200.569192  63.573108  3.831  224.58  218.73  207.65
 209    28.360 56722.56591326 14.81 200.574511  63.571976  3.979  224.58  218.73  207.65
 209    29.869 56722.56591385 14.91 200.579830  63.570844  3.563  224.58  218.73  207.65
 210    28.139 56732.48156287 13.99 200.559701  63.573893  3.373 -100.00 -100.00 -100.00
 210    28.889 56732.48156346 13.98 200.565021  63.572762  3.224 -100.00 -100.00 -100.00
 210    29.546 56732.48156405 14.24 200.570341  63.571630  3.666 -100.00 -100.00 -100.00
 210    29.462 56732.48156464 14.48 200.575660  63.570498  3.298 -100.00 -100.00 -100.00
 210    29.573 56732.48156523 14.14 200.580978  63.569366  3.565 -100.00 -100.00 -100.00
 211    28.085 56742.39721031 14.10 200.560249  63.575305  3.599 -100.00 -100.00 -100.00
 211    28.803 56742.39721090 14.06 200.565569  63.574173  3.151 -100.00 -100.00 -100.00
 211    29.376 56742.39721149 14.17 200.570889  63.573041  3.337 -100.00 -100.00 -100.00
 211    29.951 56742.39721208 14.20 200.576208  63.571909  3.816 -100.00 -100.00 -100.00
 211    30.107 56742.39721267 14.22 200.581527  63.570777  3.232 -100.00 -100.00 -100.00
 212    28.341 56752.31285396 14.13 200.566963  63.576564  3.664 -100.00 -100.00 -100.00
 212    29.601 56752.31285455 13.75 200.572283  63.575432  3.365 -100.00 -100.00 -100.00
 212    29.013 56752.31285514 14.25 200.577603  63.574300  3.879 -100.00 -100.00 -100.00
 212    29.564 56752.31285573 13.96 200.582922  63.573167  3.371 -100.00 -100.00 -100.00
 214    79.523 56772.14412261  1.68 200.565882  63.578928  3.262  265.58  264.91  264.23
 214    78.629 56772.14412320  4.96 200.571203  63.577796  4.603  265.58  264.91  264.23
 214    78.704 56772.14412379  5.76 200.576524  63.576665  5.383  265.58  264.91  264.23
 214    80.702 56772.14412438  4.40 200.581844  63.575533  4.254  265.58  264.91  264.23
 215    24.940 56782.05977970 40.62 200.562211  63.576860   -100  261.31  259.64  259.96
 215    24.801 56782.05978029 38.52 200.567532  63.575729   -100  261.31  259.64  259.96
 215    24.733 56782.05978088 39.04 200.572853  63.574597   -100  261.31  259.64  259.96
 215    24.804 56782.05978147 37.94 200.578173  63.573465 30.118  261.31  259.64  259.96
 215    24.705 56782.05978206 42.82 200.583492  63.572332   -100  261.31  259.64  259.96
 217    90.019 56801.89108556 17.90 200.560061  63.574691 13.025  267.70  265.83  267.18
 217    89.715 56801.89108615 20.33 200.565382  63.573560 20.174  267.70  265.83  267.18
 217    86.774 56801.89108674 23.72 200.570701  63.572428   -100  267.70  265.83  267.18
 217    87.406 56801.89108733 20.94 200.576021  63.571295 28.663  267.70  265.83  267.18
 217    87.974 56801.89108792 27.06 200.581340  63.570163 28.876  267.70  265.83  267.18
 218    77.217 56811.80673008 18.94 200.564505  63.574620  9.135 -100.00 -100.00 -100.00
 218    76.562 56811.80673067 27.23 200.569825  63.573488 13.244 -100.00 -100.00 -100.00
 218    76.244 56811.80673126 31.41 200.575144  63.572356 23.478 -100.00 -100.00 -100.00
 218    86.713 56811.80673185 18.83 200.580463  63.571223 26.016 -100.00 -100.00 -100.00
 219    77.784 56821.72236995 16.91 200.564070  63.575127  9.559 -100.00 -100.00 -100.00
 219    77.430 56821.72237054 26.28 200.569390  63.573995 13.518 -100.00 -100.00 -100.00
 219    76.509 56821.72237113 23.95 200.574710  63.572863   -100 -100.00 -100.00 -100.00
 219    76.997 56821.72237172 20.16 200.580029  63.571731   -100 -100.00 -100.00 -100.00
 220    26.923 56831.63800574 34.86 200.563753  63.574502   -100 -100.00 -100.00 -100.00
 220    29.405 56831.63800634 28.49 200.569072  63.573371 21.438 -100.00 -100.00 -100.00
 220    29.841 56831.63800693 28.01 200.574392  63.572239 16.415 -100.00 -100.00 -100.00
 220    30.245 56831.63800752 28.70 200.579711  63.571107 18.146 -100.00 -100.00 -100.00
 222    78.103 56851.46927579 24.27 200.563266  63.573533 10.779  266.88  266.14  264.51
 222    76.254 56851.46927638 29.36 200.568585  63.572402   -100  266.88  266.14  264.51
 222    75.888 56851.46927697 17.48 200.573905  63.571270   -100  266.88  266.14  264.51
 222    76.653 56851.46927756 16.67 200.579224  63.570139   -100  266.88  266.14  264.51
 224    90.398 56871.30058370 22.13 200.564915  63.574938 11.342 -100.00 -100.00 -100.00
 224    77.360 56871.30058429 21.89 200.570235  63.573807 28.287 -100.00 -100.00 -100.00
 224    76.932 56871.30058488 19.63 200.575555  63.572675 29.538 -100.00 -100.00 -100.00
 224    73.638 56871.30058548 29.88 200.580874  63.571543   -100 -100.00 -100.00 -100.00
 226    87.078 56891.13188131 16.85 200.563553  63.574975 19.282  272.77  271.10  270.39
 226    87.306 56891.13188190 19.74 200.568873  63.573843 23.266  272.77  271.10  270.39
 226    87.881 56891.13188249 24.05 200.574193  63.572711 27.473  272.77  271.10  270.39
 226    87.745 56891.13188308 26.00 200.579513  63.571579   -100  272.77  271.10  270.39
 227    75.949 56901.04752531  6.22 200.561292  63.573975 10.269 -100.00 -100.00 -100.00
 227    77.458 56901.04752590  5.13 200.566612  63.572843  7.069 -100.00 -100.00 -100.00
 230    74.481 56930.79444635 16.94 200.562615  63.577818 10.359  261.90  260.56  261.52
 230    73.098 56930.79444694 18.01 200.567936  63.576687 15.922  261.90  260.56  261.52
 230    73.500 56930.79444753  0.39 200.573256  63.575555  6.013  261.90  260.56  261.52
 230    77.937 56930.79444871 17.81 200.583896  63.573290 18.764  261.90  260.56  261.52
 232    85.726 56950.62571969 12.93 200.567214  63.578221 13.375  260.30  258.57  258.95
 232    85.911 56950.62572028 15.79 200.572535  63.577090 13.114  260.30  258.57  258.95
 232    85.914 56950.62572087 18.03 200.577855  63.575958 19.534  260.30  258.57  258.95
 232    86.588 56950.62572146 20.33 200.583176  63.574826 23.178  260.30  258.57  258.95
 233    74.770 56960.54137116 17.40 200.562600  63.576958 12.241 -100.00 -100.00 -100.00
 233    75.467 56960.54137175 19.98 200.567921  63.575826  9.864 -100.00 -100.00 -100.00
 233    73.622 56960.54137234 22.28 200.573241  63.574694 13.841 -100.00 -100.00 -100.00
 233    73.660 56960.54137293 27.31 200.578561  63.573562 23.767 -100.00 -100.00 -100.00
 233    73.298 56960.54137352 27.68 200.583881  63.572430   -100 -100.00 -100.00 -100.00
 234    24.306 56970.45701784 29.78 200.561107  63.575848 17.026  258.56  256.68  252.84
 234    24.226 56970.45701843 31.72 200.566427  63.574716 22.639  258.56  256.68  252.84
 234    24.139 56970.45701902 34.03 200.571747  63.573584 32.273  258.56  256.68  252.84
 234    24.395 56970.45701962 29.02 200.577067  63.572452 16.094  258.56  256.68  252.84
 234    24.238 56970.45702021 30.84 200.582386  63.571320 22.094  258.56  256.68  252.84
 235    24.595 56980.37266084 28.15 200.563634  63.575274 18.842 -100.00 -100.00 -100.00
 235    24.737 56980.37266143 30.57 200.568955  63.574142 28.533 -100.00 -100.00 -100.00
 235    24.841 56980.37266202 32.09 200.574275  63.573010 32.223 -100.00 -100.00 -100.00
 235    24.694 56980.37266261 35.05 200.579594  63.571878   -100 -100.00 -100.00 -100.00
 236    25.254 56990.28829882 31.13 200.561750  63.576439   -100 -100.00 -100.00 -100.00
 236    25.213 56990.28829941 30.88 200.567071  63.575307 31.371 -100.00 -100.00 -100.00
 236    25.179 56990.28830001 34.23 200.572392  63.574175   -100 -100.00 -100.00 -100.00
 236    25.376 56990.28830060 35.59 200.577712  63.573043 27.197 -100.00 -100.00 -100.00
 236    25.244 56990.28830119 36.45 200.583031  63.571911 24.305 -100.00 -100.00 -100.00
 237    25.009 57000.20393119 23.84 200.566190  63.576194 17.126 -100.00 -100.00 -100.00
 237    24.999 57000.20393178 25.68 200.571512  63.575063 19.311 -100.00 -100.00 -100.00
 237    25.043 57000.20393237 22.03 200.576832  63.573931 13.193 -100.00 -100.00 -100.00
 237    24.902 57000.20393296 25.26 200.582153  63.572799 22.049 -100.00 -100.00 -100.00
 238    24.608 57010.11958552 22.36 200.561982  63.575503 13.541 -100.00 -100.00 -100.00
 238    24.729 57010.11958611 21.59 200.567303  63.574371 13.294 -100.00 -100.00 -100.00
 238    24.819 57010.11958670 22.18 200.572624  63.573240 14.139 -100.00 -100.00 -100.00
 238    24.691 57010.11958729 27.99 200.577944  63.572108 30.304 -100.00 -100.00 -100.00
 239    24.862 57020.03523762 19.06 200.560316  63.574134  7.643 -100.00 -100.00 -100.00
 239    24.822 57020.03523821 19.18 200.565637  63.573002  8.197 -100.00 -100.00 -100.00
 239    24.711 57020.03523880 20.67 200.570957  63.571870 12.055 -100.00 -100.00 -100.00
 239    25.090 57020.03523939 19.10 200.576278  63.570738  8.276 -100.00 -100.00 -100.00
 239    25.297 57020.03523998 20.03 200.581597  63.569606 10.125 -100.00 -100.00 -100.00
 240    26.713 57029.95088668 17.39 200.558618  63.574009  9.138 -100.00 -100.00 -100.00
 240    26.351 57029.95088727 18.88 200.563939  63.572878 11.309 -100.00 -100.00 -100.00
 240    25.157 57029.95088787 19.35 200.569260  63.571746 11.871 -100.00 -100.00 -100.00
 240    27.759 57029.95088846 16.25 200.574580  63.570614  7.502 -100.00 -100.00 -100.00
 240    26.783 57029.95088905 16.04 200.579899  63.569481  7.012 -100.00 -100.00 -100.00
 241    24.947 57039.86653459 20.76 200.562549  63.573855 13.180 -100.00 -100.00 -100.00
 241    26.626 57039.86653518 16.87 200.567869  63.572723  7.506 -100.00 -100.00 -100.00
 241    26.126 57039.86653577 16.99 200.573189  63.571591  7.671 -100.00 -100.00 -100.00
 241    26.748 57039.86653636 16.24 200.578509  63.570459  6.830 -100.00 -100.00 -100.00
 242    26.618 57049.78217962 15.48 200.560832  63.575523  7.105 -100.00 -100.00 -100.00
 242    27.241 57049.78218021 16.46 200.566153  63.574391  7.814 -100.00 -100.00 -100.00
 242    27.916 57049.78218080 15.15 200.571473  63.573259  5.932 -100.00 -100.00 -100.00
 242    28.415 57049.78218139 14.25 200.576793  63.572127  5.234 -100.00 -100.00 -100.00
 242    28.870 57049.78218198 14.56 200.582112  63.570995  4.973 -100.00 -100.00 -100.00
 243    26.876 57059.69782094 13.58 200.561580  63.576254  5.281 -100.00 -100.00 -100.00
 243    26.927 57059.69782153 14.47 200.566901  63.575123  6.820 -100.00 -100.00 -100.00
 243    27.937 57059.69782212 13.88 200.572221  63.573991  5.716 -100.00 -100.00 -100.00
 243    28.544 57059.69782271 13.50 200.577541  63.572859  4.558 -100.00 -100.00 -100.00
 243    28.633 57059.69782330 14.11 200.582860  63.571727  5.676 -100.00 -100.00 -100.00
 244    27.625 57069.61345680 13.32 200.563998  63.576034  4.975 -100.00 -100.00 -100.00
 244    27.692 57069.61345739 13.04 200.569319  63.574902  3.895 -100.00 -100.00 -100.00
 244    27.986 57069.61345799 13.42 200.574639  63.573771  4.654 -100.00 -100.00 -100.00
 244    28.902 57069.61345858 13.25 200.579958  63.572639  4.157 -100.00 -100.00 -100.00
 245    28.114 57079.52908791 12.74 200.562812  63.576564  3.821 -100.00 -100.00 -100.00
 245    28.263 57079.52908850 13.03 200.568132  63.575433  4.054 -100.00 -100.00 -100.00
 245    28.444 57079.52908909 13.47 200.573452  63.574301  4.927 -100.00 -100.00 -100.00
 245    28.948 57079.52908968 12.79 200.578772  63.573169  3.731 -100.00 -100.00 -100.00
 246    28.967 57089.44472606 14.20 200.566360  63.576545  4.077 -100.00 -100.00 -100.00
 246    28.452 57089.44472665 14.48 200.571681  63.575413  3.349 -100.00 -100.00 -100.00
 246    29.459 57089.44472724 14.15 200.577001  63.574282  3.351 -100.00 -100.00 -100.00
 246    29.813 57089.44472783 14.35 200.582320  63.573150  3.384 -100.00 -100.00 -100.00
 247    28.596 57099.36038414 14.43 200.567028  63.576735  4.262 -100.00 -100.00 -100.00
 247    29.451 57099.36038473 14.30 200.572349  63.575603  3.776 -100.00 -100.00 -100.00
 247    29.776 57099.36038532 14.48 200.577669  63.574471  3.345 -100.00 -100.00 -100.00
 247    30.251 57099.36038592 14.55 200.582988  63.573339  3.068 -100.00 -100.00 -100.00
 248    28.816 57109.27603917 13.44 200.567459  63.577230  3.293 -100.00 -100.00 -100.00
 248    29.271 57109.27603976 13.60 200.572779  63.576098  3.366 -100.00 -100.00 -100.00
 248    29.467 57109.27604035 13.51 200.578099  63.574966  3.101 -100.00 -100.00 -100.00
 248    30.154 57109.27604094 13.66 200.583419  63.573833  3.651 -100.00 -100.00 -100.00
 249    28.114 57119.19168856 16.37 200.564770  63.577613  4.409 -100.00 -100.00 -100.00
 249    28.412 57119.19168915 16.29 200.570090  63.576481  4.209 -100.00 -100.00 -100.00
 249    29.412 57119.19168974 16.12 200.575411  63.575349  3.627 -100.00 -100.00 -100.00
 249    29.804 57119.19169033 16.23 200.580731  63.574217  3.972 -100.00 -100.00 -100.00
 250    28.511 57129.10733209 10.63 200.562288  63.577053  3.741 -100.00 -100.00 -100.00
 250    29.017 57129.10733268 10.83 200.567609  63.575922  3.517 -100.00 -100.00 -100.00
 250    29.526 57129.10733327 10.52 200.572929  63.574790  3.342 -100.00 -100.00 -100.00
 250    30.010 57129.10733386 11.12 200.578249  63.573658  4.184 -100.00 -100.00 -100.00
 250    30.092 57129.10733445 10.80 200.583569  63.572526  3.608 -100.00 -100.00 -100.00
 252    76.861 57148.93860511 10.77 200.563133  63.576396  7.210 -100.00 -100.00 -100.00
 252    77.764 57148.93860570  1.94 200.568454  63.575265  4.547 -100.00 -100.00 -100.00
 253    91.916 57158.85423705  0.31 200.564064  63.577192  4.574 -100.00 -100.00 -100.00
 253    96.814 57158.85423764  0.68 200.569385  63.576060  4.592 -100.00 -100.00 -100.00
 254    89.096 57168.76988670 21.10 200.564316  63.576538 20.937  267.28  266.95  266.99
 254    89.150 57168.76988729 23.78 200.569637  63.575407   -100  267.28  266.95  266.99
 254    89.503 57168.76988788 23.22 200.574957  63.574275 27.429  267.28  266.95  266.99
 254    90.075 57168.76988847 28.06 200.580277  63.573143   -100  267.28  266.95  266.99
 255    91.211 57178.68554298  0.88 200.564952  63.574737  2.657  263.05  261.79  262.09
 255    90.725 57178.68554357  1.76 200.570272  63.573605  2.193  263.05  261.79  262.09
 255    90.725 57178.68554416  2.35 200.575591  63.572474  2.668  263.05  261.79  262.09
 255    82.656 57178.68554475  8.71 200.580910  63.571342  7.593  263.05  261.79  262.09
 256    76.485 57188.60119457 11.74 200.560296  63.574122 13.395  265.01  264.51  263.71
 256    79.604 57188.60119516  7.36 200.565616  63.572991  7.699  265.01  264.51  263.71
 256    84.243 57188.60119693  6.00 200.581573  63.569595  5.352  265.01  264.51  263.71
 257    84.478 57198.51684233 13.24 200.558107  63.574191 15.886  264.75  263.71  262.98
 257    88.383 57198.51684292 16.04 200.563427  63.573060 28.485  264.75  263.71  262.98
 257    89.357 57198.51684351 19.19 200.568746  63.571928 19.567  264.75  263.71  262.98
 257    89.571 57198.51684410 19.77 200.574065  63.570796 30.030  264.75  263.71  262.98
 257    90.613 57198.51684469  9.93 200.579384  63.569664 20.037  264.75  263.71  262.98
 258    72.677 57208.43247713 24.31 200.563871  63.573682 23.138 -100.00 -100.00 -100.00
 258    72.452 57208.43247772 29.23 200.569191  63.572551   -100 -100.00 -100.00 -100.00
 258    74.778 57208.43247831 30.70 200.574510  63.571419   -100 -100.00 -100.00 -100.00
 258    75.410 57208.43247890 24.00 200.579829  63.570287   -100 -100.00 -100.00 -100.00
 259    26.252 57218.34812119 42.35 200.562250  63.575135 23.212  270.87  270.69  268.67
 259    25.817 57218.34812178 47.76 200.567571  63.574003   -100  270.87  270.69  268.67
 259    25.958 57218.34812237 50.53 200.572890  63.572872   -100  270.87  270.69  268.67
 259    26.013 57218.34812296 50.28 200.578209  63.571740   -100  270.87  270.69  268.67
 263    77.741 57258.01067902 11.28 200.563179  63.576785  6.301 -100.00 -100.00 -100.00
 263    75.909 57258.01067961 16.81 200.568501  63.575653 16.189 -100.00 -100.00 -100.00
 263    86.021 57258.01068020  0.03 200.573822  63.574522  5.269 -100.00 -100.00 -100.00
 264    87.585 57267.92631339 14.63 200.565536  63.578056 21.218  267.67  266.75  266.36
 264    87.393 57267.92631398  9.16 200.570857  63.576924 19.225  267.67  266.75  266.36
 264    88.548 57267.92631457 14.18 200.576179  63.575792 20.440  267.67  266.75  266.36
 264    89.367 57267.92631516 16.16 200.581499  63.574660 21.713  267.67  266.75  266.36
 266    74.628 57287.75761788 18.00 200.565334  63.578670 18.410 -100.00 -100.00 -100.00
 266    77.190 57287.75761847  2.14 200.570656  63.577538  4.857 -100.00 -100.00 -100.00
 267    76.350 57297.67327168 18.08 200.566870  63.576829  9.447  258.88  258.96  260.17
 267    75.898 57297.67327227 26.60 200.572191  63.575697 14.377  258.88  258.96  260.17
 267    75.100 57297.67327286 19.23 200.577511  63.574565   -100  258.88  258.96  260.17
 267    75.527 57297.67327345 20.10 200.582831  63.573433 23.876  258.88  258.96  260.17
 269    83.493 57317.50456752 18.18 200.563509  63.574811 19.254  256.92  255.44  255.18
 269    88.072 57317.50456811 22.22 200.568829  63.573679 21.575  256.92  255.44  255.18
 269    87.989 57317.50456870 24.18 200.574149  63.572547 22.331  256.92  255.44  255.18
 269    88.965 57317.50456929 26.49 200.579468  63.571415 28.643  256.92  255.44  255.18
 270    88.071 57327.42021043  5.80 200.564281  63.574666  6.361  256.70  255.53  253.95
 270    88.991 57327.42021102  5.93 200.569601  63.573534  6.422  256.70  255.53  253.95
 270    91.581 57327.42021161  8.21 200.574921  63.572402  7.847  256.70  255.53  253.95
 270    83.941 57327.42021220 13.16 200.580240  63.571269 16.158  256.70  255.53  253.95
 271    75.682 57337.33585102  9.46 200.564428  63.575454  8.648 -100.00 -100.00 -100.00
 271    73.962 57337.33585161 12.82 200.569748  63.574322 12.724 -100.00 -100.00 -100.00
 271    74.667 57337.33585220 16.25 200.575068  63.573190 13.365 -100.00 -100.00 -100.00
 271    73.079 57337.33585279 18.28 200.580388  63.572058 12.985 -100.00 -100.00 -100.00
 272    23.944 57347.25149877 33.63 200.564288  63.574912 32.305 -100.00 -100.00 -100.00
 272    24.673 57347.25149936 35.62 200.569609  63.573780 18.755 -100.00 -100.00 -100.00
 272    24.171 57347.25149995 36.62 200.574929  63.572648   -100 -100.00 -100.00 -100.00
 272    24.051 57347.25150054 30.47 200.580249  63.571516 25.011 -100.00 -100.00 -100.00
 273    24.334 57357.16714506 28.79 200.559581  63.574408 31.027 -100.00 -100.00 -100.00
 273    24.387 57357.16714565 30.85 200.564901  63.573276 28.991 -100.00 -100.00 -100.00
 273    24.346 57357.16714624 31.31 200.570222  63.572144   -100 -100.00 -100.00 -100.00
 273    24.202 57357.16714683 24.86 200.575542  63.571012 19.996 -100.00 -100.00 -100.00
 273    24.514 57357.16714742 21.89 200.580861  63.569880 14.153 -100.00 -100.00 -100.00
 274    24.498 57367.08278855 22.73 200.560741  63.572866 16.348 -100.00 -100.00 -100.00
 274    24.530 57367.08278914 20.81 200.566061  63.571735 11.278 -100.00 -100.00 -100.00
 274    25.641 57367.08278973 19.22 200.571382  63.570603 10.247 -100.00 -100.00 -100.00
 274    24.321 57367.08279032 21.37 200.576701  63.569471 14.465 -100.00 -100.00 -100.00
 275    24.690 57376.99842881 25.01 200.562049  63.572866 22.373 -100.00 -100.00 -100.00
 275    24.810 57376.99842940 23.60 200.567370  63.571734 17.462 -100.00 -100.00 -100.00
 275    24.680 57376.99842999 24.39 200.572690  63.570602 20.951 -100.00 -100.00 -100.00
 275    24.708 57376.99843058 25.66 200.578010  63.569470 24.254 -100.00 -100.00 -100.00
 276    27.931 57386.91406707 16.81 200.562693  63.574769  6.167 -100.00 -100.00 -100.00
 276    27.886 57386.91406766 17.55 200.568014  63.573637  6.521 -100.00 -100.00 -100.00
 276    28.690 57386.91406825 17.19 200.573335  63.572505  6.132 -100.00 -100.00 -100.00
 276    29.116 57386.91406884 16.24 200.578655  63.571373  5.410 -100.00 -100.00 -100.00
 277    27.180 57396.82970487 13.30 200.565025  63.576396  6.401  235.81  229.47  219.12
 277    28.076 57396.82970546 12.11 200.570346  63.575264  4.094  235.81  229.47  219.12
 277    28.740 57396.82970605 12.86 200.575667  63.574132  5.821  235.81  229.47  219.12
 277    29.147 57396.82970664 12.40 200.580987  63.573000  4.771  235.81  229.47  219.12
 278    27.668 57406.74534140 12.12 200.565819  63.577311  3.776  234.03  227.51  216.67
 278    28.220 57406.74534199 12.48 200.571140  63.576179  4.046  234.03  227.51  216.67
 278    28.507 57406.74534258 12.54 200.576461  63.575048  3.952  234.03  227.51  216.67
 278    29.094 57406.74534317 12.19 200.581782  63.573916  3.877  234.03  227.51  216.67
 279    27.156 57416.66099245 12.01 200.564237  63.576266  4.008 -100.00 -100.00 -100.00
 279    27.438 57416.66099304 11.88 200.569557  63.575135  4.200 -100.00 -100.00 -100.00
 279    27.982 57416.66099363 11.59 200.574878  63.574003  3.537 -100.00 -100.00 -100.00
 279    28.883 57416.66099422 11.71 200.580198  63.572871  3.635 -100.00 -100.00 -100.00
 280    27.225 57426.57664352 12.54 200.562639  63.575346  4.979  240.42  233.26  221.38
 280    27.479 57426.57664411 12.83 200.567959  63.574214  3.882  240.42  233.26  221.38
 280    27.248 57426.57664470 13.71 200.573279  63.573083  6.141  240.42  233.26  221.38
 280    28.406 57426.57664529 12.72 200.578599  63.571951  3.698  240.42  233.26  221.38
 281    27.065 57436.49229151 12.64 200.561093  63.575863  4.696  242.28  236.82  224.59
 281    27.276 57436.49229210 12.45 200.566414  63.574731  4.456  242.28  236.82  224.59
 281    27.507 57436.49229269 12.72 200.571734  63.573599  4.778  242.28  236.82  224.59
 281    28.968 57436.49229328 12.50 200.577053  63.572467  3.863  242.28  236.82  224.59
 281    29.017 57436.49229387 12.55 200.582372  63.571335  3.970  242.28  236.82  224.59
 282    27.137 57446.40793846 14.07 200.566288  63.576492  4.929 -100.00 -100.00 -100.00
 282    27.280 57446.40793905 14.93 200.571608  63.575361  6.046 -100.00 -100.00 -100.00
 282    28.235 57446.40793964 13.76 200.576928  63.574229  3.758 -100.00 -100.00 -100.00
 282    28.606 57446.40794023 13.35 200.582248  63.573096  3.894 -100.00 -100.00 -100.00
 283    27.659 57456.32358382 11.98 200.565425  63.578234  4.015 -100.00 -100.00 -100.00
 283    28.187 57456.32358441 11.48 200.570746  63.577102  3.360 -100.00 -100.00 -100.00
 283    28.812 57456.32358500 11.72 200.576066  63.575970  3.274 -100.00 -100.00 -100.00
 283    28.920 57456.32358559 12.41 200.581386  63.574838  4.247 -100.00 -100.00 -100.00
 284    27.930 57466.23922699 11.76 200.563990  63.578602  3.679 -100.00 -100.00 -100.00
 284    28.049 57466.23922758 11.71 200.569311  63.577470  3.769 -100.00 -100.00 -100.00
 284    28.342 57466.23922817 11.86 200.574631  63.576338  3.502 -100.00 -100.00 -100.00
 284    29.053 57466.23922876 11.77 200.579952  63.575206  3.562 -100.00 -100.00 -100.00
 284    28.900 57466.23922935 12.72 200.585272  63.574074  5.144 -100.00 -100.00 -100.00
 285    28.332 57476.15486642 11.39 200.562490  63.577469  3.773 -100.00 -100.00 -100.00
 285    28.560 57476.15486701 11.84 200.567811  63.576337  3.246 -100.00 -100.00 -100.00
 285    29.094 57476.15486760 11.68 200.573132  63.575205  3.236 -100.00 -100.00 -100.00
 285    28.993 57476.15486819 12.03 200.578453  63.574073  3.555 -100.00 -100.00 -100.00
 285    29.794 57476.15486878 12.17 200.583773  63.572941  3.637 -100.00 -100.00 -100.00
 289    89.155 57515.81742758 20.07 200.563098  63.577779 19.503 -100.00 -100.00 -100.00
 289    89.643 57515.81742817 21.04 200.568419  63.576648 21.425 -100.00 -100.00 -100.00
 289    89.475 57515.81742876 23.75 200.573740  63.575516 27.620 -100.00 -100.00 -100.00
 289    87.212 57515.81742935 25.53 200.579060  63.574384 30.152 -100.00 -100.00 -100.00
 289    87.511 57515.81742994 26.95 200.584380  63.573252 29.433 -100.00 -100.00 -100.00
 290    70.083 57525.73308165  2.63 200.563714  63.576509  7.006  261.17  259.03  260.15
 290    75.289 57525.73308224  1.64 200.569034  63.575377  7.868  261.17  259.03  260.15
 290    99.130 57525.73308283  0.54 200.574354  63.574245  5.433  261.17  259.03  260.15
 290   100.536 57525.73308342  3.88 200.579674  63.573113  7.039  261.17  259.03  260.15
 291    89.454 57535.64873312 20.35 200.561519  63.574484  9.803  262.67  261.37  261.16
 291    77.466 57535.64873371 27.51 200.566839  63.573352 18.910  262.67  261.37  261.16
 291    77.606 57535.64873430 16.17 200.572159  63.572221 18.767  262.67  261.37  261.16
 291    75.666 57535.64873489 20.77 200.577478  63.571089   -100  262.67  261.37  261.16
 292    90.637 57545.56438201 21.13 200.562215  63.572324 24.446  261.17  259.37  259.32
 292    91.045 57545.56438260 24.59 200.567534  63.571192 28.105  261.17  259.37  259.32
 292    91.093 57545.56438319 24.52 200.572853  63.570060   -100  261.17  259.37  259.32
 292    88.001 57545.56438379 27.44 200.578172  63.568928   -100  261.17  259.37  259.32
 293    88.689 57555.48002844 23.09 200.560891  63.572729 26.281  267.39  267.02  265.00
 293    89.096 57555.48002903 29.13 200.566210  63.571598   -100  267.39  267.02  265.00
 293    89.274 57555.48002962 25.35 200.571529  63.570466   -100  267.39  267.02  265.00
 293    90.410 57555.48003021 26.95 200.576848  63.569334 32.312  267.39  267.02  265.00
 295    78.510 57575.31131793 12.71 200.564561  63.576031  6.425 -100.00 -100.00 -100.00
 295    76.338 57575.31131852 21.36 200.569881  63.574899 11.230 -100.00 -100.00 -100.00
 295    75.200 57575.31131911  9.44 200.575201  63.573767 23.273 -100.00 -100.00 -100.00
 295    75.690 57575.31131970 13.86 200.580521  63.572635 31.562 -100.00 -100.00 -100.00
 297    27.076 57595.14260292 34.05 200.562149  63.576066 29.935 -100.00 -100.00 -100.00
 297    26.655 57595.14260351 37.73 200.567469  63.574934   -100 -100.00 -100.00 -100.00
 297    26.824 57595.14260410 39.45 200.572790  63.573802   -100 -100.00 -100.00 -100.00
 297    27.033 57595.14260469 41.09 200.578110  63.572670   -100 -100.00 -100.00 -100.00
 297    26.816 57595.14260528 42.45 200.583429  63.571538   -100 -100.00 -100.00 -100.00
