# NaN NaN NaN ;Mean Elev.(m), Avg Gradient(m/km), RMS Gradient(m/km) - SRTM1     
#   50.677  -3.082  18.604 ;Mean Elev.(m), Avg Gradient(m/km), RMS Gradient(m/km) - ASTER GDEM
#   61.000  -3.292  16.847 ;Mean Elev.(m), Avg Gradient(m/km), RMS Gradient(m/km) - GMTED2010 
   1 207.979148  65.162965    62.128    62.043  5 54667.99686552 29.756
   2 207.979377  65.163679    62.628    62.457  4 54677.91250985 23.140
   4 207.989033  65.165757   113.001   112.691  5 54697.74379495 14.705
   8 207.971694  65.160713   107.773   107.718  4 54737.40638446 21.254
   9 207.973016  65.161513    60.546    60.491  4 54747.32203181 37.996
  10 207.977324  65.162360    60.558    60.564  5 54757.23767902 41.793
  11 207.978503  65.162448    59.963    59.966  5 54767.15332403 51.137
  12 207.974608  65.161461    61.299    61.212  5 54777.06896542 33.453
  13 207.969802  65.160412    61.014    61.004  4 54786.98460434 27.340
  14 207.968973  65.160399    63.711    61.250  4 54796.90024248 22.417
  15 207.974766  65.161771    65.344    66.457  5 54806.81588090 19.317
  16 207.981082  65.163319    64.130    61.469  4 54816.73151875 17.516
  17 207.982402  65.163978    63.544    61.215  5 54826.64716743 16.665
  18 207.978852  65.163536    90.043    89.684  4 54836.56280639  8.236
  19 207.980020  65.162845    62.065    61.192  5 54846.47845608 15.655
  20 207.979776  65.163130    62.482    61.238  5 54856.39410491 15.745
  21 207.982446  65.163908    64.218    61.604  4 54866.30975394 14.832
  22 207.977171  65.164839   127.304   127.304  2 54876.22540171  1.238
  23 207.976202  65.164113   133.841   134.734  3 54886.14104706  1.860
  24 207.969729  65.162763   120.027   119.737  3 54896.05668853  4.324
  25 207.970099  65.160871   115.318   116.198  4 54905.97232802  3.907
  28 207.977234  65.162158   116.893   118.269  4 54935.71924217  3.996
  30 207.974965  65.162191   107.518   107.569  4 54955.55051025 24.579
  31 207.974382  65.160763   112.595   112.600  4 54965.46615787 27.397
  32 207.971640  65.160834    61.827    61.814  4 54975.38180554 51.707
  33 207.973256  65.161915   109.446   109.541  4 54985.29745330 21.069
  35 207.980962  65.163408   109.001   108.763  5 55005.12874776 24.598
  36 207.979123  65.163592    62.195    62.179  4 55015.04439161 54.830
  37 207.981487  65.163117    61.565    61.567  4 55024.96003450 47.458
  38 207.980297  65.163904    61.643    61.714  5 55034.87567651 30.675
  39 207.983748  65.164289    60.982    60.951  4 55044.79131823 48.487
  40 207.984753  65.164305    61.264    61.237  5 55054.70695805 38.216
  41 207.980432  65.163563   105.511   105.786  4 55064.62259517 17.910
  42 207.975278  65.162272    61.171    61.166  4 55074.53824182 48.023
  43 207.972775  65.161216   108.222   108.117  5 55084.45388960 19.264
  44 207.973836  65.161098   106.752   106.722  5 55094.36953602 11.007
  45 207.973193  65.161680    60.859    60.856  4 55104.28518208 30.880
  47 207.974335  65.161458    59.993    59.946  4 55124.11647162 51.158
  48 207.972965  65.160984    59.681    59.683  5 55134.03211221 48.937
  49 207.972507  65.160599    60.407    60.434  5 55143.94775078 38.261
  50 207.973318  65.161136    71.665    71.585  4 55153.86338884 23.043
  51 207.977138  65.161937    68.956    71.338  4 55163.77902753 21.375
  52 207.979883  65.163145    60.771    60.803  4 55173.69466585 20.905
  53 207.980069  65.163993    60.782    60.767  5 55183.61030399 20.019
  54 207.981137  65.163713    95.081   101.682  5 55193.52595535  9.426
  55 207.981535  65.163670    74.936    81.936  5 55203.44160534 14.047
  56 207.980854  65.164198    90.389    90.383  4 55213.35725451  6.167
  57 207.983228  65.163951    90.298    90.592  4 55223.27290352  6.854
  58 207.980807  65.163092    92.755    90.875  4 55233.18855064  6.320
  59 207.975972  65.161791   101.018    98.192  4 55243.10419436  7.340
  60 207.973624  65.160450    93.346    91.806  4 55253.01983510  6.855
  61 207.969897  65.160617    86.362    90.725  4 55262.93547353  8.860
  62 207.973708  65.161403    86.321    90.318  4 55272.85111169  6.453
  63 207.976186  65.162162   119.800   123.456  4 55282.76674947  2.575
  64 207.978645  65.161810   136.612   144.254  3 55292.68238608  1.911
  65 207.972342  65.161679    60.036    60.015  4 55302.59802123 26.954
  66 207.969638  65.160835   101.952   101.682  4 55312.51366878 14.238
  67 207.970277  65.161017   107.715   107.464  4 55322.42931424 26.234
  68 207.975323  65.161665   108.125   107.836  4 55332.34495879 20.296
  69 207.977415  65.162681    60.943    60.893  5 55342.26060302 51.177
  70 207.980195  65.162745    61.168    61.175  4 55352.17624711 54.949
  71 207.977508  65.163124   107.531   107.223  4 55362.09188851 24.002
  72 207.981140  65.162979    61.659    61.666  4 55372.00752852 41.066
  73 207.980478  65.164073    61.458    61.536  5 55381.92316668 28.998
  75 207.985260  65.165016    62.998    63.074  5 55401.75444086 46.959
  77 207.975484  65.161684    62.614    62.611  4 55421.58574012 37.954
  78 207.971165  65.160380   108.469   108.416  5 55431.50138663 23.051
  79 207.970173  65.160845   108.619   108.333  4 55441.41703113 22.249
  80 207.973267  65.161941   108.169   108.341  4 55451.33267439 25.597
  81 207.978598  65.162411    60.902    60.923  4 55461.24831721 26.642
  82 207.975245  65.162175    60.192    60.186  4 55471.16395792 30.464
  83 207.971518  65.161197    59.819    59.824  4 55481.07959572 49.875
  84 207.971549  65.160305    59.133    59.043  4 55490.99523146 39.444
  85 207.975568  65.160889    59.276    59.303  4 55500.91086552 40.416
  86 207.978134  65.162506    60.144    60.143  5 55510.82650863 43.296
  87 207.979173  65.163708    60.531    60.463  5 55520.74215841 36.195
  88 207.980850  65.163704    60.678    60.677  4 55530.65780726 26.033
  89 207.978787  65.163239    60.582    60.692  5 55540.57345412 23.733
  90 207.977946  65.162924    60.664    60.734  4 55550.48909890 19.880
  91 207.978355  65.163473    60.630    60.590  4 55560.40474211 18.735
  92 207.982337  65.164268    93.013    91.458  4 55570.32038480  6.729
  93 207.983480  65.164438    60.878    60.812  5 55580.23602622 16.256
  94 207.978091  65.163466    76.438    76.002  4 55590.15166430 13.250
  95 207.973623  65.161501    60.945    60.939  5 55600.06729941 16.510
  96 207.971222  65.160390    62.645    60.815  4 55609.98293239 16.073
  97 207.974261  65.161099    62.891    61.377  5 55619.89856442 15.077
  98 207.978475  65.162564    63.861    63.145  4 55629.81421528 14.217
  99 207.979403  65.163484    94.135    93.713  4 55639.72986635  4.401
 100 207.976510  65.162680   129.758   127.143  5 55649.64551476  1.298
 101 207.972013  65.160702   122.476   120.712  4 55659.56115978  2.106
 102 207.967338  65.159944   117.983   117.675  4 55669.47680102  2.830
 103 207.970673  65.160772   124.084   124.026  4 55679.39244073 10.598
 104 207.976710  65.162858    61.245    61.218  4 55689.30807865 44.747
 105 207.983473  65.164240   117.132   116.760  5 55699.22371520 28.531
 106 207.984119  65.164495    63.980    63.981  5 55709.13935297 46.517
 107 207.979155  65.163782    63.174    63.172  4 55719.05500312 49.070
 108 207.979418  65.163027   105.787   105.981  5 55728.97065134 14.222
 109 207.980427  65.163309    62.170    62.139  4 55738.88629818 30.337
 110 207.981998  65.163966    63.139    63.141  5 55748.80194383 52.123
 111 207.982988  65.163861   142.221   144.586  3 55758.71758717  0.869
 112 207.979774  65.162902    62.592    62.592  5 55768.63322739 32.626
 113 207.974990  65.161266   116.045   118.162  5 55778.54886432  7.680
 114 207.970810  65.160453    61.861    61.862  5 55788.46449868 54.852
 115 207.974139  65.160991   108.416   108.399  4 55798.38013228 28.373
 116 207.976696  65.162450   108.228   108.262  5 55808.29577713 26.950
 117 207.979843  65.163460    64.145    61.355  4 55818.21142625 24.788
 118 207.979141  65.162990    61.091    61.100  4 55828.12707112 37.052
 119 207.976672  65.161474    60.762    60.827  4 55838.04271155 43.479
 120 207.973716  65.160353    60.071    60.088  4 55847.95834886 32.174
 121 207.974379  65.161371    59.677    59.665  4 55857.87398420 50.782
 122 207.977978  65.163266    59.192    59.215  4 55867.78963048 47.200
 123 207.984172  65.164441    60.216    60.210  4 55877.70528293 25.444
 124 207.982848  65.164927    60.457    60.504  5 55887.62092829 17.710
 125 207.981884  65.164197    63.206    60.688  5 55897.53656802 16.709
 126 207.981290  65.163601    78.552    75.177  4 55907.45220269  8.675
 127 207.979614  65.163743    60.821    60.869  4 55917.36784917 17.129
 128 207.980762  65.163877    60.596    60.573  4 55927.28350252 15.438
 129 207.980274  65.163761    65.919    64.607  5 55937.19915232 14.228
 130 207.979045  65.162251    62.426    61.153  4 55947.11479721 14.312
 131 207.972987  65.160943    63.448    60.992  4 55957.03043710 14.258
 132 207.970904  65.160246    63.729    60.871  4 55966.94607485 12.514
 133 207.974224  65.160849    72.919    68.775  4 55976.86171213 10.572
 134 207.978532  65.162278    68.210    67.182  4 55986.77734876 10.691
 135 207.979382  65.163419    94.413    91.498  5 55996.69298647  3.274
 136 207.976934  65.162758    95.445    95.298  5 56006.60863790  3.268
 137 207.973471  65.161342    97.729    97.762  4 56016.52428517  2.409
 138 207.973042  65.160557    99.187    97.221  4 56026.43992971  1.933
 140 207.978813  65.162988    61.568    61.595  4 56046.27121369 44.286
 141 207.981409  65.164496    61.042    61.044  4 56056.18685181 40.718
 143 207.982821  65.164227    63.044    63.069  4 56076.01813259 42.102
 144 207.979348  65.163832    63.749    63.746  4 56085.93378149 48.598
 145 207.979985  65.163445    65.072    63.162  5 56095.84942840 23.237
 146 207.981539  65.163223    62.465    62.486  4 56105.76507328 28.092
 147 207.978784  65.162927   109.502   109.587  4 56115.68070331 25.430
 148 207.975897  65.162495    62.449    62.463  4 56125.59634116 39.040
 149 207.974403  65.161755    61.865    62.119  4 56135.51197517 27.644
 150 207.972710  65.161561    61.987    61.997  4 56145.42761708 51.860
 151 207.982358  65.160607    61.544    61.544  2 56155.34326780 51.101
 152 207.976482  65.162144    61.086    61.169  5 56165.25891593 30.133
 153 207.979087  65.162270    61.296    61.320  4 56175.17456272 28.347
 154 207.977447  65.162282    61.013    61.028  4 56185.09020402 33.819
 155 207.973742  65.161949    61.359    61.353  4 56195.00584139 37.664
 156 207.975322  65.161739    61.139    61.119  5 56204.92147635 27.095
 157 207.978149  65.162753    60.754    60.761  4 56214.83710990 47.722
 158 207.984103  65.164138    60.064    60.003  5 56224.75274738 51.724
 159 207.984466  65.164775    59.121    59.093  4 56234.66840314 44.827
 160 207.981835  65.164744    60.978    60.969  5 56244.58405472 33.854
 161 207.981249  65.163951    61.488    61.506  4 56254.49970155 29.850
 162 207.982401  65.163551    61.224    61.231  4 56264.41534432 25.314
 163 207.980181  65.163969   122.856   118.876  3 56274.33098492  3.204
 164 207.981497  65.163442    61.194    61.190  4 56284.24662949 20.990
 165 207.976318  65.162646    96.514    89.974  4 56294.16228015  7.584
 166 207.973779  65.161121   116.395   116.463  5 56304.07792680  4.842
 167 207.969861  65.160818   107.736   107.102  4 56313.99356935  5.996
 168 207.974538  65.161007   111.670   111.792  4 56323.90921065  6.248
 169 207.977993  65.162035    99.540    96.113  4 56333.82485115  6.450
 170 207.977876  65.162681    92.740    90.925  4 56343.74049073  5.777
 171 207.977477  65.162482    98.060    96.798  5 56353.65612804  4.704
 172 207.975003  65.161851   118.311   118.464  5 56363.57177102  3.676
 173 207.972419  65.161725   120.230   119.115  4 56373.48741984  4.680
 175 207.980099  65.163087   125.838   124.374  4 56393.31871074  2.005
 176 207.982471  65.163854   130.993   132.950  4 56403.23435324  0.284
 177 207.982757  65.164246    61.031    60.546  5 56413.14999269 32.446
 178 207.981259  65.164305   129.318   126.745  5 56423.06562705  8.130
 179 207.983113  65.163831    61.248    61.311  5 56432.98127027 44.538
 180 207.981310  65.163668    64.149    64.152  4 56442.89692256 56.270
 181 207.982121  65.163644    65.473    65.516  4 56452.81257256 24.568
 182 207.978586  65.163310   109.203   109.065  4 56462.72821961 10.765
 183 207.974748  65.162207   108.581   108.314  4 56472.64386336 26.578
 184 207.970869  65.161110    61.828    61.815  4 56482.55950367 27.442
 185 207.974026  65.160573    62.327    62.305  4 56492.47514097 52.734
 186 207.976416  65.161734   107.610   107.984  4 56502.39077559  9.730
 187 207.978485  65.163595    61.842    61.804  4 56512.30640853 50.721
 188 207.981254  65.163635    61.409    61.420  5 56522.22205597 47.377
 189 207.977609  65.162834   120.347   123.043  5 56532.13770820  6.467
 191 207.980403  65.160699   112.145   112.145  2 56551.96900222  5.854
 192 207.977230  65.162616    61.230    61.205  5 56561.88464454 40.721
 194 207.984546  65.165265    60.661    60.706  4 56581.71592649 42.088
 195 207.984685  65.165078    60.093    60.027  4 56591.63156211 43.387
 196 207.981681  65.163839    59.844    59.800  5 56601.54721118 46.292
 197 207.978186  65.163164    60.829    60.871  4 56611.46286068 39.780
 198 207.980130  65.163517    60.551    60.565  4 56621.37850604 21.578
 199 207.983515  65.163947    60.577    60.587  5 56631.29414851 18.699
 200 207.981885  65.163993    60.658    60.666  4 56641.20978658 24.974
 201 207.977077  65.162408    60.802    60.785  5 56651.12543406 17.656
 202 207.968732  65.160986   124.985   124.985  2 56661.04108361  1.396
 205 207.977019  65.163332   117.033   123.919  3 56690.78801952  1.545
 206 207.979371  65.163785    91.285    89.161  5 56700.70365947  5.855
 207 207.978386  65.162767    91.574    89.798  4 56710.61929443  5.215
 208 207.966213  65.162760   124.385   124.385  2 56720.53493622  1.063
 210 207.976123  65.163034   110.710   110.695  4 56740.36623721  2.525
 213 207.983689  65.165192   120.136   117.348  4 56770.11315331  8.461
 214 207.979841  65.163603    62.605    62.644  5 56780.02880472 43.351
 215 207.976698  65.162603   109.936   109.893  5 56789.94445977 26.616
 216 207.977594  65.162497   109.506   109.420  5 56799.86011190 13.089
 217 207.979935  65.163183    61.695    61.674  4 56809.77575763 26.729
 218 207.979658  65.163355    64.429    62.278  4 56819.69139798 24.153
 219 207.976474  65.162437    62.052    62.050  5 56829.60703426 57.129
 221 207.972829  65.160932    62.477    62.474  4 56849.43830045 48.491
 222 207.975641  65.161676    62.409    62.397  5 56859.35395515 41.596
 223 207.980314  65.163103   108.746   108.731  5 56869.26960903 24.932
 225 207.977437  65.162904    61.802    61.812  4 56889.10090772 30.513
 226 207.974434  65.161417    61.894    61.882  4 56899.01655257 27.554
 227 207.973806  65.161356   118.177   118.341  4 56908.93219524 11.341
 228 207.979370  65.162667    61.387    61.400  4 56918.84783658 31.089
 229 207.983538  65.164853    61.368    61.352  4 56928.76347570 43.224
 230 207.985980  65.165918    60.939    60.919  5 56938.67911039 52.070
 231 207.985900  65.165297    60.572    60.530  5 56948.59474480 51.714
 232 207.979982  65.163601    60.222    60.236  4 56958.51039740 49.276
 233 207.976503  65.162621    60.058    60.078  5 56968.42604491 40.546
 234 207.977197  65.162893    60.907    60.916  5 56978.34168875 34.779
 235 207.981836  65.163470    61.054    61.030  4 56988.25732845 24.181
 236 207.980541  65.164099    61.097    61.094  5 56998.17296145 20.282
 237 207.979388  65.162734    61.143    61.169  5 57008.08861039 20.084
 238 207.972686  65.161395    63.126    61.388  4 57018.00426303 17.376
 239 207.972439  65.160620    61.060    61.049  4 57027.91991297 16.767
 240 207.975636  65.161409    61.185    61.157  4 57037.83556145 16.824
 241 207.977697  65.162932    69.171    61.534  4 57047.75120729 13.707
 242 207.979442  65.163809    99.293   100.617  5 57057.66684938  5.053
 243 207.979995  65.163313   119.849   119.827  5 57067.58248587  2.532
 244 207.975734  65.163324   123.680   120.671  3 57077.49811757  3.521
 245 207.977466  65.163517   122.893   123.316  4 57087.41374983  0.676
 246 207.980226  65.164121   114.205   116.759  4 57097.32940873  3.648
 247 207.979282  65.165525   128.072   128.072  2 57107.24506433  1.378
 249 207.982150  65.164518    60.803    60.775  4 57127.07636016 32.194
 250 207.979607  65.163349   118.460   118.203  5 57136.99199925  9.407
 251 207.979463  65.162765   107.767   107.611  5 57146.90763452 18.343
 252 207.978519  65.163443    62.263    62.269  4 57156.82326724 51.293
 253 207.981555  65.163529   109.940   109.671  4 57166.73891164 17.580
 254 207.980841  65.163103    63.075    63.000  5 57176.65456813 28.433
 255 207.977129  65.162230   108.120   107.943  4 57186.57022040 27.952
 256 207.972204  65.161582   106.452   106.310  4 57196.48586839 14.533
 257 207.973496  65.161145    61.398    61.524  5 57206.40150325 50.667
 258 207.974317  65.162075   108.693   108.582  4 57216.31714824 12.148
 261 207.980253  65.163467    61.566    61.692  5 57246.06407248 28.731
 262 207.979789  65.163388    62.160    62.222  5 57255.97970816 38.493
 263 207.981991  65.163993    68.755    68.117  5 57265.89534283 21.087
 264 207.984870  65.164872    63.067    62.972  4 57275.81098662 22.974
 265 207.985099  65.165358    62.760    62.807  5 57285.72664362 51.737
 266 207.982785  65.164954    61.999    61.970  4 57295.64229755 36.594
 267 207.980125  65.163964    64.357    62.615  5 57305.55794782 25.348
 268 207.979720  65.162777    60.750    60.749  4 57315.47359443 38.358
 269 207.979122  65.162392    60.680    60.681  4 57325.38923769 48.721
 270 207.978685  65.162647    59.895    59.906  5 57335.30487893 46.990
 271 207.978045  65.162643    60.105    60.109  5 57345.22052510 35.357
 272 207.975733  65.162099    60.281    60.267  5 57355.13617253 23.314
 273 207.971228  65.161920    87.870    82.302  4 57365.05181581  5.512
 274 207.973524  65.161388   100.508    96.891  5 57374.96745637  2.608
 275 207.975568  65.161964    61.122    61.019  4 57384.88309506 17.853
 276 207.978860  65.162720    60.958    60.941  5 57394.79873343 17.655
 277 207.979484  65.163745    63.638    60.839  4 57404.71437062 17.218
 278 207.981512  65.163439    60.767    60.789  4 57414.63001839 16.416
 279 207.979259  65.163273    62.489    60.820  5 57424.54566967 15.614
 280 207.981060  65.163057    60.959    60.893  4 57434.46131835 15.372
 281 207.982913  65.163760    60.675    60.701  4 57444.37696517 24.912
 282 207.983807  65.164663    79.259    76.723  5 57454.29261116 11.110
 283 207.984217  65.164908    70.059    60.902  4 57464.20825532 13.949
 284 207.982541  65.164222    60.764    60.867  5 57474.12389565 33.816
 288 207.982425  65.163799    62.958    62.960  5 57513.78645263 50.299
 289 207.978313  65.163431   115.301   110.642  4 57523.70210696 19.298
 290 207.976533  65.161946   109.008   109.038  5 57533.61775925 19.744
 291 207.972908  65.161030   109.435   109.396  4 57543.53340821 23.146
 292 207.976796  65.160717   134.928   134.395  3 57553.44905515  4.432
 293 207.975317  65.162312    62.165    62.182  4 57563.36469993 43.148
 294 207.989425  65.161896   110.369   110.369  2 57573.28034573 23.500
 295 207.980522  65.163172    62.623    62.607  5 57583.19598911 53.013
 296 207.979482  65.162853    62.646    62.654  5 57593.11163140 36.779
 297 207.976753  65.163056    62.680    62.616  4 57603.02727114 36.669
