-156605.499    -0.554     0.00    0.00
-156318.178    -0.554     0.00    0.00
-156030.872    -0.554     0.00    0.00
-155743.581    -0.554     0.00    0.00
-155456.305    -0.554     0.00    0.00
-155169.043    -0.554     0.00    0.00
-154881.797    -0.554     0.00    0.00
-154594.565    -0.554     0.00    0.00
-154307.348    -0.554     0.00    0.00
-154020.146    -0.554     0.00    0.00
-153732.959    -0.554     0.00    0.00
-153445.787    -0.554     0.00    0.00
-153158.629    -0.554     0.00    0.00
-152871.487    -0.554     0.00    0.00
-152584.359    -0.554     0.00    0.00
-152297.246    -0.554     0.00    0.00
-152010.148    -0.554     0.00    0.00
-151723.065    -0.554     0.00    0.00
-151435.997    -0.554     0.00    0.00
-151148.943    -0.554     0.00    0.00
-150861.905    -0.554     0.00    0.00
-150574.881    -0.554     0.00    0.00
-150287.872    -0.554     0.00    0.00
-150000.878    -0.554     0.00    0.00
-149713.899    -0.554     0.00    0.00
-149426.935    -0.554     0.00    0.00
-149139.985    -0.554     0.00    0.00
-148853.050    -0.554     0.00    0.00
-148566.130    -0.554     0.00    0.00
-148279.225    -0.554     0.00    0.00
-147992.335    -0.554     0.00    0.00
-147705.459    -0.554     0.00    0.00
-147418.599    -0.554     0.00    0.00
-147131.753    -0.554     0.00    0.00
-146844.922    -0.554     0.00    0.00
-146558.105    -0.554     0.00    0.00
-146271.304    -0.554     0.00    0.00
-145984.517    -0.554     0.00    0.00
-145697.745    -0.554     0.00    0.00
-145410.988    -0.554     0.00    0.00
-145124.246    -0.554     0.00    0.00
-144837.518    -0.554     0.00    0.00
-144550.806    -0.554     0.00    0.00
-144264.108    -0.554     0.00    0.00
-143977.424    -0.554     0.00    0.00
-143690.756    -0.554     0.00    0.00
-143404.102    -0.554     0.00    0.00
-143117.463    -0.554     0.00    0.00
-142830.839    -0.554     0.00    0.00
-142544.230    -0.554     0.00    0.00
-142257.635    -0.554     0.00    0.00
-141971.055    -0.554     0.00    0.00
-141684.490    -0.554     0.00    0.00
-141397.940    -0.554     0.00    0.00
-141111.404    -0.554     0.00    0.00
-140824.883    -0.554     0.00    0.00
-140538.377    -0.554     0.00    0.00
-140251.886    -0.554     0.00    0.00
-139965.409    -0.554     0.00    0.00
-139678.947    -0.554     0.00    0.00
-139392.500    -0.554     0.00    0.00
-139106.067    -0.554     0.00    0.00
-138819.649    -0.554     0.00    0.00
-138533.246    -0.554     0.00    0.00
-138246.858    -0.554     0.00    0.00
-137960.484    -0.554     0.00    0.00
-137674.125    -0.554     0.00    0.00
-137387.781    -0.554     0.00    0.00
-137101.452    -0.554     0.00    0.00
-136815.137    -0.554     0.00    0.00
-136528.837    -0.554     0.00    0.00
-136242.552    -0.554     0.00    0.00
-135956.281    -0.554     0.00    0.00
-135670.025    -0.554     0.00    0.00
-135383.783    -0.554     0.00    0.00
-135097.557    -0.554     0.00    0.00
-134811.345    -0.554     0.00    0.00
-134525.148    -0.554     0.00    0.00
-134238.965    -0.554     0.00    0.00
-133952.797    -0.554     0.00    0.00
-133666.644    -0.554     0.00    0.00
-133380.505    -0.554     0.00    0.00
-133094.382    -0.554     0.00    0.00
-132808.272    -0.554     0.00    0.00
-132522.178    -0.554     0.00    0.00
-132236.098    -0.554     0.00    0.00
-131950.033    -0.554     0.00    0.00
-131663.982    -0.554     0.00    0.00
-131377.946    -0.554     0.00    0.00
-131091.925    -0.554     0.00    0.00
-130805.918    -0.554     0.00    0.00
-130519.926    -0.554     0.00    0.00
-130233.949    -0.554     0.00    0.00
-129947.986    -0.554     0.00    0.00
-129662.038    -0.554     0.00    0.00
-129376.104    -0.554     0.00    0.00
-129090.186    -0.554     0.00    0.00
-128804.281    -0.554     0.00    0.00
-128518.392    -0.554     0.00    0.00
-128232.517    -0.554     0.00    0.00
-127946.657    -0.554     0.00    0.00
-127660.811    -0.554     0.00    0.00
-127374.980    -0.554     0.00    0.00
-127089.163    -0.554     0.00    0.00
-126803.361    -0.554     0.00    0.00
-126517.574    -0.554     0.00    0.00
-126231.801    -0.554     0.00    0.00
-125946.043    -0.554     0.00    0.00
-125660.300    -0.554     0.00    0.00
-125374.571    -0.554     0.00    0.00
-125088.856    -0.554     0.00    0.00
-124803.157    -0.554     0.00    0.00
-124517.472    -0.554     0.00    0.00
-124231.801    -0.554     0.00    0.00
-123946.145    -0.554     0.00    0.00
-123660.504    -0.554     0.00    0.00
-123374.877    -0.554     0.00    0.00
-123089.265    -0.554     0.00    0.00
-122803.667    -0.554     0.00    0.00
-122518.084    -0.554     0.00    0.00
-122232.515    -0.554     0.00    0.00
-121946.961    -0.554     0.00    0.00
-121661.422    -0.554     0.00    0.00
-121375.897    -0.554     0.00    0.00
-121090.386    -0.554     0.00    0.00
-120804.891    -0.554     0.00    0.00
-120519.409    -0.554     0.00    0.00
-120233.943    -0.554     0.00    0.00
-119948.491    -0.554     0.00    0.00
-119663.053    -0.554     0.00    0.00
-119377.630    -0.554     0.00    0.00
-119092.221    -0.554     0.00    0.00
-118806.827    -0.554     0.00    0.00
-118521.448    -0.554     0.00    0.00
-118236.083    -0.554     0.00    0.00
-117950.732    -0.554     0.00    0.00
-117665.397    -0.554     0.00    0.00
-117380.075    -0.554     0.00    0.00
-117094.768    -0.554     0.00    0.00
-116809.476    -0.554     0.00    0.00
-116524.198    -0.554     0.00    0.00
-116238.935    -0.554     0.00    0.00
-115953.686    -0.554     0.00    0.00
-115668.451    -0.554     0.00    0.00
-115383.231    -0.554     0.00    0.00
-115098.026    -0.554     0.00    0.00
-114812.835    -0.554     0.00    0.00
-114527.659    -0.554     0.00    0.00
-114242.497    -0.554     0.00    0.00
-113957.350    -0.554     0.00    0.00
-113672.217    -0.554     0.00    0.00
-113387.098    -0.554     0.00    0.00
-113101.994    -0.554     0.00    0.00
-112816.905    -0.554     0.00    0.00
-112531.830    -0.554     0.00    0.00
-112246.769    -0.554     0.00    0.00
-111961.723    -0.554     0.00    0.00
-111676.691    -0.554     0.00    0.00
-111391.674    -0.554     0.00    0.00
-111106.671    -0.554     0.00    0.00
-110820.806    -0.554     0.00    0.00
-110532.583    -0.554     0.00    0.00
-110244.375    -0.554     0.00    0.00
-109956.183    -0.554     0.00    0.00
-109668.007    -0.554     0.00    0.00
-109379.846    -0.554     0.00    0.00
-109091.702    -0.554     0.00    0.00
-108803.572    -0.554     0.00    0.00
-108515.458    -0.554     0.00    0.00
-108227.360    -0.554     0.00    0.00
-107939.278    -0.554     0.00    0.00
-107651.211    -0.554     0.00    0.00
-107363.160    -0.554     0.00    0.00
-107075.124    -0.554     0.00    0.00
-106787.104    -0.554     0.00    0.00
-106499.100    -0.554     0.00    0.00
-106211.111    -0.554     0.00    0.00
-105923.138    -0.554     0.00    0.00
-105635.180    -0.554     0.00    0.00
-105347.238    -0.554     0.00    0.00
-105059.312    -0.554     0.00    0.00
-104771.401    -0.554     0.00    0.00
-104483.505    -0.554     0.00    0.00
-104195.626    -0.554     0.00    0.00
-103907.761    -0.554     0.00    0.00
-103619.913    -0.554     0.00    0.00
-103332.080    -0.554     0.00    0.00
-103044.262    -0.554     0.00    0.00
-102756.461    -0.554     0.00    0.00
-102468.674    -0.554     0.00    0.00
-102180.903    -0.554     0.00    0.00
-101893.148    -0.554     0.00    0.00
-101605.408    -0.554     0.00    0.00
-101317.684    -0.554     0.00    0.00
-101029.976    -0.554     0.00    0.00
-100742.283    -0.554     0.00    0.00
-100454.605    -0.554     0.00    0.00
-100166.943    -0.554     0.00    0.00
 -99879.297    -0.554     0.00    0.00
 -99591.666    -0.554     0.00    0.00
 -99304.050    -0.554     0.00    0.00
 -99016.450    -0.554     0.00    0.00
 -98728.866    -0.554     0.00    0.00
 -98441.297    -0.554     0.00    0.00
 -98153.744    -0.554     0.00    0.00
 -97866.206    -0.554     0.00    0.00
 -97578.684    -0.554     0.00    0.00
 -97291.177    -0.554     0.00    0.00
 -97003.685    -0.554     0.00    0.00
 -96716.210    -0.554     0.00    0.00
 -96428.749    -0.554     0.00    0.00
 -96141.304    -0.554     0.00    0.00
 -95853.875    -0.554     0.00    0.00
 -95566.461    -0.554     0.00    0.00
 -95279.063    -0.554     0.00    0.00
 -94991.680    -0.554     0.00    0.00
 -94704.312    -0.554     0.00    0.00
 -94416.960    -0.554     0.00    0.00
 -94129.624    -0.554     0.00    0.00
 -93842.303    -0.554     0.00    0.00
 -93554.997    -0.554     0.00    0.00
 -93267.707    -0.554     0.00    0.00
 -92980.432    -0.554     0.00    0.00
 -92693.173    -0.554     0.00    0.00
 -92405.929    -0.554     0.00    0.00
 -92118.701    -0.554     0.00    0.00
 -91831.488    -0.554     0.00    0.00
 -91544.291    -0.554     0.00    0.00
 -91257.109    -0.554     0.00    0.00
 -90969.942    -0.554     0.00    0.00
 -90682.791    -0.554     0.00    0.00
 -90395.655    -0.554     0.00    0.00
 -90108.535    -0.554     0.00    0.00
 -89821.430    -0.554     0.00    0.00
 -89534.341    -0.554     0.00    0.00
 -89247.267    -0.554     0.00    0.00
 -88960.208    -0.554     0.00    0.00
 -88673.165    -0.554     0.00    0.00
 -88386.137    -0.554     0.00    0.00
 -88099.125    -0.554     0.00    0.00
 -87812.128    -0.554     0.00    0.00
 -87525.146    -0.554     0.00    0.00
 -87238.180    -0.554     0.00    0.00
 -86951.229    -0.554     0.00    0.00
 -86664.294    -0.554     0.00    0.00
 -86377.374    -0.554     0.00    0.00
 -86090.469    -0.554     0.00    0.00
 -85803.580    -0.554     0.00    0.00
 -85516.706    -0.554     0.00    0.00
 -85229.848    -0.554     0.00    0.00
 -84943.005    -0.554     0.00    0.00
 -84656.177    -0.554     0.00    0.00
 -84369.364    -0.554     0.00    0.00
 -84082.567    -0.554     0.00    0.00
 -83795.786    -0.554     0.00    0.00
 -83509.019    -0.554     0.00    0.00
 -83222.268    -0.554     0.00    0.00
 -82935.533    -0.554     0.00    0.00
 -82648.813    -0.554     0.00    0.00
 -82362.108    -0.554     0.00    0.00
 -82075.418    -0.554     0.00    0.00
 -81788.744    -0.554     0.00    0.00
 -81502.085    -0.554     0.00    0.00
 -81215.441    -0.554     0.00    0.00
 -80928.813    -0.554     0.00    0.00
 -80642.200    -0.554     0.00    0.00
 -80355.603    -0.554     0.00    0.00
 -80069.020    -0.554     0.00    0.00
 -79782.453    -0.554     0.00    0.00
 -79495.902    -0.554     0.00    0.00
 -79209.365    -0.554     0.00    0.00
 -78922.844    -0.554     0.00    0.00
 -78636.339    -0.554     0.00    0.00
 -78349.848    -0.554     0.00    0.00
 -78063.373    -0.554     0.00    0.00
 -77776.913    -0.554     0.00    0.00
 -77490.469    -0.554     0.00    0.00
 -77204.039    -0.554     0.00    0.00
 -76917.625    -0.554     0.00    0.00
 -76631.227    -0.554     0.00    0.00
 -76344.843    -0.554     0.00    0.00
 -76058.475    -0.554     0.00    0.00
 -75772.122    -0.554     0.00    0.00
 -75485.785    -0.554     0.00    0.00
 -75199.463    -0.554     0.00    0.00
 -74913.156    -0.554     0.00    0.00
 -74626.864    -0.554     0.00    0.00
 -74340.587    -0.554     0.00    0.00
 -74054.326    -0.554     0.00    0.00
 -73768.080    -0.554     0.00    0.00
 -73481.849    -0.554     0.00    0.00
 -73195.634    -0.554     0.00    0.00
 -72909.434    -0.554     0.00    0.00
 -72623.249    -0.554     0.00    0.00
 -72337.079    -0.554     0.00    0.00
 -72050.924    -0.554     0.00    0.00
 -71764.785    -0.554     0.00    0.00
 -71478.661    -0.554     0.00    0.00
 -71192.552    -0.554     0.00    0.00
 -70906.458    -0.554     0.00    0.00
 -70620.380    -0.554     0.00    0.00
 -70334.317    -0.554     0.00    0.00
 -70048.269    -0.554     0.00    0.00
 -69762.236    -0.554     0.00    0.00
 -69476.219    -0.554     0.00    0.00
 -69190.216    -0.554     0.00    0.00
 -68904.229    -0.554     0.00    0.00
 -68618.257    -0.554     0.00    0.00
 -68332.301    -0.554     0.00    0.00
 -68046.359    -0.554     0.00    0.00
 -67760.433    -0.554     0.00    0.00
 -67474.522    -0.554     0.00    0.00
 -67188.626    -0.554     0.00    0.00
 -66902.745    -0.554     0.00    0.00
 -66616.879    -0.554     0.00    0.00
 -66331.029    -0.554     0.00    0.00
 -66045.193    -0.554     0.00    0.00
 -65759.373    -0.554     0.00    0.00
 -65473.569    -0.554     0.00    0.00
 -65187.779    -0.554     0.00    0.00
 -64902.004    -0.554     0.00    0.00
 -64616.245    -0.554     0.00    0.00
 -64330.500    -0.554     0.00    0.00
 -64044.771    -0.554     0.00    0.00
 -63759.057    -0.554     0.00    0.00
 -63473.359    -0.554     0.00    0.00
 -63187.675    -0.554     0.00    0.00
 -62902.006    -0.554     0.00    0.00
 -62616.353    -0.554     0.00    0.00
 -62330.715    -0.554     0.00    0.00
 -62045.092    -0.554     0.00    0.00
 -61759.484    -0.554     0.00    0.00
 -61473.891    -0.554     0.00    0.00
 -61188.313    -0.554     0.00    0.00
 -60902.750    -0.554     0.00    0.00
 -60617.203    -0.554     0.00    0.00
 -60331.671    -0.554     0.00    0.00
 -60046.153    -0.554     0.00    0.00
 -59760.651    -0.554     0.00    0.00
 -59475.164    -0.554     0.00    0.00
 -59189.692    -0.554     0.00    0.00
 -58904.235    -0.554     0.00    0.00
 -58618.794    -0.554     0.00    0.00
 -58333.367    -0.554     0.00    0.00
 -58047.955    -0.554     0.00    0.00
 -57762.559    -0.554     0.00    0.00
 -57477.177    -0.554     0.00    0.00
 -57191.811    -0.554     0.00    0.00
 -56906.460    -0.554     0.00    0.00
 -56621.124    -0.554     0.00    0.00
 -56335.803    -0.554     0.00    0.00
 -56050.497    -0.554     0.00    0.00
 -55765.206    -0.554     0.00    0.00
 -55479.930    -0.554     0.00    0.00
 -55194.669    -0.554     0.00    0.00
 -54909.423    -0.554     0.00    0.00
 -54624.193    -0.554     0.00    0.00
 -54338.977    -0.554     0.00    0.00
 -54053.776    -0.554     0.00    0.00
 -53768.591    -0.554     0.00    0.00
 -53483.420    -0.554     0.00    0.00
 -53198.265    -0.554     0.00    0.00
 -52913.125    -0.554     0.00    0.00
 -52627.999    -0.554     0.00    0.00
 -52342.889    -0.554     0.00    0.00
 -52057.794    -0.554     0.00    0.00
 -51772.713    -0.554     0.00    0.00
 -51487.648    -0.554     0.00    0.00
 -51202.598    -0.554     0.00    0.00
 -50917.563    -0.554     0.00    0.00
 -50632.542    -0.554     0.00    0.00
 -50347.537    -0.554     0.00    0.00
 -50062.547    -0.554     0.00    0.00
 -49777.572    -0.554     0.00    0.00
 -49492.612    -0.554     0.00    0.00
 -49207.666    -0.554     0.00    0.00
 -48921.503    -0.554     0.00    0.00
 -48633.214    -0.554     0.00    0.00
 -48344.942    -0.554     0.00    0.00
 -48056.686    -0.554     0.00    0.00
 -47768.446    -0.554     0.00    0.00
 -47480.222    -0.554     0.00    0.00
 -47192.015    -0.554     0.00    0.00
 -46903.824    -0.554     0.00    0.00
 -46615.649    -0.554     0.00    0.00
 -46327.490    -0.554     0.00    0.00
 -46039.347    -0.554     0.00    0.00
 -45751.220    -0.554     0.00    0.00
 -45463.110    -0.554     0.00    0.00
 -45175.016    -0.554     0.00    0.00
 -44886.938    -0.554     0.00    0.00
 -44598.876    -0.554     0.00    0.00
 -44310.830    -0.554     0.00    0.00
 -44022.801    -0.554     0.00    0.00
 -43734.787    -0.554     0.00    0.00
 -43446.790    -0.554     0.00    0.00
 -43158.809    -0.554     0.00    0.00
 -42870.844    -0.554     0.00    0.00
 -42582.895    -0.554     0.00    0.00
 -42294.962    -0.554     0.00    0.00
 -42007.046    -0.554     0.00    0.00
 -41719.146    -0.554     0.00    0.00
 -41431.261    -0.554     0.00    0.00
 -41143.393    -0.554     0.00    0.00
 -40855.541    -0.554     0.00    0.00
 -40567.705    -0.554     0.00    0.00
 -40279.886    -0.554     0.00    0.00
 -39992.082    -0.554     0.00    0.00
 -39704.294    -0.554     0.00    0.00
 -39416.523    -0.554     0.00    0.00
 -39128.768    -0.554     0.00    0.00
 -38841.028    -0.554     0.00    0.00
 -38553.305    -0.554     0.00    0.00
 -38265.598    -0.554     0.00    0.00
 -37977.907    -0.554     0.00    0.00
 -37690.233    -0.554     0.00    0.00
 -37402.574    -0.554     0.00    0.00
 -37114.931    -0.554     0.00    0.00
 -36827.305    -0.554     0.00    0.00
 -36539.694    -0.554     0.00    0.00
 -36252.100    -0.554     0.00    0.00
 -35964.521    -0.554     0.00    0.00
 -35676.959    -0.554     0.00    0.00
 -35389.413    -0.554     0.00    0.00
 -35101.883    -0.554     0.00    0.00
 -34814.368    -0.554     0.00    0.00
 -34526.870    -0.507     0.17    0.21
 -34239.388    -0.386     0.42    0.38
 -33951.922    -0.252     0.47    0.46
 -33664.472    -0.087     0.58    0.50
 -33377.038     0.094     0.63    0.48
 -33089.621     0.238     0.50    0.41
 -32802.219     0.367     0.45    0.27
 -32514.833     0.446     0.27    0.00
 -32227.463     0.446     0.00    0.00
 -31940.109     0.446     0.00    0.00
 -31652.772     0.446     0.00    0.00
 -31365.450     0.453     0.03    0.09
 -31078.144     0.461     0.03    0.13
 -30790.855     0.478     0.06    0.18
 -30503.581     0.492     0.05    0.21
 -30216.323     0.517     0.09    0.26
 -29929.082     0.553     0.13    0.31
 -29641.856     0.578     0.09    0.34
 -29354.646     0.611     0.11    0.37
 -29067.453     0.606    -0.02    0.37
 -28780.275     0.558    -0.17    0.32
 -28493.113     0.508    -0.18    0.24
 -28205.967     0.553     0.16    0.34
 -27918.838     0.654     0.35    0.43
 -27631.724     0.789     0.47    0.49
 -27344.626     0.871     0.28    0.50
 -27057.544     0.973     0.36    0.50
 -26770.478     1.082     0.38    0.48
 -26483.428     1.166     0.29    0.45
 -26196.394     1.213     0.17    0.42
 -25909.376     1.204    -0.03    0.43
 -25622.374     1.144    -0.21    0.46
 -25335.388     1.033    -0.39    0.51
 -25048.418     0.918    -0.40    0.52
 -24761.464     0.763    -0.54    0.56
 -24474.526     0.655    -0.38    0.56
 -24187.603     0.565    -0.32    0.48
 -23900.697     0.524    -0.14    0.41
 -23613.806     0.534     0.04    0.40
 -23326.932     0.571     0.13    0.43
 -23040.073     0.662     0.32    0.45
 -22753.231     0.730     0.24    0.45
 -22466.404     0.776     0.16    0.47
 -22179.593     0.811     0.12    0.48
 -21892.798     0.771    -0.14    0.47
 -21606.019     0.690    -0.28    0.43
 -21319.256     0.726     0.13    0.45
 -21032.508     0.723    -0.01    0.45
 -20745.777     0.723     0.00    0.45
 -20459.062     0.682    -0.14    0.43
 -20172.362     0.644    -0.13    0.40
 -19885.678     0.630    -0.05    0.39
 -19599.011     0.642     0.04    0.40
 -19312.359     0.694     0.18    0.43
 -19025.723     0.766     0.25    0.47
 -18739.102     0.839     0.26    0.49
 -18452.498     0.911     0.25    0.50
 -18165.910     0.970     0.21    0.50
 -17879.337     0.946    -0.08    0.50
 -17592.780     0.914    -0.11    0.50
 -17306.240     0.905    -0.03    0.50
 -17019.715     0.938     0.11    0.50
 -16733.206     0.977     0.14    0.50
 -16446.712     0.973    -0.01    0.50
 -16160.235     0.918    -0.19    0.50
 -15873.773     0.865    -0.18    0.50
 -15587.327     0.830    -0.12    0.49
 -15300.898     0.834     0.01    0.49
 -15014.483     0.776    -0.20    0.47
 -14728.085     0.713    -0.22    0.44
 -14441.703     0.684    -0.10    0.43
 -14155.336     0.682    -0.01    0.44
 -13868.985     0.718     0.12    0.46
 -13582.650     0.746     0.10    0.51
 -13296.331     0.779     0.12    0.54
 -13010.028     0.841     0.22    0.54
 -12723.740     0.926     0.30    0.53
 -12437.469     0.973     0.16    0.53
 -12151.213     1.008     0.12    0.51
 -11864.973     0.969    -0.14    0.50
 -11578.748     0.922    -0.17    0.50
 -11292.540     0.880    -0.15    0.57
 -11006.347     0.776    -0.36    0.62
 -10720.170     0.617    -0.55    0.70
 -10434.009     0.524    -0.33    0.71
 -10147.863     0.390    -0.47    0.72
  -9861.734     0.303    -0.31    0.73
  -9575.620     0.212    -0.32    0.70
  -9289.522     0.169    -0.15    0.70
  -9003.440     0.163    -0.02    0.70
  -8717.373     0.190     0.09    0.75
  -8431.322     0.274     0.29    0.83
  -8145.287     0.397     0.43    0.91
  -7859.268     0.613     0.76    0.95
  -7573.264     0.834     0.77    0.97
  -7287.277     1.162     1.15    0.98
  -7001.305     1.491     1.15    0.94
  -6715.348     1.782     1.02    0.82
  -6429.408     1.980     0.70    0.81
  -6143.483     2.038     0.20    0.82
  -5857.574     2.102     0.22    0.82
  -5571.680     2.190     0.31    0.78
  -5285.803     2.192     0.01    0.69
  -4999.941     2.258     0.23    0.65
  -4714.095     2.268     0.04    0.54
  -4428.264     2.344     0.27    0.37
  -4142.449     2.406     0.22    0.23
  -3856.650     2.437     0.11    0.09
  -3570.867     2.446     0.03    0.00
  -3285.099     2.446     0.00    0.00
  -2999.347     2.446     0.00    0.00
  -2713.611     2.446     0.00    0.00
  -2427.891     2.351    -0.33    0.39
  -2142.186     2.194    -0.55    0.71
  -1856.497     1.982    -0.74    0.96
  -1570.823     1.638    -1.20    1.22
  -1285.165     1.374    -0.93    1.32
   -999.523     0.953    -1.47    1.39
   -713.897     0.615    -1.19    1.36
   -428.286     0.238    -1.32    1.23
   -142.691     0.008    -0.80    1.05
    142.889    -0.280    -1.01    0.74
    428.452    -0.297    -0.06    0.72
    714.001    -0.277     0.07    0.73
    999.533    -0.200     0.27    0.76
   1285.050    -0.047     0.54    0.93
   1570.551     0.118     0.58    1.07
   1856.037     0.325     0.73    1.26
   2141.506     0.469     0.50    1.32
   2426.961     0.622     0.53    1.36
   2712.399     0.781     0.56    1.41
   2997.822     0.862     0.28    1.42
   3283.230     0.942     0.28    1.42
   3568.621     0.934    -0.03    1.42
   3853.997     0.993     0.21    1.49
   4139.358     0.938    -0.19    1.45
   4424.703     0.905    -0.11    1.47
   4710.032     0.758    -0.52    1.41
   4995.345     0.596    -0.57    1.37
   5280.643     0.484    -0.39    1.34
   5565.926     0.316    -0.59    1.27
   5851.193     0.190    -0.45    1.21
   6136.444     0.089    -0.35    1.13
   6421.679    -0.046    -0.47    1.01
   6706.899    -0.116    -0.24    0.90
   6992.104    -0.221    -0.37    0.76
   7277.293    -0.369    -0.52    0.53
   7562.466    -0.409    -0.14    0.45
   7847.624    -0.498    -0.31    0.29
   8132.766    -0.539    -0.14    0.12
   8417.892    -0.438     0.35    0.41
   8703.003    -0.234     0.71    0.74
   8988.098    -0.082     0.54    0.83
   9273.178     0.066     0.52    0.92
   9558.242     0.228     0.57    1.07
   9843.291     0.518     1.02    1.30
  10128.324     0.981     1.62    1.94
  10413.342     1.485     1.77    2.49
  10698.344     2.094     2.14    2.91
  10983.330     2.758     2.33    3.14
  11268.301     3.582     2.89    3.10
  11553.257     4.241     2.31    2.94
  11838.196     4.953     2.50    2.57
  12123.121     5.526     2.01    2.08
  12408.029     5.853     1.15    1.51
  12692.923     5.776    -0.27    1.42
  12979.425     5.646    -0.46    1.55
  13267.769     5.531    -0.40    1.61
  13556.097     5.510    -0.07    1.63
  13844.408     5.469    -0.14    1.67
  14132.702     5.588     0.41    1.68
  14420.980     5.914     1.13    1.59
  14709.240     6.312     1.38    1.38
  14997.484     6.865     1.92    0.64
  15285.712     7.061     0.68    0.49
  15573.922     7.207     0.51    0.43
  15862.116     7.231     0.08    0.64
  16150.293     6.802    -1.49    1.84
  16438.454     5.663    -3.95    3.07
  16726.597     4.360    -4.52    3.63
  17014.724     3.169    -4.14    3.54
  17302.835     2.152    -3.53    3.09
  17590.928     1.376    -2.69    2.35
  17879.005     1.142    -0.81    1.72
  18167.065     1.349     0.72    1.41
  18455.108     2.089     2.57    1.98
  18743.135     2.854     2.65    2.38
  19031.145     3.838     3.42    2.62
  19319.139     4.692     2.97    2.70
  19607.115     5.478     2.73    2.62
  19895.075     6.297     2.85    2.20
  20183.019     6.982     2.38    1.49
  20470.945     7.312     1.14    0.79
  20758.855     7.446     0.46    0.00
  21046.748     7.446     0.00    0.00
  21334.625     7.446     0.00    0.00
  21622.485     7.446     0.00    0.00
  21910.328     7.446     0.00    0.00
  22198.155     7.446     0.00    0.00
  22485.965     7.446     0.00    0.00
  22773.758     7.446     0.00    0.00
  23061.535     7.446     0.00    0.00
  23349.295     7.446     0.00    0.00
  23637.039     7.446     0.00    0.00
  23924.766     7.446     0.00    0.00
  24212.476     7.446     0.00    0.00
  24500.169     7.446     0.00    0.00
  24787.846     7.446     0.00    0.00
  25075.507     7.446     0.00    0.00
  25363.150     7.446     0.00    0.00
  25650.777     7.446     0.00    0.00
  25938.388     7.446     0.00    0.00
  26225.982     7.446     0.00    0.00
  26513.559     7.320    -0.44    0.64
  26801.120     7.091    -0.80    1.08
  27088.664     6.841    -0.87    1.36
  27376.191     6.825    -0.05    1.35
  27663.702     6.800    -0.09    1.37
  27951.197     6.854     0.18    1.36
  28238.674     6.942     0.31    1.28
  28526.136     7.192     0.87    0.94
  28813.580     7.407     0.75    0.36
  29101.008     7.446     0.13    0.00
  29388.420     7.446     0.00    0.00
  29675.815     7.446     0.00    0.00
  29963.193     7.446     0.00    0.00
  30250.555     7.399    -0.16    0.39
  30537.900     7.035    -1.27    1.30
  30825.229     6.558    -1.66    1.81
  31112.541     6.250    -1.07    2.00
  31399.837     6.057    -0.67    2.08
  31687.116     6.046    -0.04    2.09
  31974.378     5.946    -0.35    2.10
  32261.624     6.010     0.22    2.09
  32548.854     6.153     0.50    2.02
  32836.067     6.374     0.77    1.91
  33123.263     6.454     0.28    1.88
  33410.443     6.632     0.62    1.74
  33697.606     6.865     0.81    1.51
  33984.753     7.136     0.94    1.11
  34271.884     7.163     0.09    0.96
  34558.998     6.881    -0.98    1.33
  34846.095     6.554    -1.14    1.57
  35133.176     6.196    -1.25    1.76
  35420.240     6.120    -0.26    1.79
  35707.288     6.182     0.21    1.77
  35994.320     6.292     0.38    1.74
  36281.335     6.612     1.11    1.58
  36568.333     6.755     0.50    1.43
  36855.315     6.978     0.78    1.11
  37142.280     7.166     0.66    0.67
  37429.229     6.982    -0.64    0.81
  37716.162     6.703    -0.97    0.95
  38003.078     6.406    -1.03    0.98
  38289.978     6.091    -1.10    0.89
  38576.861     5.957    -0.47    0.83
  38863.728     5.910    -0.17    0.81
  39150.578     6.042     0.46    0.89
  39437.412     6.352     1.08    0.97
  39724.229     6.599     0.86    0.96
  40011.030     6.902     1.06    0.85
  40297.815     7.128     0.79    0.72
  40584.583     7.308     0.63    0.48
  40871.334     7.398     0.31    0.35
  41158.070     7.494     0.33    0.42
  41444.789     7.680     0.65    0.57
  41731.491     7.897     0.76    0.68
  42018.177     8.214     1.10    0.87
  42304.846     8.610     1.38    1.09
  42591.500     9.139     1.85    1.32
  42878.136     9.846     2.46    1.64
  43164.757    10.508     2.31    1.89
  43451.361    11.153     2.25    2.09
  43737.948    11.906     2.63    2.39
  44024.519    12.823     3.20    2.77
  44311.074    13.929     3.86    3.11
  44597.613    14.739     2.83    3.51
  44884.135    15.566     2.89    3.56
  45170.640    16.123     1.94    3.49
  45457.130    16.262     0.48    3.49
  45743.602    16.325     0.22    3.48
  46030.059    16.141    -0.64    3.59
  46316.499    16.179     0.13    3.41
  46602.923    16.664     1.69    3.53
  46889.330    17.274     2.13    4.02
  47175.722    18.171     3.13    4.22
  47462.096    19.701     5.34    4.51
  47748.455    20.644     3.29    4.62
  48034.797    21.308     2.32    4.78
  48321.122    21.469     0.56    4.60
  48607.432    21.341    -0.45    4.43
  48893.725    21.542     0.70    4.62
  49180.002    21.532    -0.03    4.48
  49466.262    21.204    -1.15    4.38
  49752.506    21.719     1.80    4.55
  50038.734    22.615     3.13    4.79
  50324.945    23.649     3.61    4.95
  50611.140    24.867     4.26    4.65
  50897.319    26.163     4.53    4.01
  51183.482    27.376     4.24    3.19
  51469.628    28.422     3.65    1.96
  51755.758    29.017     2.08    1.05
  52041.871    29.180     0.57    0.77
  52327.969    29.316     0.48    0.48
  52614.050    29.414     0.34    0.18
  52900.114    29.446     0.11    0.00
  53186.163    29.446     0.00    0.00
  53472.195    29.446     0.00    0.00
  53758.211    29.446     0.00    0.00
  54044.210    29.446     0.00    0.00
  54330.194    29.446     0.00    0.00
  54616.161    29.462     0.06    0.13
  54902.112    29.705     0.85    0.79
  55188.046    30.921     4.25    3.29
  55473.964    33.231     8.08    5.88
  55759.867    37.284    14.17    9.65
  56045.752    43.825    22.88   15.10
  56331.622    55.563    41.06   25.46
  56617.475    71.620    56.17   40.13
  56903.312   102.747   108.90   63.77
  57189.133   135.438   114.37   78.07
  57474.938   163.839    99.37   75.14
  57760.726   183.880    70.12   65.28
  58046.498   201.994    63.39   51.25
  58332.254   209.075    24.78   37.78
  58617.994   204.751   -15.13   35.40
  58903.717   196.503   -28.87   37.13
  59189.425   183.318   -46.15   39.56
  59475.116   169.781   -47.38   36.85
  59760.790   156.226   -47.45   28.99
  60046.449   147.731   -29.74   22.08
  60332.092   141.332   -22.40   18.99
  60617.718   135.985   -18.72   18.00
  60903.328   130.639   -18.72   17.84
  61188.922   122.397   -28.86   18.53
  61474.499   115.999   -22.40   18.53
  61760.061   110.259   -20.10   16.47
  62045.606   106.414   -13.47   13.99
  62331.135   104.135    -7.98   11.23
  62616.648   103.380    -2.65   10.68
  62902.145   106.131     9.63   14.09
  63187.626   109.686    12.45   15.31
  63473.090   112.534     9.98   15.27
  63758.539   112.758     0.79   15.06
  64043.971   112.341    -1.46   13.67
  64329.387   111.422    -3.22   12.52
  64614.787   109.898    -5.34   10.21
  64900.170   109.437    -1.61    7.36
  65185.538   110.323     3.10    7.03
  65470.889   111.534     4.24    7.46
  65756.225   114.766    11.32    8.78
  66041.544   119.507    16.62   11.62
  66326.847   122.421    10.21   12.32
  66612.134   122.555     0.47   14.71
  66897.404   119.413   -11.01   15.34
  67182.659   117.891    -5.34   15.16
  67467.898   116.030    -6.53   13.84
  67753.120   116.950     3.23   14.48
  68038.326   122.267    18.64   21.66
  68323.517   127.706    19.07   24.56
  68608.691   133.437    20.10   27.24
  68893.849   129.906   -12.38   30.66
  69178.991   123.659   -21.91   35.75
  69464.116   111.176   -43.78   36.70
  69749.226    98.065   -45.98   30.94
  70034.320    85.865   -42.79   18.52
  70319.397    79.099   -23.73   11.30
  70604.459    75.552   -12.44   11.49
  70889.504    72.670   -10.11   12.16
  71174.534    70.184    -8.72   11.87
  71459.547    67.921    -7.94    9.63
  71744.544    68.980     3.72   10.58
  72029.525    69.527     1.92   11.54
  72314.490    71.510     6.96   13.40
  72599.439    71.531     0.08   13.59
  72884.372    69.889    -5.76   14.64
  73169.289    69.422    -1.64   16.58
  73454.190    66.972    -8.60   16.61
  73739.075    65.931    -3.65   18.55
  74023.943    62.144   -13.29   17.57
