-115181.802   451.301     0.00   43.27
-114895.569   439.562   -41.01   44.70
-114609.345   426.717   -44.88   44.72
-114323.131   409.955   -58.56   41.89
-114036.927   389.345   -72.02   41.26
-113750.732   375.823   -47.25   45.08
-113464.547   365.923   -34.59   52.66
-113178.371   349.116   -58.73   55.99
-112892.205   327.776   -74.57   49.45
-112606.049   312.167   -54.55   47.78
-112319.902   297.877   -49.94   39.85
-112033.765   286.802   -38.71   32.57
-111747.638   281.002   -20.27   27.18
-111461.520   278.053   -10.31   28.01
-111175.411   278.186     0.47   31.74
-110889.313   281.208    10.56   36.58
-110603.224   276.687   -15.80   38.54
-110317.144   272.859   -13.38   38.20
-110031.075   269.232   -12.68   35.25
-109745.014   271.755     8.82   35.81
-109458.964   276.759    17.49   42.83
-109172.923   284.823    28.19   50.42
-108886.892   295.697    38.02   53.23
-108600.870   314.754    66.63   53.68
-108314.858   339.118    85.19   51.68
-108028.855   359.824    72.40   47.66
-107742.862   378.733    66.12   45.52
-107456.879   391.324    44.03   43.84
-107170.905   404.527    46.17   41.28
-106884.941   414.957    36.47   34.65
-106598.986   418.481    12.32   29.98
-106313.041   412.393   -21.29   32.72
-106027.106   411.052    -4.69   33.30
-105741.180   411.369     1.11   34.36
-105455.264   414.822    12.08   37.26
-105169.357   424.097    32.44   41.35
-104883.460   435.980    41.57   39.80
-104597.573   444.361    29.32   36.23
-104311.695   445.881     5.32   38.36
-104025.827   435.109   -37.68   48.67
-103739.968   416.838   -63.92   60.50
-103454.119   395.251   -75.52   65.24
-103168.279   369.678   -89.47   62.88
-102882.449   346.590   -80.78   52.10
-102596.629   332.923   -47.82   48.36
-102310.818   320.762   -42.55   50.22
-102025.017   303.993   -58.68   60.01
-101739.225   281.880   -77.38   68.82
-101453.443   257.523   -85.23   67.74
-101167.671   239.472   -63.17   60.56
-100881.908   222.889   -58.03   46.24
-100596.155   212.933   -34.84   32.36
-100310.411   212.959     0.09   27.30
-100024.677   227.118    49.55   40.67
 -99738.952   244.994    62.56   48.20
 -99453.237   261.131    56.48   48.82
 -99167.531   277.132    56.01   47.01
 -98881.835   287.586    36.59   43.60
 -98596.149   300.936    46.73   44.33
 -98310.472   309.438    29.76   43.40
 -98024.805   316.588    25.03   48.53
 -97739.147   327.966    39.83   53.32
 -97453.499   339.479    40.30   56.33
 -97167.860   357.804    64.16   61.95
 -96882.231   372.538    51.58   66.31
 -96596.612   381.620    31.80   68.52
 -96311.002   396.194    51.03   69.11
 -96025.401   410.652    50.63   73.22
 -95739.810   437.736    94.84   80.08
 -95454.229   456.851    66.93   71.68
 -95168.657   463.364    22.81   61.45
 -94883.095   461.052    -8.09   60.57
 -94597.542   456.074   -17.43   61.54
 -94311.999   444.687   -39.88   66.08
 -94026.465   422.995   -75.97   62.77
 -93740.941   402.964   -70.16   56.83
 -93455.427   385.727   -60.37   51.90
 -93169.922   370.516   -53.28   52.58
 -92884.426   354.433   -56.33   58.19
 -92598.940   338.417   -56.10   56.27
 -92313.464   325.680   -44.62   48.63
 -92027.997   322.067   -12.66   41.07
 -91742.208   327.952    20.59   45.48
 -91454.600   347.405    67.64   58.60
 -91167.003   376.045    99.59   67.14
 -90879.416   416.772   141.62   73.75
 -90591.840   450.545   117.44   66.44
 -90304.274   468.505    62.46   54.31
 -90016.719   471.663    10.98   51.49
 -89729.174   456.448   -52.91   65.79
 -89441.640   426.556  -103.96   81.04
 -89154.116   393.788  -113.97   81.72
 -88866.603   369.409   -84.79   70.17
 -88579.100   357.141   -42.67   66.12
 -88291.607   358.664     5.30   68.42
 -88004.125   365.642    24.27   75.16
 -87716.654   379.905    49.62   74.08
 -87429.193   391.652    40.87   66.15
 -87141.742   395.770    14.32   59.26
 -86854.302   396.089     1.11   57.72
 -86566.873   385.371   -37.29   58.71
 -86279.454   379.267   -21.24   59.14
 -85992.045   373.674   -19.46   60.59
 -85704.647   359.177   -50.44   66.24
 -85417.259   332.904   -91.42   79.23
 -85129.882   303.685  -101.68   82.77
 -84842.515   267.717  -125.17   73.09
 -84555.159   248.524   -66.79   61.11
 -84267.813   243.878   -16.17   57.66
 -83980.478   245.497     5.63   60.63
 -83693.153   247.958     8.57   66.04
 -83405.839   256.239    28.82   66.73
 -83118.535   267.523    39.28   65.41
 -82831.241   275.768    28.70   62.78
 -82543.958   269.579   -21.54   68.44
 -82256.685   252.261   -60.29   82.74
 -81969.423   224.164   -97.81   94.87
 -81682.171   196.695   -95.63   94.37
 -81394.930   170.806   -90.13   80.17
 -81107.699   153.000   -61.99   63.18
 -80820.479   144.671   -29.00   54.80
 -80533.269   151.534    23.90   63.65
 -80246.069   159.859    28.99   69.81
 -79958.880   164.023    14.50   66.63
 -79671.701   174.897    37.86   58.98
 -79384.533   183.195    28.90   52.86
 -79097.375   192.769    33.34   50.87
 -78810.228   195.395     9.15   49.37
 -78523.091   197.214     6.34   48.86
 -78235.965   203.519    21.96   47.81
 -77948.849   206.196     9.32   47.55
 -77661.743   194.045   -42.32   50.41
 -77374.648   176.277   -61.89   50.10
 -77087.563   159.442   -58.64   43.39
 -76800.489   154.418   -17.50   40.40
 -76513.425   155.160     2.58   44.96
 -76226.371   160.314    17.95   47.65
 -75939.328   160.929     2.14   47.87
 -75652.295   151.702   -32.15   50.89
 -75365.273   138.316   -46.64   55.05
 -75078.261   120.909   -60.65   56.10
 -74791.260   108.935   -41.72   49.02
 -74504.269   100.110   -30.75   36.82
 -74217.288    97.924    -7.62   32.25
 -73930.318    98.119     0.68   32.90
 -73643.358    98.987     3.03   33.75
 -73356.409    93.523   -19.04   33.57
 -73069.470    84.988   -29.74   36.33
 -72782.541    72.155   -44.72   29.24
 -72495.623    65.304   -23.88   21.18
 -72208.715    66.602     4.52   24.33
 -71921.817    69.308     9.43   30.71
 -71634.930    76.863    26.33   37.90
 -71348.054    84.473    26.53   40.63
 -71061.188    93.553    31.65   39.35
 -70774.332   108.752    52.99   40.68
 -70487.486   125.549    58.56   43.28
 -70200.651   139.523    48.72   43.31
 -69913.827   147.874    29.11   39.88
 -69627.012   153.812    20.70   34.40
 -69340.208   155.849     7.10   29.79
 -69053.415   151.941   -13.63   31.32
 -68766.632   144.752   -25.07   34.75
 -68479.859   134.595   -35.42   34.56
 -68193.097   127.527   -24.65   33.22
 -67906.345   121.664   -20.45   36.35
 -67619.603   109.120   -43.75   34.17
 -67332.872    96.484   -44.07   33.19
 -67046.151    86.400   -35.17   29.04
 -66759.440    80.403   -20.92   24.35
 -66472.740    78.930    -5.14   21.25
 -66186.051    79.732     2.80   21.22
 -65899.371    87.228    26.15   24.94
 -65612.702   102.388    52.89   32.72
 -65326.043   121.135    65.40   35.90
 -65039.395   134.066    45.11   34.95
 -64752.757   138.177    14.34   33.70
 -64466.130   138.574     1.39   34.24
 -64179.512   129.495   -31.68   45.88
 -63892.906   105.396   -84.09   61.46
 -63606.309    75.839  -103.13   65.48
 -63319.723    46.223  -103.34   59.58
 -63033.147    24.886   -74.46   49.43
 -62746.582     4.431   -71.38   28.99
 -62460.027    -4.926   -32.65    9.35
 -62173.482    -6.638    -5.98    0.71
 -61886.947    -6.350     1.00    0.91
 -61600.423    -6.029     1.12    0.99
 -61313.910    -5.684     1.21    0.95
 -61027.406    -5.380     1.06    0.80
 -60740.913    -5.099     0.98    0.49
 -60454.431    -4.970     0.45    0.12
 -60167.958    -4.970     0.00    0.12
 -59881.496    -4.962     0.03    0.08
 -59595.045    -4.955     0.03    0.00
 -59308.603    -4.955     0.00    0.00
 -59022.172    -4.955     0.00    0.00
 -58735.752    -4.955     0.00    0.00
 -58449.341    -4.955     0.00    0.00
 -58162.941    -4.955     0.00    0.00
 -57876.552    -4.955     0.00    0.00
 -57590.172    -4.955     0.00    0.00
 -57303.803    -4.955     0.00    0.00
 -57017.445    -4.955     0.00    0.00
 -56731.096    -4.955     0.00    0.00
 -56444.758    -4.941     0.05    0.12
 -56158.430    -4.859     0.28    0.30
 -55872.113    -4.734     0.44    0.42
 -55585.806    -4.562     0.60    0.57
 -55299.509    -4.241     1.12    0.73
 -55013.223    -3.926     1.10    0.78
 -54726.946    -3.511     1.45    0.81
 -54440.681    -3.148     1.27    0.76
 -54154.425    -2.848     1.05    0.83
 -53868.180    -2.522     1.14    0.84
 -53581.945    -2.240     0.99    0.84
 -53295.720    -1.940     1.05    0.87
 -53009.506    -1.652     1.01    0.78
 -52723.302    -1.382     0.94    0.87
 -52437.108    -1.125     0.90    0.81
 -52150.925    -0.934     0.67    0.86
 -51864.752    -0.719     0.75    0.89
 -51578.589    -0.503     0.76    0.84
 -51292.436    -0.245     0.90    0.90
 -51006.294     0.068     1.09    0.79
 -50720.162     0.313     0.86    0.88
 -50434.040     0.622     1.08    0.93
 -50147.929     0.941     1.11    0.88
 -49861.828     1.313     1.30    0.88
 -49575.737     1.712     1.39    0.87
 -49289.657     2.186     1.66    1.07
 -49003.586     3.262     3.76    3.22
 -48717.526     5.180     6.70    5.65
 -48431.477     8.865    12.88    8.97
 -48145.437    13.119    14.87   11.46
 -47859.408    18.949    20.38   14.65
 -47573.389    26.275    25.62   16.55
 -47287.381    33.519    25.33   15.33
 -47001.383    39.487    20.87   12.31
 -46715.395    44.015    15.83    9.03
 -46429.417    46.941    10.23    5.23
 -46143.449    48.349     4.92    1.51
 -45857.492    48.339    -0.04    1.17
 -45571.545    48.139    -0.70    1.24
 -45285.609    47.719    -1.47    1.72
 -44999.682    47.090    -2.20    2.50
 -44713.766    46.570    -1.82    3.19
 -44427.860    46.195    -1.31    3.48
 -44141.965    46.494     1.05    3.63
 -43856.079    47.009     1.80    3.52
 -43570.204    47.601     2.07    3.16
 -43284.339    48.719     3.91    2.61
 -42998.485    49.134     1.45    1.81
 -42712.640    49.388     0.89    1.15
 -42426.806    49.474     0.30    0.76
 -42140.982    49.560     0.30    0.93
 -41855.169    49.697     0.48    0.99
 -41569.365    50.358     2.31    2.04
 -41283.572    51.752     4.88    3.89
 -40997.790    52.501     2.62    4.65
 -40712.017    51.479    -3.58    6.28
 -40426.255    50.700    -2.73    8.03
 -40140.502    49.204    -5.23    8.55
 -39854.761    47.563    -5.74    8.40
 -39569.029    45.979    -5.54    8.06
 -39283.307    44.734    -4.36    8.39
 -38997.596    44.139    -2.09   11.09
 -38711.895    45.912     6.21   12.90
 -38426.205    46.597     2.40   15.22
 -38140.524    47.421     2.89   17.14
 -37854.854    48.508     3.80   17.43
 -37569.194    48.921     1.45   18.27
 -37283.544    49.245     1.13   17.39
 -36997.904    49.628     1.34   17.65
 -36712.275    51.249     5.68   16.84
 -36426.656    54.208    10.36   14.96
 -36141.047    57.505    11.55   14.88
 -35855.448    62.000    15.74   13.04
 -35569.860    65.638    12.74   11.21
 -35284.282    68.632    10.49    9.38
 -34998.714    70.992     8.26    9.11
 -34713.156    74.246    11.40   11.42
 -34427.608    77.749    12.27   12.22
 -34142.071    79.601     6.49   16.02
 -33856.544    81.241     5.74   30.79
 -33571.027    79.838    -4.91   46.45
 -33285.520    74.589   -18.38   57.72
 -33000.023    61.155   -47.05   61.26
 -32714.537    46.316   -51.98   59.57
 -32429.061    30.764   -54.48   51.88
 -32143.595    13.747   -59.62   31.17
 -31858.139     5.463   -29.02   14.68
 -31572.693     1.756   -12.99    1.89
 -31287.258     1.280    -1.67    0.72
 -31001.833     1.045    -0.82    0.66
 -30716.418     0.910    -0.47    0.61
 -30431.013     0.832    -0.27    0.56
 -30145.618     0.766    -0.23    0.58
 -29859.700     0.681    -0.29    0.62
 -29572.014     0.652    -0.10    0.63
 -29284.339     0.764     0.39    0.54
 -28996.676     0.822     0.20    0.47
 -28709.023     0.842     0.07    0.46
 -28421.382     0.898     0.19    0.39
 -28133.752     1.016     0.41    0.30
 -27846.133     1.150     0.47    0.39
 -27558.526     1.231     0.28    0.52
 -27270.929     1.209    -0.07    0.80
 -26983.344     1.322     0.39    0.97
 -26695.770     1.490     0.58    1.14
 -26408.207     1.823     1.16    1.30
 -26120.656     2.235     1.43    1.40
 -25833.115     2.530     1.03    1.39
 -25545.586     2.844     1.09    1.21
 -25258.067     3.208     1.27    0.71
 -24970.560     3.361     0.53    0.51
 -24683.064     3.416     0.19    0.48
 -24395.580     3.353    -0.22    0.46
 -24108.106     3.288    -0.23    0.45
 -23820.643     3.239    -0.17    0.42
 -23533.192     3.161    -0.27    0.42
 -23245.752     3.104    -0.20    0.36
 -22958.323     3.060    -0.16    0.27
 -22670.905     2.902    -0.55    0.43
 -22383.498     2.714    -0.65    0.47
 -22096.103     2.498    -0.75    0.55
 -21808.718     2.306    -0.67    0.53
 -21521.345     2.139    -0.58    0.47
 -21233.983     2.045    -0.33    0.37
 -20946.632     1.993    -0.18    0.22
 -20659.292     1.995     0.01    0.22
 -20371.963     1.992    -0.01    0.22
 -20084.646     1.942    -0.17    0.31
 -19797.339     1.911    -0.11    0.34
 -19510.044     1.938     0.09    0.31
 -19222.760     1.957     0.07    0.28
 -18935.487     1.985     0.10    0.24
 -18648.225     2.009     0.08    0.19
 -18360.974     2.105     0.33    0.29
 -18073.734     2.140     0.12    0.38
 -17786.506     2.202     0.22    0.42
 -17499.288     2.252     0.18    0.44
 -17212.082     2.267     0.05    0.42
 -16924.886     2.263    -0.01    0.41
 -16637.702     2.318     0.19    0.45
 -16350.529     2.314    -0.02    0.51
 -16063.367     2.133    -0.63    0.98
 -15776.217     1.608    -1.83    1.62
 -15489.077     1.016    -2.06    2.04
 -15201.948     0.260    -2.64    2.25
 -14914.831    -0.548    -2.81    2.19
 -14627.724    -1.401    -2.97    1.75
 -14340.629    -2.067    -2.32    1.12
 -14053.545    -2.473    -1.42    0.71
 -13766.472    -2.644    -0.59    0.59
 -13479.410    -2.825    -0.63    0.36
 -13192.359    -2.933    -0.38    0.15
 -12905.319    -2.970    -0.13    0.12
 -12618.290    -3.005    -0.12    0.22
 -12331.273    -3.015    -0.04    0.24
 -12044.266    -3.014     0.00    0.24
 -11757.271    -3.037    -0.08    0.28
 -11470.286    -3.091    -0.19    0.34
 -11183.313    -3.165    -0.26    0.41
 -10896.351    -3.177    -0.04    0.42
 -10609.400    -3.171     0.02    0.41
 -10322.460    -3.143     0.10    0.39
 -10035.531    -3.131     0.04    0.38
  -9748.613    -3.080     0.18    0.33
  -9461.706    -3.023     0.20    0.25
  -9174.810    -2.955     0.24    0.00
  -8887.925    -2.955     0.00    0.00
  -8601.052    -2.955     0.00    0.00
  -8314.189    -2.955     0.00    0.00
  -8027.338    -2.955     0.00    0.00
  -7740.497    -2.955     0.00    0.00
  -7453.668    -2.955     0.00    0.00
  -7166.849    -2.955     0.00    0.00
  -6880.042    -2.955     0.00    0.00
  -6593.246    -2.955     0.00    0.00
  -6306.461    -2.955     0.00    0.00
  -6019.687    -2.955     0.00    0.00
  -5732.924    -2.991    -0.13    0.19
  -5446.172    -3.090    -0.35    0.34
  -5159.431    -3.218    -0.44    0.44
  -4872.701    -3.365    -0.52    0.49
  -4585.982    -3.505    -0.49    0.50
  -4299.274    -3.585    -0.28    0.48
  -4012.577    -3.617    -0.11    0.47
  -3725.892    -3.631    -0.05    0.47
  -3439.217    -3.582     0.17    0.49
  -3152.553    -3.477     0.37    0.50
  -2865.901    -3.422     0.19    0.50
  -2579.259    -3.348     0.26    0.49
  -2292.628    -3.308     0.14    0.48
  -2006.009    -3.303     0.02    0.48
  -1719.400    -3.307    -0.02    0.48
  -1432.803    -3.271     0.13    0.63
  -1146.216    -2.984     1.00    1.61
   -859.641    -1.917     3.72    5.23
   -573.077    -0.007     6.67    9.85
   -286.523     1.689     5.92   13.33
      0.019     3.896     7.70   16.88
    286.550     5.138     4.33   19.01
    573.071     4.754    -1.34   20.30
    859.580     3.949    -2.81   20.07
   1146.078    -0.058   -13.99   13.43
   1432.566    -2.895    -9.90    2.98
   1719.042    -3.259    -1.27    0.46
   2005.507    -3.149     0.39    0.40
   2291.962    -3.071     0.27    0.32
   2578.405    -2.999     0.25    0.21
   2864.837    -3.007    -0.03    0.22
   3151.258    -3.012    -0.02    0.23
   3437.669    -3.015    -0.01    0.24
   3724.068    -3.014     0.00    0.24
   4010.456    -3.015    -0.00    0.24
   4296.834    -2.977     0.13    0.15
   4583.200    -2.955     0.08    0.00
   4869.555    -2.955     0.00    0.00
   5155.899    -2.955     0.00    0.00
   5442.233    -2.955     0.00    0.00
   5728.555    -2.904     0.18    0.22
   6014.866    -2.879     0.09    0.29
   6301.167    -2.824     0.19    0.36
   6587.456    -2.746     0.27    0.51
   6873.735    -2.639     0.37    0.61
   7160.002    -2.444     0.68    0.82
   7446.258    -2.268     0.61    0.95
   7732.504    -2.020     0.87    1.13
   8018.738    -1.741     0.97    1.27
   8304.962    -1.511     0.81    1.36
   8591.174    -1.162     1.22    1.52
   8877.376    -0.887     0.96    1.55
   9163.567    -0.480     1.42    1.70
   9449.746    -0.112     1.29    1.70
   9735.915     0.324     1.52    1.74
  10022.073     0.927     2.11    1.73
  10308.220     1.605     2.37    1.89
  10594.355     3.045     5.03    3.02
  10880.480     5.091     7.15    4.57
  11166.594     7.790     9.43    5.78
  11452.697    10.645     9.98    6.75
  11738.789    14.295    12.76    8.43
  12024.870    18.501    14.70   10.09
  12310.940    21.601    10.84    9.89
  12596.999    25.436    13.41   12.83
  12883.047    26.933     5.23   11.49
  13169.085    27.987     3.68   10.41
  13455.111    28.534     1.91    8.71
  13741.126    28.337    -0.69    6.76
  14027.131    28.867     1.85    5.47
  14313.124    29.911     3.65    5.53
  14599.107    32.588     9.36    8.51
  14885.078    35.358     9.69    9.90
  15171.039    38.401    10.64   12.49
  15456.989    41.023     9.17   12.69
  15742.928    42.226     4.21   12.26
  16028.855    44.089     6.52   12.15
  16314.772    44.575     1.70   10.40
  16600.678    45.987     4.94    9.50
  16886.573    48.120     7.46    8.69
  17172.458    50.332     7.74    8.59
  17458.331    54.216    13.59    9.81
  17744.193    58.608    15.36   11.23
  18030.045    62.556    13.81   12.12
  18315.885    65.424    10.03   13.34
  18601.715    66.306     3.09   15.00
  18887.533    66.441     0.47   16.02
  19173.341    64.297    -7.50   16.98
  19459.138    62.661    -5.72   16.66
  19744.924    61.549    -3.89   14.65
  20030.699    62.462     3.20   14.16
  20316.463    66.136    12.86   14.89
  20602.216    72.045    20.68   18.28
  20887.959    78.964    24.21   19.54
  21173.690    84.656    19.92   19.14
  21459.411    90.790    21.47   19.93
  21745.120    96.195    18.92   18.54
  22030.819   102.168    20.91   19.20
  22316.507   108.519    22.23   18.95
  22602.184   111.023     8.76   18.32
  22887.850   111.664     2.24   15.94
  23173.505   112.858     4.18   15.34
  23459.149   113.222     1.27   17.49
  23744.783   112.886    -1.17   21.58
  24030.405   108.248   -16.24   24.51
  24316.017   100.112   -28.49   24.44
  24601.618    93.744   -22.30   24.29
  24887.207    86.516   -25.31   24.92
  25172.786    79.127   -25.87   24.86
  25458.354    70.388   -30.60   24.78
  25743.912    60.526   -34.54   23.96
  26029.458    50.934   -33.59   23.54
  26314.994    41.230   -33.98   20.18
  26600.518    32.541   -30.43   15.92
  26886.032    25.262   -25.49   10.35
  27171.535    20.873   -15.37    7.11
  27457.027    17.245   -12.71    4.34
  27742.508    14.830    -8.46    3.16
  28027.978    13.202    -5.70    2.96
  28313.438    11.844    -4.76    2.58
  28598.886    10.684    -4.06    1.95
  28884.324     9.891    -2.78    1.38
  29169.751     9.782    -0.38    1.31
  29455.167     9.981     0.70    1.82
  29740.572    10.519     1.89    2.48
  30025.966    12.052     5.37    4.60
  30311.350    15.154    10.87    8.71
  30596.722    19.761    16.15   11.93
  30882.084    25.374    19.67   14.42
  31167.435    31.704    22.19   15.32
  31452.775    38.485    23.77   15.22
  31738.104    46.556    28.29   16.25
  32024.191    55.128    29.96   19.95
  32311.948    66.775    40.48   25.32
  32599.694    81.329    50.58   32.33
  32887.427    96.124    51.42   36.22
  33175.149   112.519    56.98   35.11
  33462.859   123.704    38.88   30.33
  33750.556   131.001    25.36   24.69
  34038.242   133.247     7.81   24.21
  34325.917   133.882     2.21   25.40
  34613.579   131.478    -8.36   26.37
  34901.230   131.923     1.55   28.74
  35188.868   134.791     9.97   31.76
  35476.495   138.320    12.27   36.42
  35764.110   140.152     6.37   36.16
  36051.713   143.660    12.20   39.35
  36339.304   144.381     2.51   40.76
  36626.884   138.000   -22.19   38.10
  36914.451   134.364   -12.65   33.77
  37202.007   133.052    -4.56   28.66
  37489.551   136.799    13.03   27.70
  37777.083   141.368    15.89   27.42
  38064.604   149.141    27.03   30.68
  38352.112   160.984    41.19   32.09
  38639.609   167.118    21.33   28.70
  38927.093   172.489    18.68   26.52
  39214.566   173.520     3.59   26.50
  39502.028   170.773    -9.55   27.79
  39789.477   165.250   -19.21   26.66
  40076.915   162.369   -10.02   24.86
  40364.340   168.368    20.87   32.01
  40651.754   184.964    57.74   40.59
  40939.156   202.504    61.03   41.96
  41226.547   211.707    32.02   38.70
  41513.925   214.782    10.70   39.22
  41801.292   214.788     0.02   40.33
  42088.647   215.639     2.96   41.02
  42375.990   221.195    19.34   45.95
  42663.321   234.009    44.59   58.09
  42950.641   255.075    73.32   69.02
  43237.948   282.883    96.79   71.15
  43525.244   303.609    72.14   60.70
  43812.528   321.915    63.72   51.44
  44099.801   334.660    44.37   48.33
  44387.061   341.912    25.24   51.46
  44674.310   351.595    33.71   53.19
  44961.547   364.767    45.86   50.50
  45248.772   378.586    48.11   39.78
  45535.985   383.503    17.12   35.71
  45823.187   373.118   -36.16   47.73
  46110.377   355.564   -61.12   60.49
  46397.555   325.364  -105.16   67.11
  46684.721   290.553  -121.22   61.40
  46971.876   260.808  -103.58   53.64
  47259.019   232.327   -99.19   43.88
  47546.150   212.438   -69.27   38.32
  47833.269   193.912   -64.52   35.99
  48120.376   177.272   -57.95   36.87
  48407.472   159.255   -62.76   35.55
  48694.556   146.083   -45.88   29.06
  48981.628   138.871   -25.12   23.61
  49268.689   133.714   -17.96   22.54
  49555.737   134.897     4.12   26.36
  49842.774   140.193    18.45   28.04
  50129.799   148.186    27.85   27.93
  50416.813   159.075    37.94   29.60
  50703.814   170.787    40.81   36.21
  50990.804   190.400    68.34   45.98
  51277.783   207.181    58.47   47.41
  51564.749   222.729    54.18   44.19
  51851.704   237.916    52.93   34.79
  52138.647   242.232    15.04   30.92
  52425.578   243.247     3.54   31.89
  52712.497   241.111    -7.44   32.81
  52999.405   241.882     2.69   33.77
  53286.301   251.263    32.70   34.17
  53573.186   260.516    32.25   32.05
  53860.058   266.234    19.93   28.94
  54146.919   265.719    -1.80   29.38
  54433.768   266.469     2.62   29.14
  54720.605   271.215    16.55   30.90
  55007.431   279.850    30.10   39.49
  55294.245   294.391    50.70   47.66
  55581.047   312.001    61.40   48.93
  55867.838   325.654    47.61   42.21
  56154.617   334.255    29.99   30.10
  56441.384   331.401    -9.95   31.20
  56728.139   316.388   -52.35   41.10
  57014.883   292.795   -82.28   47.44
  57301.615   271.771   -73.32   43.64
  57588.335   259.173   -43.94   38.52
  57875.044   252.709   -22.54   35.55
  58161.741   248.349   -15.21   34.08
  58448.426   246.827    -5.31   33.84
  58735.099   241.139   -19.84   36.00
  59021.761   232.908   -28.71   38.37
  59308.411   221.082   -41.26   41.38
  59595.050   205.598   -54.02   37.68
  59881.676   193.697   -41.52   29.89
  60168.291   186.812   -24.02   19.99
  60454.895   185.833    -3.41   17.13
  60741.486   193.898    28.14   24.65
  61028.066   207.886    48.81   32.18
  61314.635   225.777    62.43   34.61
  61601.191   240.396    51.02   31.79
  61887.736   252.125    40.93   25.38
  62174.269   258.348    21.72   19.64
  62460.791   259.719     4.79   20.12
  62747.301   255.188   -15.81   23.77
  63033.799   251.301   -13.57   28.21
  63320.286   247.430   -13.51   30.50
  63606.761   249.318     6.59   31.61
  63893.224   257.161    27.38   35.54
  64179.676   267.007    34.37   38.73
  64466.115   281.357    50.09   35.74
  64752.544   288.841    26.13   28.80
  65038.960   291.376     8.85   25.89
  65325.365   282.579   -30.71   32.38
  65611.759   270.295   -42.89   41.93
  65898.140   248.497   -76.11   48.25
  66184.510   225.848   -79.09   47.37
  66470.869   201.893   -83.65   41.02
  66757.215   185.606   -56.88   34.42
  67043.550   174.477   -38.87   29.61
  67329.874   165.144   -32.60   27.97
  67616.186   157.729   -25.90   26.38
  67902.486   148.878   -30.91   25.16
  68188.774   138.670   -35.66   24.29
  68475.051   126.586   -42.21   25.27
  68761.316   114.900   -40.82   24.64
  69047.570   111.476   -11.96   23.79
  69333.812   118.931    26.04   35.71
  69620.042   133.793    51.92   51.01
  69906.261   154.880    73.67   60.53
  70192.468   176.778    76.51   58.62
  70478.664   197.526    72.49   47.46
  70764.847   212.793    53.35   29.17
  71051.020   216.875    14.26   23.12
  71337.180   213.694   -11.12   26.16
  71623.329   204.744   -31.28   28.44
  71909.467   195.814   -31.21   28.41
  72195.592   188.538   -25.43   26.35
  72481.707   179.560   -31.38   25.03
  72767.809   170.415   -31.96   26.24
  73053.900   159.691   -37.48   28.38
  73339.979   154.411   -18.46   28.62
  73626.047   148.867   -19.38   26.37
  73912.103   142.976   -20.59   23.29
  74198.148   140.695    -7.97   22.60
  74484.181   136.053   -16.23   20.66
  74770.202   133.426    -9.18   20.13
  75056.212   130.308   -10.90   17.49
  75342.210   130.839     1.86   17.41
  75628.197   133.205     8.27   17.67
  75914.172   133.724     1.81   17.87
  76200.135   134.288     1.97   17.35
  76486.087   134.305     0.06   17.29
  76772.027   133.824    -1.68   18.27
  77057.956   130.799   -10.58   17.99
  77343.873   129.549    -4.37   17.87
  77629.778   131.787     7.83   21.02
  77915.672   137.045    18.39   23.91
  78201.554   141.845    16.79   22.12
  78487.425   145.662    13.35   18.78
  78773.284   145.016    -2.26   17.73
  79059.132   141.286   -13.05   19.79
  79344.968   136.038   -18.36   19.90
  79630.793   129.863   -21.60   17.78
  79916.605   125.680   -14.64   14.87
  80202.407   125.038    -2.25   13.10
  80488.197   127.239     7.70   14.10
  80773.975   131.188    13.82   13.99
  81059.742   136.797    19.63   14.11
  81345.497   143.277    22.68   15.64
  81631.240   149.203    20.74   15.07
  81916.972   154.184    17.43   12.84
  82202.693   156.462     7.97   11.80
  82488.402   156.979     1.81   12.02
  82774.099   154.601    -8.32   14.00
  83059.785   149.644   -17.35   16.46
  83345.459   141.850   -27.28   17.25
  83631.122   134.478   -25.80   17.07
  83916.773   128.335   -21.50   16.10
  84202.413   121.386   -24.33   13.53
  84488.041   115.929   -19.10   10.69
  84773.657   111.333   -16.09    6.99
  85059.263   109.201    -7.47    4.59
  85344.856   109.175    -0.09    6.48
  85630.438   111.689     8.81   10.69
  85916.009   115.301    12.65   13.50
  86201.567   119.495    14.69   14.75
  86487.115   121.667     7.61   13.98
  86772.651   124.426     9.66   12.60
  87058.175   125.466     3.64   12.50
