# NaN NaN NaN ;Mean Elev.(m), Avg Gradient(m/km), RMS Gradient(m/km) - SRTM1     
#   82.335  -0.305   7.449 ;Mean Elev.(m), Avg Gradient(m/km), RMS Gradient(m/km) - ASTER GDEM
#   91.032  -0.117   3.631 ;Mean Elev.(m), Avg Gradient(m/km), RMS Gradient(m/km) - GMTED2010 
   1    89.730 54664.94981522 27.52 211.001940  66.029397 17.272 -100.00 -100.00 -100.00
   1    89.454 54664.94981581 31.05 211.008364  66.029658 29.550 -100.00 -100.00 -100.00
   1    89.660 54664.94981640 36.04 211.014789  66.029919   -100 -100.00 -100.00 -100.00
   2    90.920 54674.86545974 42.92 210.999553  66.030473   -100 -100.00 -100.00 -100.00
   2    91.376 54674.86546033 45.13 211.005978  66.030734 24.910 -100.00 -100.00 -100.00
   2    91.009 54674.86546092 46.86 211.012403  66.030995   -100 -100.00 -100.00 -100.00
   2    90.568 54674.86546151 52.24 211.018828  66.031255 22.424 -100.00 -100.00 -100.00
   3   -12.127 54684.78110288  5.78 210.997436  66.032000  4.294 -100.00 -100.00 -100.00
   3   -11.719 54684.78110347  5.29 211.003861  66.032261  3.696 -100.00 -100.00 -100.00
   3   -12.025 54684.78110406  5.15 211.010287  66.032522  3.376 -100.00 -100.00 -100.00
   3   -12.365 54684.78110465  4.96 211.016712  66.032783  3.475 -100.00 -100.00 -100.00
   4    90.305 54694.69674474 45.74 210.997600  66.032847   -100 -100.00 -100.00 -100.00
   4    90.455 54694.69674533 46.87 211.004025  66.033108 31.062 -100.00 -100.00 -100.00
   4    89.746 54694.69674592 53.27 211.010450  66.033369   -100 -100.00 -100.00 -100.00
   5   -11.171 54704.61238405  1.88 210.997845  66.031889  3.511 -100.00 -100.00 -100.00
   5   -11.170 54704.61238464  0.21 211.004270  66.032150  3.039 -100.00 -100.00 -100.00
   6    90.349 54714.52803547 42.77 211.001176  66.029716   -100 -100.00 -100.00 -100.00
   6    90.188 54714.52803606 45.15 211.007600  66.029977   -100 -100.00 -100.00 -100.00
   6    90.051 54714.52803665 48.95 211.014025  66.030238   -100 -100.00 -100.00 -100.00
   7   -20.628 54724.44368615  2.77 211.004833  66.027766  3.788 -100.00 -100.00 -100.00
   7   -21.724 54724.44368674  2.12 211.011256  66.028027  2.951 -100.00 -100.00 -100.00
   7   -23.070 54724.44368733  2.16 211.017680  66.028287  2.910 -100.00 -100.00 -100.00
   8    88.661 54734.35933454 32.78 211.006438  66.027453   -100 -100.00 -100.00 -100.00
   8    88.727 54734.35933513 34.46 211.012862  66.027714   -100 -100.00 -100.00 -100.00
   8    88.894 54734.35933572 35.83 211.019286  66.027974   -100 -100.00 -100.00 -100.00
   9    88.882 54744.27498135 38.78 211.003833  66.028931 26.071 -100.00 -100.00 -100.00
   9    88.714 54744.27498194 40.93 211.010257  66.029192   -100 -100.00 -100.00 -100.00
   9    88.759 54744.27498253 45.09 211.016682  66.029452   -100 -100.00 -100.00 -100.00
  10    88.470 54754.19062752 36.19 210.998343  66.030153 26.298 -100.00 -100.00 -100.00
  10    88.404 54754.19062811 37.58 211.004768  66.030414   -100 -100.00 -100.00 -100.00
  10    88.318 54754.19062870 40.99 211.011193  66.030674   -100 -100.00 -100.00 -100.00
  10    88.830 54754.19062929 43.81 211.017617  66.030934 29.080 -100.00 -100.00 -100.00
  11    88.420 54764.10627370 40.70 211.002572  66.029991 24.984 -100.00 -100.00 -100.00
  11    87.947 54764.10627429 41.93 211.008997  66.030252   -100 -100.00 -100.00 -100.00
  11    87.892 54764.10627488 46.80 211.015422  66.030512   -100 -100.00 -100.00 -100.00
  12   152.523 54774.02191708 11.95 211.005974  66.028010 10.348 -100.00 -100.00 -100.00
  12   152.147 54774.02191767 14.21 211.012398  66.028271 14.240 -100.00 -100.00 -100.00
  12   130.899 54774.02191826  1.78 211.018823  66.028531  9.644 -100.00 -100.00 -100.00
  13    87.995 54783.93755779 28.55 211.009028  66.026353 18.478 -100.00 -100.00 -100.00
  13    87.913 54783.93755838 32.44 211.015453  66.026614 32.692 -100.00 -100.00 -100.00
  13    87.911 54783.93755897 28.25 211.021877  66.026874 18.062 -100.00 -100.00 -100.00
  14    88.186 54793.85319630 24.08 211.009633  66.026567  9.699 -100.00 -100.00 -100.00
  14    88.054 54793.85319689 26.52 211.016058  66.026827 15.641 -100.00 -100.00 -100.00
  14    87.986 54793.85319748 25.18 211.022483  66.027088 11.525 -100.00 -100.00 -100.00
  15   158.038 54803.76883366  0.66 211.007519  66.028488  5.577 -100.00 -100.00 -100.00
  15   164.512 54803.76883425  0.01 211.013944  66.028749  5.216 -100.00 -100.00 -100.00
  16    88.087 54813.68447049 19.07 211.003685  66.030026  7.806 -100.00 -100.00 -100.00
  16    88.269 54813.68447108 18.63 211.010111  66.030287  8.013 -100.00 -100.00 -100.00
  16    88.278 54813.68447167 18.61 211.016536  66.030547  7.442 -100.00 -100.00 -100.00
  17    87.962 54823.60011411 21.01 210.998610  66.030152 12.597 -100.00 -100.00 -100.00
  17    89.031 54823.60011470 17.90 211.005035  66.030413  6.449 -100.00 -100.00 -100.00
  17    88.979 54823.60011529 17.31 211.011460  66.030674  5.384 -100.00 -100.00 -100.00
  17    88.683 54823.60011588 17.36 211.017885  66.030935  5.737 -100.00 -100.00 -100.00
  18    88.039 54833.51575435 16.88 211.000518  66.029425  5.979 -100.00 -100.00 -100.00
  18    89.545 54833.51575494 17.09 211.006943  66.029686  5.417 -100.00 -100.00 -100.00
  18    88.754 54833.51575553 17.70 211.013368  66.029947  6.406 -100.00 -100.00 -100.00
  18    88.635 54833.51575612 16.47 211.019792  66.030207  6.011 -100.00 -100.00 -100.00
  19    88.145 54843.43140462 16.40 211.003425  66.029507  4.915 -100.00 -100.00 -100.00
  19    88.063 54843.43140522 16.36 211.009850  66.029768  5.803 -100.00 -100.00 -100.00
  19    88.215 54843.43140581 16.13 211.016274  66.030028  4.789 -100.00 -100.00 -100.00
  20    88.288 54853.34705334 15.92 211.000287  66.030618  5.527 -100.00 -100.00 -100.00
  20    88.068 54853.34705393 15.26 211.006712  66.030879  4.629 -100.00 -100.00 -100.00
  20    88.258 54853.34705452 15.46 211.013137  66.031140  4.894 -100.00 -100.00 -100.00
  21    88.044 54863.26270167 16.61 210.995694  66.032304  6.996 -100.00 -100.00 -100.00
  21    88.098 54863.26270226 16.25 211.002120  66.032565  5.857 -100.00 -100.00 -100.00
  21    88.116 54863.26270285 16.53 211.008545  66.032826  6.685 -100.00 -100.00 -100.00
  21    88.262 54863.26270344 15.79 211.014970  66.033086  5.527 -100.00 -100.00 -100.00
  22    88.119 54873.17835038 17.93 210.996873  66.033099  9.383 -100.00 -100.00 -100.00
  22    88.295 54873.17835097 17.87 211.003298  66.033360  9.364 -100.00 -100.00 -100.00
  22    88.265 54873.17835156 16.53 211.009724  66.033621  6.655 -100.00 -100.00 -100.00
  23    87.682 54883.09399662 19.15 210.996070  66.031846 10.075 -100.00 -100.00 -100.00
  23    87.888 54883.09399721 16.33 211.002496  66.032107  6.740 -100.00 -100.00 -100.00
  23    88.144 54883.09399780 18.04 211.008921  66.032368 10.032 -100.00 -100.00 -100.00
  23    86.817 54883.09399839 19.51 211.015347  66.032628 12.078 -100.00 -100.00 -100.00
  24    86.755 54893.00964033 18.90 211.004702  66.029470 11.501 -100.00 -100.00 -100.00
  24    86.509 54893.00964092 22.52 211.011128  66.029730 20.260 -100.00 -100.00 -100.00
  24    86.413 54893.00964151 22.96 211.017553  66.029991 21.703 -100.00 -100.00 -100.00
  25    87.883 54902.92528060 14.94 211.005574  66.027273  6.728 -100.00 -100.00 -100.00
  25    87.950 54902.92528119 15.24 211.011999  66.027533  7.252 -100.00 -100.00 -100.00
  25    88.036 54902.92528178 14.96 211.018424  66.027794  6.817 -100.00 -100.00 -100.00
  26    87.890 54912.84091979 10.77 211.008864  66.027376  5.398 -100.00 -100.00 -100.00
  26    88.068 54912.84092038 10.12 211.015289  66.027636  4.227 -100.00 -100.00 -100.00
  26    88.670 54912.84092097  9.78 211.021714  66.027896  3.839 -100.00 -100.00 -100.00
  27    87.941 54922.75655740  9.58 211.004125  66.028755  4.322 -100.00 -100.00 -100.00
  27    87.578 54922.75655799 10.85 211.010550  66.029015  5.596 -100.00 -100.00 -100.00
  27    88.121 54922.75655858  9.98 211.016975  66.029275  5.260 -100.00 -100.00 -100.00
  28    89.427 54932.67219459  9.85 211.003142  66.030009  5.379 -100.00 -100.00 -100.00
  28    88.014 54932.67219518 11.23 211.009567  66.030269  6.998 -100.00 -100.00 -100.00
  28    88.111 54932.67219577  9.29 211.015992  66.030530  4.806 -100.00 -100.00 -100.00
  29    91.084 54942.58782986  9.16 211.001162  66.029343  3.841 -100.00 -100.00 -100.00
  29    91.056 54942.58783045  8.75 211.007586  66.029604  3.800 -100.00 -100.00 -100.00
  29    88.951 54942.58783104  9.71 211.014010  66.029865  5.182 -100.00 -100.00 -100.00
  30    86.305 54952.50346379 29.10 211.005057  66.027436 24.746 -100.00 -100.00 -100.00
  30    86.233 54952.50346438 32.74 211.011481  66.027697   -100 -100.00 -100.00 -100.00
  30    86.247 54952.50346497 32.87 211.017904  66.027958   -100 -100.00 -100.00 -100.00
  31    97.079 54962.41910705 47.97 211.008408  66.025812   -100 -100.00 -100.00 -100.00
  31    97.157 54962.41910764 45.44 211.014831  66.026073   -100 -100.00 -100.00 -100.00
  31    96.861 54962.41910823 44.49 211.021254  66.026334   -100 -100.00 -100.00 -100.00
  32    89.872 54972.33475563 52.32 211.008061  66.026249 24.150 -100.00 -100.00 -100.00
  32    89.932 54972.33475622 50.87 211.014484  66.026510  1.206 -100.00 -100.00 -100.00
  32    89.866 54972.33475681 52.21 211.020907  66.026770 13.127 -100.00 -100.00 -100.00
  33    93.973 54982.25040320 27.17 211.007201  66.028173  9.014 -100.00 -100.00 -100.00
  33    93.793 54982.25040379 29.79 211.013625  66.028434 13.932 -100.00 -100.00 -100.00
  33    93.633 54982.25040438 34.97 211.020049  66.028694 25.515 -100.00 -100.00 -100.00
  34    65.776 54992.16604979 11.97 210.999002  66.029849  2.489 -100.00 -100.00 -100.00
  34    64.694 54992.16605038 12.23 211.005426  66.030110  2.381 -100.00 -100.00 -100.00
  34    62.924 54992.16605097 12.33 211.011851  66.030371  2.567 -100.00 -100.00 -100.00
  34    61.234 54992.16605156 11.90 211.018275  66.030631  2.578 -100.00 -100.00 -100.00
  35    90.832 55002.08169667 49.96 211.001697  66.030540   -100 -100.00 -100.00 -100.00
  35    91.101 55002.08169726 49.13 211.008122  66.030801   -100 -100.00 -100.00 -100.00
  35    91.271 55002.08169785 51.02 211.014547  66.031062 29.723 -100.00 -100.00 -100.00
  36    93.908 55011.99734142 29.65 211.001395  66.030227 17.455 -100.00 -100.00 -100.00
  36    93.477 55011.99734201 27.38 211.007820  66.030488 11.143 -100.00 -100.00 -100.00
  36    91.494 55011.99734260 30.41 211.014245  66.030748 17.345 -100.00 -100.00 -100.00
  37    91.840 55021.91298481 34.20 211.002143  66.029732   -100 -100.00 -100.00 -100.00
  37    93.205 55021.91298540 28.77 211.008567  66.029993 18.116 -100.00 -100.00 -100.00
  37    93.724 55021.91298599 25.92 211.014992  66.030254 12.230 -100.00 -100.00 -100.00
  38    88.877 55031.82862716 48.34 211.001352  66.030409   -100 -100.00 -100.00 -100.00
  38    88.750 55031.82862775 48.12 211.007777  66.030670  3.400 -100.00 -100.00 -100.00
  38    88.670 55031.82862834 51.45 211.014202  66.030930   -100 -100.00 -100.00 -100.00
  39    88.383 55041.74426863 50.08 210.998484  66.031560   -100 -100.00 -100.00 -100.00
  39    88.604 55041.74426922 47.13 211.004909  66.031821   -100 -100.00 -100.00 -100.00
  39    88.467 55041.74426981 50.39 211.011335  66.032082   -100 -100.00 -100.00 -100.00
  40    88.215 55051.65990888 34.66 210.998957  66.032190   -100 -100.00 -100.00 -100.00
  40    88.247 55051.65990947 38.33 211.005382  66.032451   -100 -100.00 -100.00 -100.00
  40    88.198 55051.65991006 39.86 211.011807  66.032712   -100 -100.00 -100.00 -100.00
  41    88.109 55061.57554708 49.31 211.001315  66.031061   -100 -100.00 -100.00 -100.00
  41    88.242 55061.57554767 48.28 211.007740  66.031322   -100 -100.00 -100.00 -100.00
  41    88.016 55061.57554826 43.70 211.014164  66.031583   -100 -100.00 -100.00 -100.00
  42    88.233 55071.49118969 48.37 211.001105  66.028644 27.110 -100.00 -100.00 -100.00
  42    88.242 55071.49119028 47.34 211.007529  66.028905 21.279 -100.00 -100.00 -100.00
  42    88.261 55071.49119087 47.57 211.013953  66.029166 10.689 -100.00 -100.00 -100.00
  42    88.145 55071.49119146 48.01 211.020376  66.029427 23.306 -100.00 -100.00 -100.00
  43    89.451 55081.40683902 47.23 211.007759  66.026932   -100 -100.00 -100.00 -100.00
  43    89.237 55081.40683961 49.07 211.014183  66.027193   -100 -100.00 -100.00 -100.00
  43    89.275 55081.40684020 52.08 211.020606  66.027453  7.092 -100.00 -100.00 -100.00
  44    88.335 55091.32248601 46.08 211.006823  66.026834  4.090 -100.00 -100.00 -100.00
  44    88.379 55091.32248660 45.02 211.013247  66.027095   -100 -100.00 -100.00 -100.00
  44    88.268 55091.32248720 47.00 211.019670  66.027355   -100 -100.00 -100.00 -100.00
  45    88.960 55101.23813219 37.28 211.002971  66.028229   -100 -100.00 -100.00 -100.00
  45    88.946 55101.23813278 41.18 211.009395  66.028490   -100 -100.00 -100.00 -100.00
  45    88.815 55101.23813337 41.92 211.015819  66.028750 15.040 -100.00 -100.00 -100.00
  46    88.843 55111.15377812 41.00 211.001156  66.029777 20.656 -100.00 -100.00 -100.00
  46    88.699 55111.15377871 43.00 211.007581  66.030038 26.680 -100.00 -100.00 -100.00
  46    88.185 55111.15377930 48.40 211.014006  66.030298   -100 -100.00 -100.00 -100.00
  47   151.049 55121.06942215 16.65 211.000727  66.029573  8.645 -100.00 -100.00 -100.00
  47   137.950 55121.06942274 20.84 211.007152  66.029834 11.848 -100.00 -100.00 -100.00
  47   133.485 55121.06942334 26.02 211.013577  66.030094 26.950 -100.00 -100.00 -100.00
  47   134.904 55121.06942393 29.34 211.020002  66.030354   -100 -100.00 -100.00 -100.00
  48    87.552 55130.98506375 42.10 211.004604  66.027905 24.992 -100.00 -100.00 -100.00
  48    87.099 55130.98506434 43.81 211.011028  66.028165   -100 -100.00 -100.00 -100.00
  48    86.988 55130.98506493 46.83 211.017453  66.028426   -100 -100.00 -100.00 -100.00
  49    86.452 55140.90070349 41.64 211.009798  66.026317   -100 -100.00 -100.00 -100.00
  49    86.689 55140.90070408 45.16 211.016222  66.026577 30.036 -100.00 -100.00 -100.00
  49    86.008 55140.90070467 47.36 211.022647  66.026837 30.366 -100.00 -100.00 -100.00
  50    87.120 55150.81634172 36.31 211.006949  66.026403 28.294 -100.00 -100.00 -100.00
  50    86.854 55150.81634232 38.02 211.013373  66.026664   -100 -100.00 -100.00 -100.00
  50    86.899 55150.81634291 34.38 211.019798  66.026924 24.879 -100.00 -100.00 -100.00
  51    86.691 55160.73198000 31.83 211.004017  66.028184 19.842 -100.00 -100.00 -100.00
  51    86.625 55160.73198059 29.69 211.010442  66.028444 15.867 -100.00 -100.00 -100.00
  51    88.936 55160.73198118 28.64 211.016867  66.028705 14.879 -100.00 -100.00 -100.00
  52    86.435 55170.64761815 33.22 211.004164  66.030096 28.576 -100.00 -100.00 -100.00
  52    86.855 55170.64761874 29.38 211.010588  66.030356 15.919 -100.00 -100.00 -100.00
  52    91.097 55170.64761933 27.62 211.017014  66.030617 11.938 -100.00 -100.00 -100.00
  53    87.271 55180.56325464 29.69 211.001951  66.030672 15.568 -100.00 -100.00 -100.00
  53    87.081 55180.56325523 29.94 211.008376  66.030933 16.000 -100.00 -100.00 -100.00
  53    86.914 55180.56325582 33.13 211.014801  66.031194 28.102 -100.00 -100.00 -100.00
  54    86.986 55190.47890263 28.16 211.000574  66.030188 14.205 -100.00 -100.00 -100.00
  54    86.370 55190.47890322 31.61 211.006998  66.030449 27.506 -100.00 -100.00 -100.00
  54    86.670 55190.47890381 27.02 211.013423  66.030710 13.287 -100.00 -100.00 -100.00
  55    92.983 55200.39455288 20.13 210.999631  66.030178  6.090 -100.00 -100.00 -100.00
  55    92.267 55200.39455347 19.38 211.006055  66.030439  5.904 -100.00 -100.00 -100.00
  55    91.654 55200.39455406 19.60 211.012480  66.030699  5.565 -100.00 -100.00 -100.00
  55    90.777 55200.39455465 19.76 211.018905  66.030960  6.492 -100.00 -100.00 -100.00
  56    91.914 55210.31020290 20.96 211.003598  66.030973  8.559 -100.00 -100.00 -100.00
  56    91.654 55210.31020349 18.98 211.010023  66.031234  5.154 -100.00 -100.00 -100.00
  56    90.491 55210.31020408 19.89 211.016448  66.031494  6.663 -100.00 -100.00 -100.00
  57    93.209 55220.22585168 18.55 210.998969  66.031645  6.082 -100.00 -100.00 -100.00
  57    92.473 55220.22585227 18.00 211.005394  66.031906  5.230 -100.00 -100.00 -100.00
  57    92.181 55220.22585286 18.69 211.011819  66.032166  7.084 -100.00 -100.00 -100.00
  58    93.192 55230.14150004 18.34 211.000837  66.031448  5.968 -100.00 -100.00 -100.00
  58    92.769 55230.14150063 18.47 211.007262  66.031708  5.705 -100.00 -100.00 -100.00
  58    91.648 55230.14150122 18.54 211.013688  66.031969  5.604 -100.00 -100.00 -100.00
  59    93.256 55240.05714476 17.45 210.998195  66.030095  5.178 -100.00 -100.00 -100.00
  59    92.846 55240.05714535 18.23 211.004621  66.030356  5.156 -100.00 -100.00 -100.00
  59    92.197 55240.05714594 18.01 211.011046  66.030617  5.932 -100.00 -100.00 -100.00
  59    91.724 55240.05714653 17.92 211.017471  66.030877  4.972 -100.00 -100.00 -100.00
  60    92.471 55249.97278691 17.33 211.006978  66.028571  5.156 -100.00 -100.00 -100.00
  60    92.400 55249.97278750 17.39 211.013403  66.028832  4.919 -100.00 -100.00 -100.00
  60    91.346 55249.97278809 17.28 211.019828  66.029092  4.864 -100.00 -100.00 -100.00
  61    92.726 55259.88842562 18.00 211.003232  66.027210  6.525 -100.00 -100.00 -100.00
  61    92.361 55259.88842621 16.94 211.009657  66.027471  4.923 -100.00 -100.00 -100.00
  61    91.889 55259.88842680 17.26 211.016081  66.027731  4.500 -100.00 -100.00 -100.00
  61    91.084 55259.88842739 17.02 211.022506  66.027991  5.075 -100.00 -100.00 -100.00
  62    92.607 55269.80406400 17.02 211.004276  66.027336  5.016 -100.00 -100.00 -100.00
  62    92.262 55269.80406459 17.23 211.010701  66.027597  4.859 -100.00 -100.00 -100.00
  62    91.758 55269.80406518 16.93 211.017125  66.027857  4.884 -100.00 -100.00 -100.00
  63    92.972 55279.71970206 16.17 211.002875  66.028212  5.638 -100.00 -100.00 -100.00
  63    92.631 55279.71970265 15.16 211.009299  66.028473  4.711 -100.00 -100.00 -100.00
  63    92.055 55279.71970324 15.07 211.015724  66.028733  4.775 -100.00 -100.00 -100.00
  64    93.133 55289.63533874 14.69 211.000394  66.028703  5.368 -100.00 -100.00 -100.00
  64    92.802 55289.63533933 14.22 211.006818  66.028963  4.935 -100.00 -100.00 -100.00
  64    92.155 55289.63533992 14.21 211.013243  66.029224  4.863 -100.00 -100.00 -100.00
  64    91.615 55289.63534051 14.20 211.019667  66.029485  4.632 -100.00 -100.00 -100.00
  65    85.208 55299.55097339 22.84 211.001847  66.028433   -100 -100.00 -100.00 -100.00
  65    85.229 55299.55097398 22.32 211.008271  66.028694   -100 -100.00 -100.00 -100.00
  65    85.399 55299.55097457 17.94 211.014695  66.028955 19.878 -100.00 -100.00 -100.00
  65    85.425 55299.55097516 16.57 211.021119  66.029216 16.990 -100.00 -100.00 -100.00
  66    86.833 55309.46661806 28.57 211.003198  66.027283 25.227 -100.00 -100.00 -100.00
  66    85.790 55309.46661865 29.61 211.009622  66.027544 32.625 -100.00 -100.00 -100.00
  66    85.846 55309.46661924 26.60 211.016045  66.027804 21.451 -100.00 -100.00 -100.00
  66    85.873 55309.46661983 26.51 211.022469  66.028065 23.536 -100.00 -100.00 -100.00
  67    87.948 55319.38226442 41.90 211.009022  66.026645   -100 -100.00 -100.00 -100.00
  67    87.862 55319.38226501 43.29 211.015445  66.026906   -100 -100.00 -100.00 -100.00
  67    87.772 55319.38226560 45.33 211.021868  66.027166  3.728 -100.00 -100.00 -100.00
  68    88.226 55329.29790874 46.28 211.003425  66.026779  5.011 -100.00 -100.00 -100.00
  68    88.978 55329.29790933 45.05 211.009849  66.027040 25.961 -100.00 -100.00 -100.00
  68    88.652 55329.29790992 49.29 211.016272  66.027300   -100 -100.00 -100.00 -100.00
  68    88.249 55329.29791051 53.32 211.022695  66.027560 10.946 -100.00 -100.00 -100.00
  69    88.260 55339.21355308 47.37 211.001530  66.028275  5.229 -100.00 -100.00 -100.00
  69    88.469 55339.21355368 46.43 211.007954  66.028536   -100 -100.00 -100.00 -100.00
  69    88.525 55339.21355427 49.25 211.014377  66.028796   -100 -100.00 -100.00 -100.00
  69    88.245 55339.21355486 52.58 211.020801  66.029056 31.847 -100.00 -100.00 -100.00
  70    89.405 55349.12919741 48.35 211.003026  66.029850 29.417 -100.00 -100.00 -100.00
  70    89.733 55349.12919800 49.48 211.009450  66.030111 21.849 -100.00 -100.00 -100.00
  70    88.967 55349.12919859 50.79 211.015874  66.030371  3.836 -100.00 -100.00 -100.00
  71    88.694 55359.04483950 34.86 211.001622  66.030514   -100 -100.00 -100.00 -100.00
  71    88.531 55359.04484009 37.74 211.008047  66.030775   -100 -100.00 -100.00 -100.00
  71    88.564 55359.04484068 34.26 211.014471  66.031035   -100 -100.00 -100.00 -100.00
  72    88.791 55368.96047933 41.71 210.999210  66.030429   -100 -100.00 -100.00 -100.00
  72    88.662 55368.96047992 44.44 211.005634  66.030690 25.116 -100.00 -100.00 -100.00
  72    88.690 55368.96048051 41.72 211.012059  66.030951  2.223 -100.00 -100.00 -100.00
  72    88.496 55368.96048110 42.87 211.018484  66.031212  5.648 -100.00 -100.00 -100.00
  73    88.694 55378.87611789 47.55 210.999089  66.030389 13.204 -100.00 -100.00 -100.00
  73    89.114 55378.87611848 45.44 211.005514  66.030650   -100 -100.00 -100.00 -100.00
  73    88.874 55378.87611907 47.41 211.011939  66.030911  2.089 -100.00 -100.00 -100.00
  73    88.990 55378.87611967 46.07 211.018364  66.031171   -100 -100.00 -100.00 -100.00
  74    90.526 55388.79175559 34.06 210.997463  66.030635   -100 -100.00 -100.00 -100.00
  74    92.694 55388.79175618 22.75 211.003887  66.030896 10.000 -100.00 -100.00 -100.00
  74    89.960 55388.79175677 24.93 211.010312  66.031157 15.269 -100.00 -100.00 -100.00
  74    89.894 55388.79175736 26.46 211.016737  66.031418 20.216 -100.00 -100.00 -100.00
  75    89.890 55398.70739275 43.52 211.000787  66.030914   -100 -100.00 -100.00 -100.00
  75    89.747 55398.70739334 45.55 211.007211  66.031175 10.222 -100.00 -100.00 -100.00
  75    89.982 55398.70739393 45.22 211.013636  66.031436   -100 -100.00 -100.00 -100.00
  76    90.707 55408.62303844 48.34 211.003176  66.030323   -100 -100.00 -100.00 -100.00
  76    90.749 55408.62303903 48.36 211.009600  66.030584   -100 -100.00 -100.00 -100.00
  76    90.361 55408.62303962 53.55 211.016024  66.030845 29.986 -100.00 -100.00 -100.00
  77    90.134 55418.53868941 45.46 211.005627  66.028943 23.205 -100.00 -100.00 -100.00
  77    89.429 55418.53869000 47.15 211.012051  66.029204   -100 -100.00 -100.00 -100.00
  77    89.310 55418.53869059 53.63 211.018475  66.029465   -100 -100.00 -100.00 -100.00
  78    89.673 55428.45433650 35.20 211.003248  66.027390   -100 -100.00 -100.00 -100.00
  78    89.768 55428.45433709 31.24 211.009671  66.027651 21.153 -100.00 -100.00 -100.00
  78    89.643 55428.45433768 33.07 211.016094  66.027912 28.633 -100.00 -100.00 -100.00
  78    89.584 55428.45433827 38.18 211.022518  66.028172   -100 -100.00 -100.00 -100.00
  79    90.143 55438.36998158 43.29 211.007458  66.027272 26.277 -100.00 -100.00 -100.00
  79    89.938 55438.36998217 47.32 211.013881  66.027532   -100 -100.00 -100.00 -100.00
  79    89.429 55438.36998276 51.62 211.020305  66.027792 29.307 -100.00 -100.00 -100.00
  80    88.952 55448.28562481 43.36 211.006145  66.027975   -100 -100.00 -100.00 -100.00
  80    89.112 55448.28562540 45.51 211.012568  66.028236   -100 -100.00 -100.00 -100.00
  80    88.560 55448.28562599 46.64 211.018992  66.028496 27.128 -100.00 -100.00 -100.00
  81    88.894 55458.20126779 45.09 211.005304  66.028671   -100 -100.00 -100.00 -100.00
  81    88.871 55458.20126838 47.00 211.011728  66.028931   -100 -100.00 -100.00 -100.00
  81    88.714 55458.20126897 52.53 211.018152  66.029192   -100 -100.00 -100.00 -100.00
  82    88.171 55468.11691006 43.03 211.004614  66.028727 25.543 -100.00 -100.00 -100.00
  82    88.141 55468.11691065 46.25 211.011038  66.028988 28.424 -100.00 -100.00 -100.00
  82    87.522 55468.11691124 50.52 211.017463  66.029248  6.895 -100.00 -100.00 -100.00
  83    87.449 55478.03254887 40.05 211.001918  66.027778 29.117 -100.00 -100.00 -100.00
  83    87.719 55478.03254946 42.23 211.008342  66.028039 22.290 -100.00 -100.00 -100.00
  83    86.859 55478.03255005 49.75 211.014767  66.028300   -100 -100.00 -100.00 -100.00
  84    87.017 55487.94818543 40.06 211.008309  66.027154 26.355 -100.00 -100.00 -100.00
  84    86.572 55487.94818602 42.95 211.014734  66.027414   -100 -100.00 -100.00 -100.00
  84    86.439 55487.94818661 44.33 211.021158  66.027675   -100 -100.00 -100.00 -100.00
  85    86.728 55497.86381912 40.23 211.008021  66.026844 24.779 -100.00 -100.00 -100.00
  85    86.738 55497.86381971 43.06 211.014445  66.027105 27.581 -100.00 -100.00 -100.00
  85    86.118 55497.86382030 48.53 211.020870  66.027366 19.210 -100.00 -100.00 -100.00
  86    86.230 55507.77945679 39.00 211.006066  66.027778 24.883 -100.00 -100.00 -100.00
  86    85.861 55507.77945738 42.40 211.012490  66.028039   -100 -100.00 -100.00 -100.00
  86    85.627 55507.77945797 44.47 211.018915  66.028299 11.420 -100.00 -100.00 -100.00
  87    86.414 55517.69510716 40.19 211.006164  66.029102 22.057 -100.00 -100.00 -100.00
  87    85.695 55517.69510775 42.81 211.012589  66.029363   -100 -100.00 -100.00 -100.00
  87    85.640 55517.69510834 40.31 211.019014  66.029624   -100 -100.00 -100.00 -100.00
  88    88.023 55527.61075611 35.57 211.000954  66.029941 18.036 -100.00 -100.00 -100.00
  88    86.830 55527.61075670 40.43 211.007378  66.030202 24.707 -100.00 -100.00 -100.00
  88    86.893 55527.61075729 32.57 211.013803  66.030463   -100 -100.00 -100.00 -100.00
  89    87.146 55537.52640379 31.12 211.003410  66.030422 31.969 -100.00 -100.00 -100.00
  89    86.835 55537.52640438 33.29 211.009835  66.030683   -100 -100.00 -100.00 -100.00
  89    87.053 55537.52640497 29.97 211.016259  66.030944 27.303 -100.00 -100.00 -100.00
  90    87.315 55547.44204883 28.96 211.001622  66.030525 22.693 -100.00 -100.00 -100.00
  90    87.167 55547.44204942 29.92 211.008047  66.030786 27.862 -100.00 -100.00 -100.00
  90    87.346 55547.44205001 27.69 211.014472  66.031047 19.715 -100.00 -100.00 -100.00
  91    87.473 55557.35769230 28.75 211.001967  66.031023 20.506 -100.00 -100.00 -100.00
  91    87.361 55557.35769289 32.16 211.008392  66.031284 30.584 -100.00 -100.00 -100.00
  91    87.353 55557.35769348 30.77 211.014816  66.031545 27.767 -100.00 -100.00 -100.00
  92    87.369 55567.27333487 25.24 211.001930  66.031652 14.321 -100.00 -100.00 -100.00
  92    87.096 55567.27333546 29.17 211.008355  66.031913 29.509 -100.00 -100.00 -100.00
  92    86.992 55567.27333605 29.25 211.014781  66.032173 30.480 -100.00 -100.00 -100.00
  93    87.134 55577.18897670 27.48 211.001995  66.031373 20.030 -100.00 -100.00 -100.00
  93    87.168 55577.18897729 24.13 211.008420  66.031634 12.475 -100.00 -100.00 -100.00
  93    87.047 55577.18897788 26.07 211.014846  66.031894 17.195 -100.00 -100.00 -100.00
  94    86.902 55587.10461651 26.65 211.002451  66.029794 18.792 -100.00 -100.00 -100.00
  94    87.005 55587.10461710 24.67 211.008875  66.030055 14.490 -100.00 -100.00 -100.00
  94    86.968 55587.10461769 24.65 211.015301  66.030315 14.815 -100.00 -100.00 -100.00
  95    86.550 55597.02025363 24.42 211.007736  66.027883 15.610 -100.00 -100.00 -100.00
  95    91.038 55597.02025422 20.89 211.014160  66.028144  8.687 -100.00 -100.00 -100.00
  95    86.826 55597.02025481 22.90 211.020585  66.028405 12.502 -100.00 -100.00 -100.00
  96    86.811 55606.93588704 23.84 211.003908  66.026602 11.892 -100.00 -100.00 -100.00
  96    86.954 55606.93588763 22.25 211.010333  66.026863 10.554 -100.00 -100.00 -100.00
  96    86.388 55606.93588822 23.83 211.016757  66.027124 13.973 -100.00 -100.00 -100.00
  96    86.556 55606.93588881 21.60 211.023182  66.027384 10.283 -100.00 -100.00 -100.00
  97    91.482 55616.85151925 19.57 211.009146  66.027066 10.137 -100.00 -100.00 -100.00
  97    91.216 55616.85151984 18.56 211.015571  66.027327  7.787 -100.00 -100.00 -100.00
  97    90.385 55616.85152043 17.62 211.021995  66.027587  5.745 -100.00 -100.00 -100.00
  98    91.815 55626.76716231 18.48 211.002336  66.028199 10.618 -100.00 -100.00 -100.00
  98    91.687 55626.76716291 15.92 211.008760  66.028460  5.212 -100.00 -100.00 -100.00
  98    90.757 55626.76716350 16.31 211.015185  66.028721  6.953 -100.00 -100.00 -100.00
  98    90.476 55626.76716409 15.14 211.021610  66.028982  4.704 -100.00 -100.00 -100.00
  99    91.924 55636.68281420 15.40 211.004157  66.028858  5.859 -100.00 -100.00 -100.00
  99    91.197 55636.68281479 16.50 211.010582  66.029119  8.187 -100.00 -100.00 -100.00
  99    90.813 55636.68281538 15.06 211.017007  66.029380  6.111 -100.00 -100.00 -100.00
 100    92.043 55646.59846368 15.09 211.002360  66.028250  6.750 -100.00 -100.00 -100.00
 100    91.427 55646.59846427 14.83 211.008784  66.028511  6.461 -100.00 -100.00 -100.00
 100    90.974 55646.59846486 15.04 211.015208  66.028772  5.956 -100.00 -100.00 -100.00
 100    90.383 55646.59846545 14.82 211.021632  66.029032  6.354 -100.00 -100.00 -100.00
 101    91.919 55656.51411058 16.20 211.003086  66.026993  7.551 -100.00 -100.00 -100.00
 101    91.455 55656.51411117 14.94 211.009509  66.027254  6.040 -100.00 -100.00 -100.00
 101    90.819 55656.51411176 14.65 211.015933  66.027515  5.842 -100.00 -100.00 -100.00
 101    90.273 55656.51411236 14.10 211.022357  66.027775  6.242 -100.00 -100.00 -100.00
 102    91.661 55666.42975365 12.45 211.009781  66.026672  4.405 -100.00 -100.00 -100.00
 102    91.080 55666.42975425 12.28 211.016204  66.026933  5.295 -100.00 -100.00 -100.00
 102    90.569 55666.42975484 12.05 211.022627  66.027193  4.283 -100.00 -100.00 -100.00
 103    92.063 55676.34539272  6.22 211.003976  66.027093  4.230 -100.00 -100.00 -100.00
 103    88.376 55676.34539331  8.58 211.010399  66.027354  7.603 -100.00 -100.00 -100.00
 103    85.859 55676.34539390 13.94 211.016823  66.027615 14.644 -100.00 -100.00 -100.00
 103    85.821 55676.34539449 13.68 211.023246  66.027875 14.094 -100.00 -100.00 -100.00
 104    87.640 55686.26103052 27.65 211.003974  66.028637 19.324 -100.00 -100.00 -100.00
 104    87.608 55686.26103111 29.97 211.010398  66.028897 29.309 -100.00 -100.00 -100.00
 104    87.450 55686.26103170 28.91 211.016822  66.029158 28.357 -100.00 -100.00 -100.00
 105    91.610 55696.17666701 45.67 211.002373  66.029804  3.818 -100.00 -100.00 -100.00
 105    92.324 55696.17666761 47.38 211.008797  66.030065 26.342 -100.00 -100.00 -100.00
 105    91.671 55696.17666820 52.53 211.015222  66.030326  1.634 -100.00 -100.00 -100.00
 106    91.354 55706.09230235 47.61 211.002047  66.030037   -100 -100.00 -100.00 -100.00
 106    91.609 55706.09230294 47.64 211.008472  66.030298   -100 -100.00 -100.00 -100.00
 106    91.440 55706.09230353 49.48 211.014897  66.030559   -100 -100.00 -100.00 -100.00
 107    92.726 55716.00795136 32.93 210.999012  66.029628 26.688 -100.00 -100.00 -100.00
 107    92.732 55716.00795195 28.90 211.005436  66.029890 15.094 -100.00 -100.00 -100.00
 107    92.089 55716.00795254 32.94 211.011861  66.030151 28.758 -100.00 -100.00 -100.00
 107    92.211 55716.00795313 38.17 211.018285  66.030411   -100 -100.00 -100.00 -100.00
 108    92.273 55725.92360034 30.41 211.001228  66.029821 31.752 -100.00 -100.00 -100.00
 108    92.071 55725.92360094 28.32 211.007653  66.030082 22.082 -100.00 -100.00 -100.00
 108    93.576 55725.92360153 27.19 211.014078  66.030342 16.026 -100.00 -100.00 -100.00
 109    92.238 55735.83924700 30.70 210.997954  66.030528   -100 -100.00 -100.00 -100.00
 109    92.280 55735.83924759 25.50 211.004379  66.030789 13.474 -100.00 -100.00 -100.00
 109    91.740 55735.83924819 25.58 211.010804  66.031050 13.162 -100.00 -100.00 -100.00
 109    93.391 55735.83924878 26.52 211.017229  66.031311 15.155 -100.00 -100.00 -100.00
 110    91.256 55745.75489257 46.36 210.996516  66.031379   -100 -100.00 -100.00 -100.00
 110    91.527 55745.75489316 48.49 211.002941  66.031640   -100 -100.00 -100.00 -100.00
 110    91.170 55745.75489375 49.50 211.009365  66.031901   -100 -100.00 -100.00 -100.00
 110    90.939 55745.75489434 53.65 211.015791  66.032162 17.303 -100.00 -100.00 -100.00
 111    91.898 55755.67053699 28.87 211.002720  66.031347 25.284 -100.00 -100.00 -100.00
 111    91.639 55755.67053758 25.23 211.009145  66.031608 11.916 -100.00 -100.00 -100.00
 111    90.358 55755.67053817 36.24 211.015570  66.031868   -100 -100.00 -100.00 -100.00
 112    91.149 55765.58617847 49.56 211.003643  66.029450   -100 -100.00 -100.00 -100.00
 112    91.275 55765.58617906 48.30 211.010067  66.029711   -100 -100.00 -100.00 -100.00
 112    90.904 55765.58617965 52.54 211.016492  66.029971  3.999 -100.00 -100.00 -100.00
 113    90.103 55775.50181745 47.68 211.008719  66.027232   -100 -100.00 -100.00 -100.00
 113    89.981 55775.50181804 49.74 211.015142  66.027492  5.988 -100.00 -100.00 -100.00
 113    89.985 55775.50181863 43.60 211.021566  66.027753   -100 -100.00 -100.00 -100.00
 114    89.976 55785.41745265 43.28 211.004948  66.025855 30.292 -100.00 -100.00 -100.00
 114    90.036 55785.41745324 45.60 211.011370  66.026116   -100 -100.00 -100.00 -100.00
 114    89.934 55785.41745383 50.53 211.017793  66.026376   -100 -100.00 -100.00 -100.00
 114    89.467 55785.41745442 50.88 211.024217  66.026637 20.703 -100.00 -100.00 -100.00
 115    89.498 55795.33308655 46.44 211.008827  66.027077   -100 -100.00 -100.00 -100.00
 115    89.621 55795.33308714 48.81 211.015251  66.027338   -100 -100.00 -100.00 -100.00
 115    89.460 55795.33308773 40.30 211.021674  66.027598   -100 -100.00 -100.00 -100.00
 116    90.122 55805.24872542 47.53 211.006193  66.028798 31.410 -100.00 -100.00 -100.00
 116    89.948 55805.24872601 47.61 211.012617  66.029059   -100 -100.00 -100.00 -100.00
 116    89.493 55805.24872660 53.89 211.019041  66.029319   -100 -100.00 -100.00 -100.00
 117    91.274 55815.16437429 26.90 211.001238  66.029439 29.538 -100.00 -100.00 -100.00
 117    88.706 55815.16437488 26.51 211.007663  66.029701 28.444 -100.00 -100.00 -100.00
 117    88.916 55815.16437547 25.40 211.014087  66.029961 23.099 -100.00 -100.00 -100.00
 118    88.752 55825.08002134 29.96 211.004348  66.028381 28.639 -100.00 -100.00 -100.00
 118    88.786 55825.08002193 32.92 211.010772  66.028642   -100 -100.00 -100.00 -100.00
 118    88.989 55825.08002252 36.55 211.017197  66.028903   -100 -100.00 -100.00 -100.00
 119    88.779 55834.99566379 44.40 211.007050  66.026764 31.038 -100.00 -100.00 -100.00
 119    88.522 55834.99566438 46.87 211.013474  66.027025   -100 -100.00 -100.00 -100.00
 119    88.249 55834.99566497 51.79 211.019898  66.027286 14.906 -100.00 -100.00 -100.00
 120    88.394 55844.91130240 42.42 211.007604  66.026012 27.933 -100.00 -100.00 -100.00
 120    88.116 55844.91130299 43.48 211.014028  66.026273   -100 -100.00 -100.00 -100.00
 120    87.705 55844.91130358 48.73 211.020453  66.026534 14.424 -100.00 -100.00 -100.00
 121    88.166 55854.82693784 39.49 211.004285  66.027138 19.091 -100.00 -100.00 -100.00
 121    87.275 55854.82693843 42.43 211.010709  66.027399   -100 -100.00 -100.00 -100.00
 121    87.420 55854.82693902 49.79 211.017134  66.027660   -100 -100.00 -100.00 -100.00
 122    86.767 55864.74257707 40.39 211.001103  66.029193   -100 -100.00 -100.00 -100.00
 122    86.943 55864.74257766 42.47 211.007528  66.029454   -100 -100.00 -100.00 -100.00
 122    86.379 55864.74257825 45.72 211.013953  66.029715 25.990 -100.00 -100.00 -100.00
 122    86.596 55864.74257884 45.82 211.020378  66.029976   -100 -100.00 -100.00 -100.00
 123    85.982 55874.65823011 41.49 210.998807  66.030732 23.588 -100.00 -100.00 -100.00
 123    85.300 55874.65823070 42.63 211.005232  66.030994   -100 -100.00 -100.00 -100.00
 123    84.955 55874.65823129 40.35 211.011658  66.031254   -100 -100.00 -100.00 -100.00
 123    85.348 55874.65823189 36.89 211.018083  66.031515   -100 -100.00 -100.00 -100.00
 124    86.531 55884.57387821 32.31 211.003518  66.030883 27.015 -100.00 -100.00 -100.00
 124    86.268 55884.57387880 33.31 211.009943  66.031144 32.465 -100.00 -100.00 -100.00
 124    86.192 55884.57387939 33.82 211.016368  66.031405   -100 -100.00 -100.00 -100.00
 125    86.691 55894.48951954 28.23 211.000367  66.030074 15.976 -100.00 -100.00 -100.00
 125    86.689 55894.48952013 28.24 211.006791  66.030336 15.084 -100.00 -100.00 -100.00
 125    86.824 55894.48952072 26.94 211.013216  66.030596 13.252 -100.00 -100.00 -100.00
 126    87.081 55904.40515568 29.49 210.999214  66.029494 20.961 -100.00 -100.00 -100.00
 126    86.910 55904.40515627 29.38 211.005639  66.029755 21.709 -100.00 -100.00 -100.00
 126    86.811 55904.40515686 29.14 211.012063  66.030016 21.574 -100.00 -100.00 -100.00
 126    86.864 55904.40515745 25.85 211.018488  66.030277 12.908 -100.00 -100.00 -100.00
 127    91.521 55914.32079578 26.37 210.999770  66.030178 13.252 -100.00 -100.00 -100.00
 127    87.430 55914.32079637 26.86 211.006195  66.030439 13.255 -100.00 -100.00 -100.00
 127    87.320 55914.32079696 26.29 211.012619  66.030700 13.741 -100.00 -100.00 -100.00
 127    87.239 55914.32079755 28.74 211.019044  66.030961 19.971 -100.00 -100.00 -100.00
 128    90.401 55924.23644980 25.22 211.000365  66.031263 12.740 -100.00 -100.00 -100.00
 128    90.214 55924.23645039 26.15 211.006791  66.031524 12.867 -100.00 -100.00 -100.00
 128    86.973 55924.23645098 28.02 211.013216  66.031785 19.611 -100.00 -100.00 -100.00
 129    90.865 55934.15210051 24.66 210.998944  66.031247 11.731 -100.00 -100.00 -100.00
 129    90.411 55934.15210110 23.33 211.005369  66.031508 10.274 -100.00 -100.00 -100.00
 129    86.956 55934.15210169 25.77 211.011795  66.031769 14.249 -100.00 -100.00 -100.00
 130    90.694 55944.06774683 24.57 211.000152  66.029372 13.427 -100.00 -100.00 -100.00
 130    86.943 55944.06774742 24.33 211.006577  66.029633 11.516 -100.00 -100.00 -100.00
 130    86.793 55944.06774801 25.25 211.013002  66.029894 14.216 -100.00 -100.00 -100.00
 130    86.683 55944.06774860 26.43 211.019428  66.030154 17.444 -100.00 -100.00 -100.00
 131    90.907 55953.98338901 18.33 211.003421  66.026897  6.576 -100.00 -100.00 -100.00
 131    90.587 55953.98338960 18.22 211.009846  66.027158  6.930 -100.00 -100.00 -100.00
 131    89.654 55953.98339019 18.72 211.016271  66.027419  6.708 -100.00 -100.00 -100.00
 131    89.033 55953.98339078 18.47 211.022695  66.027679  6.887 -100.00 -100.00 -100.00
 132    87.053 55963.89902817 18.37 211.005541  66.025770  7.371 -100.00 -100.00 -100.00
 132    86.551 55963.89902876 17.82 211.011966  66.026031  6.593 -100.00 -100.00 -100.00
 132    88.459 55963.89902935 17.72 211.018390  66.026291  5.735 -100.00 -100.00 -100.00
 132    88.828 55963.89902994 17.58 211.024815  66.026552  5.812 -100.00 -100.00 -100.00
 133    87.209 55973.81466551 16.85 211.005669  66.026941  5.438 -100.00 -100.00 -100.00
 133    90.565 55973.81466610 16.78 211.012094  66.027202  5.143 -100.00 -100.00 -100.00
 133    89.947 55973.81466669 16.99 211.018518  66.027462  5.389 -100.00 -100.00 -100.00
 134    89.034 55983.73030148 17.02 211.003145  66.029037  5.575 -100.00 -100.00 -100.00
 134    86.939 55983.73030207 17.07 211.009570  66.029298  5.774 -100.00 -100.00 -100.00
 134    89.849 55983.73030266 17.24 211.015994  66.029559  6.198 -100.00 -100.00 -100.00
 135    87.722 55993.64593529 16.16 211.000752  66.029769  4.953 -100.00 -100.00 -100.00
 135    88.707 55993.64593588 17.04 211.007176  66.030030  6.413 -100.00 -100.00 -100.00
 135    86.476 55993.64593647 17.44 211.013601  66.030291  7.015 -100.00 -100.00 -100.00
 136    87.270 56003.56158590 15.74 211.006295  66.028867  5.914 -100.00 -100.00 -100.00
 136    87.065 56003.56158649 15.20 211.012719  66.029128  5.246 -100.00 -100.00 -100.00
 136    88.268 56003.56158708 15.40 211.019143  66.029389  5.055 -100.00 -100.00 -100.00
 137    90.986 56013.47723502 15.06 211.007852  66.026800  4.797 -100.00 -100.00 -100.00
 137    90.068 56013.47723561 15.14 211.014275  66.027061  4.784 -100.00 -100.00 -100.00
 137    86.279 56013.47723620 16.27 211.020698  66.027322  6.842 -100.00 -100.00 -100.00
 138    86.652 56023.39288096 16.95 211.010044  66.026176  7.789 -100.00 -100.00 -100.00
 138    88.949 56023.39288155 15.65 211.016467  66.026437  6.213 -100.00 -100.00 -100.00
 138    89.459 56023.39288214 15.98 211.022891  66.026697  6.570 -100.00 -100.00 -100.00
 139    87.674 56033.30852381 14.44 211.004909  66.027591 10.347 -100.00 -100.00 -100.00
 139    87.383 56033.30852440 14.96 211.011332  66.027852 11.836 -100.00 -100.00 -100.00
 139    90.364 56033.30852499 11.01 211.017756  66.028112  6.224 -100.00 -100.00 -100.00
 140    86.805 56043.22416481 27.46 211.002229  66.030067 23.711 -100.00 -100.00 -100.00
 140    86.342 56043.22416540 32.05 211.008653  66.030328   -100 -100.00 -100.00 -100.00
 140    91.429 56043.22416599 32.11 211.015077  66.030589 31.453 -100.00 -100.00 -100.00
 141    89.412 56053.13980293 36.92 210.996979  66.031447   -100 -100.00 -100.00 -100.00
 141    89.453 56053.13980352 38.45 211.003404  66.031709   -100 -100.00 -100.00 -100.00
 141    89.209 56053.13980411 39.69 211.009829  66.031970   -100 -100.00 -100.00 -100.00
 141    89.442 56053.13980470 41.56 211.016254  66.032230   -100 -100.00 -100.00 -100.00
 142    88.726 56063.05543838 44.61 210.997903  66.031198   -100 -100.00 -100.00 -100.00
 142    89.027 56063.05543897 45.72 211.004328  66.031459 29.315 -100.00 -100.00 -100.00
 142    88.371 56063.05543956 48.89 211.010752  66.031720 11.946 -100.00 -100.00 -100.00
 142    88.543 56063.05544015 46.54 211.017177  66.031981   -100 -100.00 -100.00 -100.00
 143    90.794 56072.97108004 31.50 211.001673  66.030021 11.707 -100.00 -100.00 -100.00
 143    90.842 56072.97108064 30.94 211.008097  66.030282 10.486 -100.00 -100.00 -100.00
 143    90.900 56072.97108123 37.56 211.014522  66.030543 28.463 -100.00 -100.00 -100.00
 144    91.851 56082.88673024 29.56 211.002802  66.029575 19.676 -100.00 -100.00 -100.00
 144    92.069 56082.88673083 30.79 211.009227  66.029836 23.805 -100.00 -100.00 -100.00
 144    92.384 56082.88673143 33.10 211.015652  66.030097 28.336 -100.00 -100.00 -100.00
 145    91.497 56092.80237803 45.85 211.004242  66.030184   -100 -100.00 -100.00 -100.00
 145    91.050 56092.80237862 46.82 211.010667  66.030445   -100 -100.00 -100.00 -100.00
 145    90.905 56092.80237921 51.15 211.017091  66.030706 25.997 -100.00 -100.00 -100.00
 146    90.855 56102.71802323 47.92 211.001840  66.031062   -100 -100.00 -100.00 -100.00
 146    90.494 56102.71802382 47.74 211.008265  66.031323   -100 -100.00 -100.00 -100.00
 146    90.707 56102.71802441 51.01 211.014690  66.031584   -100 -100.00 -100.00 -100.00
 147    91.049 56112.63365385 28.38 210.997977  66.030615  9.871 -100.00 -100.00 -100.00
 147    90.543 56112.63365444 28.69 211.004402  66.030876 11.168 -100.00 -100.00 -100.00
 147    90.474 56112.63365503 29.75 211.010826  66.031137 12.047 -100.00 -100.00 -100.00
 147    90.317 56112.63365562 37.39 211.017251  66.031397   -100 -100.00 -100.00 -100.00
 148    90.895 56122.54929331 42.64 211.004475  66.029238   -100 -100.00 -100.00 -100.00
 148    90.666 56122.54929390 43.82 211.010899  66.029499  2.376 -100.00 -100.00 -100.00
 148    90.852 56122.54929449 44.75 211.017323  66.029760  3.311 -100.00 -100.00 -100.00
 149    89.958 56132.46492826 29.22 211.003955  66.026870 21.257 -100.00 -100.00 -100.00
 149    90.124 56132.46492885 27.35 211.010379  66.027131 16.940 -100.00 -100.00 -100.00
 149    90.363 56132.46492944 28.86 211.016802  66.027391 19.983 -100.00 -100.00 -100.00
 149    90.152 56132.46493003 34.91 211.023225  66.027652   -100 -100.00 -100.00 -100.00
 150    92.181 56142.38056544 27.68 211.007054  66.025953 19.895 -100.00 -100.00 -100.00
 150    89.302 56142.38056603 31.79 211.013477  66.026214   -100 -100.00 -100.00 -100.00
 150    89.369 56142.38056662 34.09 211.019900  66.026474   -100 -100.00 -100.00 -100.00
 151    89.776 56152.29621626 43.83 211.007114  66.027066 20.717 -100.00 -100.00 -100.00
 151    89.668 56152.29621686 45.97 211.013537  66.027326 22.112 -100.00 -100.00 -100.00
 151    89.106 56152.29621745 51.68 211.019960  66.027587   -100 -100.00 -100.00 -100.00
 152    89.064 56162.21186522 45.75 211.004192  66.028968   -100 -100.00 -100.00 -100.00
 152    89.358 56162.21186581 46.66 211.010616  66.029229 29.028 -100.00 -100.00 -100.00
 152    88.752 56162.21186640 52.91 211.017040  66.029490 15.477 -100.00 -100.00 -100.00
 153    88.581 56172.12751201 42.69 210.998795  66.029816   -100 -100.00 -100.00 -100.00
 153    89.076 56172.12751260 43.77 211.005220  66.030077 24.996 -100.00 -100.00 -100.00
 153    88.568 56172.12751319 47.59 211.011644  66.030338   -100 -100.00 -100.00 -100.00
 153    88.400 56172.12751378 52.73 211.018069  66.030599  8.016 -100.00 -100.00 -100.00
 154    88.829 56182.04315503 28.63 211.003832  66.029185 29.650 -100.00 -100.00 -100.00
 154    88.983 56182.04315562 29.82 211.010257  66.029446 30.207 -100.00 -100.00 -100.00
 154    88.746 56182.04315621 27.54 211.016681  66.029707 26.821 -100.00 -100.00 -100.00
 155    91.675 56191.95879423 23.06 211.008621  66.027666 12.428 -100.00 -100.00 -100.00
 155    88.177 56191.95879482 26.67 211.015045  66.027927 25.296 -100.00 -100.00 -100.00
 155    89.383 56191.95879541 22.78 211.021469  66.028187 10.569 -100.00 -100.00 -100.00
 156    88.608 56201.87443005 41.81 211.006041  66.026695   -100 -100.00 -100.00 -100.00
 156    88.820 56201.87443064 44.78 211.012465  66.026956 32.026 -100.00 -100.00 -100.00
 156    88.311 56201.87443123 50.19 211.018889  66.027217 25.167 -100.00 -100.00 -100.00
 157    87.998 56211.79006390 41.83 211.003260  66.027787   -100 -100.00 -100.00 -100.00
 157    87.953 56211.79006449 43.46 211.009685  66.028048   -100 -100.00 -100.00 -100.00
 157    88.142 56211.79006508 48.95 211.016109  66.028309   -100 -100.00 -100.00 -100.00
 157    87.931 56211.79006567 52.93 211.022534  66.028570 13.127 -100.00 -100.00 -100.00
 158    88.271 56221.70569593 40.62 211.001469  66.029937 16.712 -100.00 -100.00 -100.00
 158    87.119 56221.70569652 42.54 211.007894  66.030199   -100 -100.00 -100.00 -100.00
 158    87.142 56221.70569711 50.08 211.014319  66.030460 14.504 -100.00 -100.00 -100.00
 159    85.662 56231.62134959 41.89 211.001673  66.031802   -100 -100.00 -100.00 -100.00
 159    85.356 56231.62135018 44.27 211.008098  66.032064  9.596 -100.00 -100.00 -100.00
 159    85.678 56231.62135077 40.59 211.014524  66.032325   -100 -100.00 -100.00 -100.00
 160    86.295 56241.53700188 34.73 210.997857  66.031673   -100 -100.00 -100.00 -100.00
 160    86.474 56241.53700247 36.77 211.004282  66.031934   -100 -100.00 -100.00 -100.00
 160    86.339 56241.53700306 34.40 211.010707  66.032195   -100 -100.00 -100.00 -100.00
 160    86.083 56241.53700365 37.18 211.017132  66.032456   -100 -100.00 -100.00 -100.00
 161    87.262 56251.45265049 32.62 210.999660  66.030771 28.070 -100.00 -100.00 -100.00
 161    87.002 56251.45265108 33.10 211.006084  66.031033 31.020 -100.00 -100.00 -100.00
 161    87.087 56251.45265167 32.11 211.012509  66.031293 27.757 -100.00 -100.00 -100.00
 162    87.322 56261.36829459 30.14 211.003415  66.029976 21.468 -100.00 -100.00 -100.00
 162    87.024 56261.36829518 31.00 211.009839  66.030237 26.447 -100.00 -100.00 -100.00
 162    87.135 56261.36829577 31.34 211.016264  66.030498 25.760 -100.00 -100.00 -100.00
 163    87.166 56271.28393603 28.93 211.001977  66.029950 19.946 -100.00 -100.00 -100.00
 163    86.895 56271.28393662 29.23 211.008402  66.030211 21.573 -100.00 -100.00 -100.00
 163    87.068 56271.28393721 27.44 211.014826  66.030472 13.511 -100.00 -100.00 -100.00
 164    86.904 56281.19957659 26.20 211.001572  66.030292 15.213 -100.00 -100.00 -100.00
 164    86.950 56281.19957718 26.64 211.007997  66.030553 15.250 -100.00 -100.00 -100.00
 164    86.666 56281.19957777 28.72 211.014422  66.030814 20.954 -100.00 -100.00 -100.00
 165    86.917 56291.11522909 27.87 211.003745  66.030438 18.486 -100.00 -100.00 -100.00
 165    86.858 56291.11522968 28.58 211.010170  66.030699 21.515 -100.00 -100.00 -100.00
 165    86.785 56291.11523027 29.67 211.016595  66.030960 24.007 -100.00 -100.00 -100.00
 166    86.807 56301.03087682 26.32 211.003027  66.029133 13.367 -100.00 -100.00 -100.00
 166    86.481 56301.03087741 29.04 211.009451  66.029394 22.202 -100.00 -100.00 -100.00
 166    86.516 56301.03087800 27.91 211.015877  66.029655 18.894 -100.00 -100.00 -100.00
 167    86.551 56310.94652073 29.87 211.006077  66.027495 26.994 -100.00 -100.00 -100.00
 167    86.668 56310.94652132 29.26 211.012502  66.027755 22.248 -100.00 -100.00 -100.00
 167    86.525 56310.94652191 26.24 211.018927  66.028016 14.188 -100.00 -100.00 -100.00
 168    86.521 56320.86216210 18.56 211.005847  66.026706  8.679 -100.00 -100.00 -100.00
 168    86.542 56320.86216269 18.52 211.012272  66.026966  7.742 -100.00 -100.00 -100.00
 168    86.788 56320.86216329 18.29 211.018696  66.027227  8.142 -100.00 -100.00 -100.00
 169    86.900 56330.77780309 18.05 211.008198  66.027721  5.444 -100.00 -100.00 -100.00
 169    86.493 56330.77780368 18.49 211.014623  66.027982  6.220 -100.00 -100.00 -100.00
 169    86.440 56330.77780427 19.37 211.021047  66.028242  8.136 -100.00 -100.00 -100.00
 170    87.100 56340.69344277 18.72 211.002582  66.028956  7.411 -100.00 -100.00 -100.00
 170    86.623 56340.69344336 18.17 211.009007  66.029217  6.055 -100.00 -100.00 -100.00
 170    86.273 56340.69344395 19.86 211.015431  66.029478  9.300 -100.00 -100.00 -100.00
 171    86.958 56350.60908092 17.37 211.004895  66.029732  6.803 -100.00 -100.00 -100.00
 171    86.558 56350.60908151 17.69 211.011319  66.029993  6.091 -100.00 -100.00 -100.00
 171    86.140 56350.60908210 17.90 211.017744  66.030254  7.103 -100.00 -100.00 -100.00
 172    87.194 56360.52471882 17.20 211.003711  66.028836  6.194 -100.00 -100.00 -100.00
 172    86.432 56360.52471941 17.74 211.010135  66.029097  6.284 -100.00 -100.00 -100.00
 172    86.031 56360.52472000 20.13 211.016560  66.029358 11.384 -100.00 -100.00 -100.00
 173    86.992 56370.44036886 15.73 211.006530  66.027835  6.107 -100.00 -100.00 -100.00
 173    86.496 56370.44036945 16.42 211.012954  66.028096  7.430 -100.00 -100.00 -100.00
 173    86.462 56370.44037004 17.00 211.019377  66.028356  7.897 -100.00 -100.00 -100.00
 175    86.025 56390.27166098 16.86 211.006253  66.029294 10.299 -100.00 -100.00 -100.00
 175    90.137 56390.27166157 14.93 211.012677  66.029555  6.203 -100.00 -100.00 -100.00
 175    86.719 56390.27166216 15.44 211.019101  66.029815  6.464 -100.00 -100.00 -100.00
 176    87.183 56400.18730381 16.77 211.001506  66.030904  8.621 -100.00 -100.00 -100.00
 176    86.687 56400.18730440 17.19 211.007931  66.031165  9.610 -100.00 -100.00 -100.00
 176    86.317 56400.18730499 17.00 211.014356  66.031425  7.968 -100.00 -100.00 -100.00
 177    85.524 56410.10294393 19.25 210.996067  66.031645 15.807 -100.00 -100.00 -100.00
 177    85.835 56410.10294452 18.53 211.002491  66.031907 13.758 -100.00 -100.00 -100.00
 177    85.886 56410.10294511 21.13 211.008917  66.032167 18.959 -100.00 -100.00 -100.00
 177    85.909 56410.10294571 23.43 211.015342  66.032428 26.016 -100.00 -100.00 -100.00
 178    85.300 56420.01858027 20.71 211.001431  66.031506   -100 -100.00 -100.00 -100.00
 178    85.646 56420.01858086 18.43 211.007856  66.031767   -100 -100.00 -100.00 -100.00
 178    85.772 56420.01858145 20.65 211.014282  66.032028   -100 -100.00 -100.00 -100.00
 179    86.755 56429.93421650 33.16 211.002477  66.030667   -100 -100.00 -100.00 -100.00
 179    86.435 56429.93421709 30.88 211.008902  66.030928   -100 -100.00 -100.00 -100.00
 179    86.412 56429.93421768 29.19 211.015327  66.031189   -100 -100.00 -100.00 -100.00
 180    92.502 56439.84986940 49.08 210.998621  66.030249   -100 -100.00 -100.00 -100.00
 180    92.768 56439.84986999 49.93 211.005046  66.030510   -100 -100.00 -100.00 -100.00
 180    92.626 56439.84987058 51.33 211.011471  66.030771   -100 -100.00 -100.00 -100.00
 180    92.414 56439.84987117 54.24 211.017896  66.031031 26.471 -100.00 -100.00 -100.00
 181    95.311 56449.76552046 34.05 211.001563  66.030381 14.700 -100.00 -100.00 -100.00
 181    95.153 56449.76552105 36.25 211.007988  66.030642 19.324 -100.00 -100.00 -100.00
 181    95.100 56449.76552164 34.65 211.014413  66.030903 15.974 -100.00 -100.00 -100.00
 182    93.700 56459.68116920 31.40 211.003391  66.030345 12.108 -100.00 -100.00 -100.00
 182    92.468 56459.68116979 31.64 211.009815  66.030606 12.447 -100.00 -100.00 -100.00
 182    91.991 56459.68117038 35.04 211.016240  66.030866 22.397 -100.00 -100.00 -100.00
 183    90.430 56469.59681412 41.59 211.000058  66.029328   -100 -100.00 -100.00 -100.00
 183    90.383 56469.59681471 42.65 211.006482  66.029589   -100 -100.00 -100.00 -100.00
 183    90.271 56469.59681530 44.89 211.012906  66.029849   -100 -100.00 -100.00 -100.00
 183    90.171 56469.59681589 48.84 211.019330  66.030110 28.886 -100.00 -100.00 -100.00
 184    89.935 56479.51245560 47.16 211.001410  66.028394 12.190 -100.00 -100.00 -100.00
 184    90.283 56479.51245620 47.19 211.007834  66.028655   -100 -100.00 -100.00 -100.00
 184    90.267 56479.51245679 48.09 211.014258  66.028916   -100 -100.00 -100.00 -100.00
 184    89.963 56479.51245738 51.32 211.020682  66.029176 21.705 -100.00 -100.00 -100.00
 185    89.844 56489.42809361 45.82 211.007907  66.027799 15.294 -100.00 -100.00 -100.00
 185    89.890 56489.42809420 44.85 211.014330  66.028060   -100 -100.00 -100.00 -100.00
 185    89.919 56489.42809479 42.39 211.020754  66.028320   -100 -100.00 -100.00 -100.00
 186    89.776 56499.34372850 48.23 211.007319  66.027771   -100 -100.00 -100.00 -100.00
 186    89.440 56499.34372909 49.08 211.013743  66.028032  7.257 -100.00 -100.00 -100.00
 186    89.241 56499.34372968 50.98 211.020167  66.028293   -100 -100.00 -100.00 -100.00
 187    89.477 56509.25936202 45.95 211.005462  66.028141   -100 -100.00 -100.00 -100.00
 187    90.033 56509.25936261 48.20 211.011886  66.028402 27.870 -100.00 -100.00 -100.00
 187    89.332 56509.25936320 52.23 211.018310  66.028663 12.895 -100.00 -100.00 -100.00
 188    88.508 56519.17500311 35.57 211.006671  66.028852   -100 -100.00 -100.00 -100.00
 188    88.505 56519.17500370 37.72 211.013095  66.029113   -100 -100.00 -100.00 -100.00
 188    92.668 56519.17500429 34.05 211.019519  66.029374   -100 -100.00 -100.00 -100.00
 189    88.886 56529.09065671 44.80 211.003918  66.029034   -100 -100.00 -100.00 -100.00
 189    88.856 56529.09065730 45.94 211.010343  66.029295   -100 -100.00 -100.00 -100.00
 189    88.756 56529.09065789 47.49 211.016767  66.029556  9.611 -100.00 -100.00 -100.00
 190    88.631 56539.00630629 45.07 211.002386  66.028773 13.750 -100.00 -100.00 -100.00
 190    88.914 56539.00630688 42.99 211.008810  66.029034   -100 -100.00 -100.00 -100.00
 190    88.938 56539.00630747 46.22 211.015235  66.029295   -100 -100.00 -100.00 -100.00
 191    88.920 56548.92195180 32.74 211.002231  66.028419   -100 -100.00 -100.00 -100.00
 191    88.758 56548.92195239 35.12 211.008655  66.028680   -100 -100.00 -100.00 -100.00
 191    88.896 56548.92195298 33.10 211.015080  66.028941   -100 -100.00 -100.00 -100.00
 191    92.549 56548.92195357 30.26 211.021505  66.029201 24.261 -100.00 -100.00 -100.00
 192    91.241 56558.83759473 30.72 211.000488  66.028851 20.811 -100.00 -100.00 -100.00
 192    89.053 56558.83759532 33.01 211.006912  66.029111 29.731 -100.00 -100.00 -100.00
 192    89.002 56558.83759591 34.87 211.013337  66.029372   -100 -100.00 -100.00 -100.00
 192    92.433 56558.83759650 27.12 211.019763  66.029632 14.795 -100.00 -100.00 -100.00
 193    88.724 56568.75323688 42.94 211.000087  66.029973   -100 -100.00 -100.00 -100.00
 193    89.194 56568.75323747 41.80 211.006512  66.030234 24.309 -100.00 -100.00 -100.00
 193    88.796 56568.75323806 45.04 211.012937  66.030495   -100 -100.00 -100.00 -100.00
 193    88.615 56568.75323865 48.16 211.019363  66.030755   -100 -100.00 -100.00 -100.00
 194    88.340 56578.66887764 43.92 210.998774  66.031271   -100 -100.00 -100.00 -100.00
 194    88.603 56578.66887823 45.98 211.005199  66.031532 26.644 -100.00 -100.00 -100.00
 194    88.066 56578.66887882 51.26 211.011625  66.031792   -100 -100.00 -100.00 -100.00
 195    88.031 56588.58451470 43.76 210.998226  66.031563 27.506 -100.00 -100.00 -100.00
 195    87.776 56588.58451529 47.05 211.004651  66.031824   -100 -100.00 -100.00 -100.00
 195    87.264 56588.58451588 48.62 211.011076  66.032085 16.697 -100.00 -100.00 -100.00
 196    87.571 56598.50015805 40.83 210.998806  66.031079 21.526 -100.00 -100.00 -100.00
 196    86.775 56598.50015864 42.77 211.005231  66.031340   -100 -100.00 -100.00 -100.00
 196    86.832 56598.50015923 46.41 211.011656  66.031601  2.431 -100.00 -100.00 -100.00
 197    86.724 56608.41580959 41.94 211.003571  66.030618 22.185 -100.00 -100.00 -100.00
 197    85.747 56608.41581018 43.20 211.009995  66.030879  8.106 -100.00 -100.00 -100.00
 197    85.643 56608.41581077 40.55 211.016420  66.031140   -100 -100.00 -100.00 -100.00
 198    86.889 56618.33145559 30.70 211.001313  66.030519 22.211 -100.00 -100.00 -100.00
 198    86.592 56618.33145618 31.69 211.007738  66.030780 26.657 -100.00 -100.00 -100.00
 198    86.707 56618.33145677 29.94 211.014163  66.031040 21.018 -100.00 -100.00 -100.00
 199    89.981 56628.24709872 24.28 211.003465  66.030719 10.426 -100.00 -100.00 -100.00
 199    89.693 56628.24709931 26.93 211.009890  66.030980 15.421 -100.00 -100.00 -100.00
 199    89.278 56628.24709990 26.20 211.016316  66.031240 14.524 -100.00 -100.00 -100.00
 200    87.865 56638.16273832 33.20 210.998883  66.030081 25.707 -100.00 -100.00 -100.00
 200    87.620 56638.16273891 32.86 211.005308  66.030342 31.092 -100.00 -100.00 -100.00
 200    87.592 56638.16273950 29.99 211.011733  66.030602 20.226 -100.00 -100.00 -100.00
 200    87.526 56638.16274009 28.81 211.018158  66.030863 17.617 -100.00 -100.00 -100.00
 201    87.774 56648.07838187 22.38 211.002422  66.028884  7.925 -100.00 -100.00 -100.00
 201    89.489 56648.07838246 22.18 211.008847  66.029145  6.194 -100.00 -100.00 -100.00
 201    89.052 56648.07838305 22.40 211.015272  66.029405  7.128 -100.00 -100.00 -100.00
 202    90.425 56657.99403364 20.61 211.003151  66.027639  6.841 -100.00 -100.00 -100.00
 202    90.129 56657.99403423 20.27 211.009575  66.027900  5.858 -100.00 -100.00 -100.00
 202    89.092 56657.99403482 20.14 211.016000  66.028161  6.413 -100.00 -100.00 -100.00
 202    88.651 56657.99403541 20.25 211.022425  66.028421  5.665 -100.00 -100.00 -100.00
 203    88.049 56667.90968159 18.72 211.008027  66.027416  5.106 -100.00 -100.00 -100.00
 203    89.058 56667.90968218 18.69 211.014452  66.027676  4.801 -100.00 -100.00 -100.00
 203    89.093 56667.90968277 18.44 211.020877  66.027936  4.263 -100.00 -100.00 -100.00
 204    90.134 56677.82532648 17.93 211.006942  66.028374  5.193 -100.00 -100.00 -100.00
 204    89.190 56677.82532707 17.34 211.013367  66.028635  4.607 -100.00 -100.00 -100.00
 204    89.277 56677.82532766 17.48 211.019792  66.028895  4.880 -100.00 -100.00 -100.00
 205    90.661 56687.74096964 18.56 211.001114  66.029352  5.177 -100.00 -100.00 -100.00
 205    88.952 56687.74097023 19.25 211.007538  66.029613  6.616 -100.00 -100.00 -100.00
 205    90.056 56687.74097082 18.90 211.013964  66.029873  5.751 -100.00 -100.00 -100.00
 205    89.552 56687.74097141 17.92 211.020389  66.030134  4.450 -100.00 -100.00 -100.00
 206    89.196 56697.65661116 18.91 211.001635  66.029634  5.788 -100.00 -100.00 -100.00
 206    89.177 56697.65661175 19.14 211.008060  66.029895  5.154 -100.00 -100.00 -100.00
 206    89.154 56697.65661234 19.46 211.014485  66.030156  6.016 -100.00 -100.00 -100.00
 207    88.490 56707.57224808 17.38 211.002505  66.028839  4.666 -100.00 -100.00 -100.00
 207    88.142 56707.57224867 17.49 211.008929  66.029100  4.924 -100.00 -100.00 -100.00
 207    88.017 56707.57224926 17.75 211.015353  66.029361  5.386 -100.00 -100.00 -100.00
 208    88.487 56717.48788472 17.30 211.006638  66.028113  4.581 -100.00 -100.00 -100.00
 208    87.666 56717.48788531 17.42 211.013062  66.028374  4.642 -100.00 -100.00 -100.00
 208    88.009 56717.48788590 17.22 211.019486  66.028634  4.960 -100.00 -100.00 -100.00
 209    61.457 56727.40353722 10.34 211.002858  66.028390  2.755 -100.00 -100.00 -100.00
 209    59.797 56727.40353781 10.07 211.009282  66.028651  2.549 -100.00 -100.00 -100.00
 209    58.164 56727.40353840 10.15 211.015706  66.028912  2.955 -100.00 -100.00 -100.00
 210    88.243 56737.31918595 16.77 211.000938  66.029897  5.068 -100.00 -100.00 -100.00
 210    87.969 56737.31918654 17.16 211.007363  66.030158  5.537 -100.00 -100.00 -100.00
 210    87.640 56737.31918713 17.07 211.013787  66.030419  5.698 -100.00 -100.00 -100.00
 211    88.702 56747.23483142 16.14 211.001867  66.031742  4.763 -100.00 -100.00 -100.00
 211    87.865 56747.23483201 16.83 211.008292  66.032002  5.517 -100.00 -100.00 -100.00
 211    87.760 56747.23483260 16.77 211.014716  66.032263  5.931 -100.00 -100.00 -100.00
 212    88.921 56757.15047200 17.20 210.997952  66.032079  7.449 -100.00 -100.00 -100.00
 212    87.855 56757.15047259 16.22 211.004377  66.032340  5.188 -100.00 -100.00 -100.00
 212    88.021 56757.15047318 15.42 211.010802  66.032600  3.972 -100.00 -100.00 -100.00
 213    85.774 56767.06610703 18.32 210.997710  66.031271 27.272 -100.00 -100.00 -100.00
 213    86.074 56767.06610762 20.04 211.004135  66.031533 32.072 -100.00 -100.00 -100.00
 213    86.053 56767.06610821 22.88 211.010560  66.031794   -100 -100.00 -100.00 -100.00
 213    85.985 56767.06610880 22.96 211.016985  66.032054   -100 -100.00 -100.00 -100.00
 214    91.592 56776.98175072 29.10 211.001492  66.030337 18.772 -100.00 -100.00 -100.00
 214    86.201 56776.98175131 34.30 211.007917  66.030598   -100 -100.00 -100.00 -100.00
 214    91.672 56776.98175190 34.01 211.014342  66.030858   -100 -100.00 -100.00 -100.00
 215    91.914 56786.89740715 45.15 211.003101  66.030347 29.331 -100.00 -100.00 -100.00
 215    91.860 56786.89740774 48.23 211.009526  66.030608   -100 -100.00 -100.00 -100.00
 215    91.657 56786.89740833 51.55 211.015951  66.030869   -100 -100.00 -100.00 -100.00
 216    93.742 56796.81305986 29.69 211.003108  66.030977 12.458 -100.00 -100.00 -100.00
 216    91.181 56796.81306045 31.43 211.009533  66.031237 17.584 -100.00 -100.00 -100.00
 216    91.059 56796.81306104 37.97 211.015959  66.031498   -100 -100.00 -100.00 -100.00
 217    89.816 56806.72870724 48.42 210.999067  66.031296  9.161 -100.00 -100.00 -100.00
 217    90.256 56806.72870783 47.29 211.005492  66.031556   -100 -100.00 -100.00 -100.00
 217    90.048 56806.72870842 48.47 211.011917  66.031817   -100 -100.00 -100.00 -100.00
 218    90.984 56816.64434900 46.03 211.002748  66.030592   -100 -100.00 -100.00 -100.00
 218    91.301 56816.64434959 46.19 211.009173  66.030852 24.612 -100.00 -100.00 -100.00
 218    90.586 56816.64435018 51.34 211.015598  66.031112  3.728 -100.00 -100.00 -100.00
 219    89.970 56826.55998679 45.02 211.001346  66.028741   -100 -100.00 -100.00 -100.00
 219    90.527 56826.55998738 46.11 211.007770  66.029002 28.602 -100.00 -100.00 -100.00
 219    90.589 56826.55998797 49.24 211.014194  66.029262 23.354 -100.00 -100.00 -100.00
 219    90.003 56826.55998856 53.18 211.020618  66.029523  2.117 -100.00 -100.00 -100.00
 220    21.899 56836.47562185 19.13 211.007439  66.027311  8.688 -100.00 -100.00 -100.00
 220    20.762 56836.47562244 24.10 211.013862  66.027571  9.315 -100.00 -100.00 -100.00
 220    23.904 56836.47562303 26.90 211.020285  66.027832 29.115 -100.00 -100.00 -100.00
 221    90.146 56846.39125330 30.56 211.007462  66.027266 16.768 -100.00 -100.00 -100.00
 221    90.021 56846.39125389 34.57 211.013885  66.027527 31.612 -100.00 -100.00 -100.00
 221    90.078 56846.39125448 37.99 211.020308  66.027788   -100 -100.00 -100.00 -100.00
 222    90.676 56856.30690212 45.13 211.003376  66.028486 25.802 -100.00 -100.00 -100.00
 222    90.708 56856.30690271 45.10 211.009799  66.028747 24.457 -100.00 -100.00 -100.00
 222    89.945 56856.30690330 51.44 211.016223  66.029008 14.185 -100.00 -100.00 -100.00
 223    89.807 56866.22255556 44.37 211.002936  66.030030 30.616 -100.00 -100.00 -100.00
 223    90.253 56866.22255615 45.09 211.009361  66.030290 21.531 -100.00 -100.00 -100.00
 223    89.590 56866.22255674 52.49 211.015785  66.030551   -100 -100.00 -100.00 -100.00
 224    89.634 56876.13820754 43.84 210.999737  66.030054   -100 -100.00 -100.00 -100.00
 224    90.391 56876.13820813 45.06 211.006162  66.030315 23.371 -100.00 -100.00 -100.00
 224    89.910 56876.13820872 47.13 211.012586  66.030575   -100 -100.00 -100.00 -100.00
 224    89.441 56876.13820931 54.54 211.019011  66.030836   -100 -100.00 -100.00 -100.00
 225    89.527 56886.05385670 44.06 210.999977  66.029326 29.845 -100.00 -100.00 -100.00
 225    89.523 56886.05385729 45.11 211.006402  66.029587 31.740 -100.00 -100.00 -100.00
 225    89.566 56886.05385788 49.16 211.012826  66.029847 31.790 -100.00 -100.00 -100.00
 225    89.110 56886.05385847 53.07 211.019251  66.030107 13.863 -100.00 -100.00 -100.00
 226    89.681 56895.96950326 45.09 211.002640  66.028504   -100 -100.00 -100.00 -100.00
 226    90.433 56895.96950385 45.17 211.009064  66.028765 21.540 -100.00 -100.00 -100.00
 226    90.128 56895.96950445 50.28 211.015489  66.029025 30.286 -100.00 -100.00 -100.00
 227    93.437 56905.88514663 20.19 211.002940  66.028991  7.481 -100.00 -100.00 -100.00
 227    93.200 56905.88514722 20.11 211.009364  66.029252  7.409 -100.00 -100.00 -100.00
 227    90.321 56905.88514781 20.69 211.015789  66.029512  8.624 -100.00 -100.00 -100.00
 228    89.046 56915.80078759 44.90 211.000718  66.030679   -100 -100.00 -100.00 -100.00
 228    89.467 56915.80078818 46.26 211.007143  66.030940 31.373 -100.00 -100.00 -100.00
 228    89.062 56915.80078877 50.27 211.013568  66.031200   -100 -100.00 -100.00 -100.00
 229    90.987 56925.71642639 34.23 210.995280  66.032283   -100 -100.00 -100.00 -100.00
 229    90.464 56925.71642698 32.03 211.001706  66.032544 27.740 -100.00 -100.00 -100.00
 229    88.835 56925.71642758 34.82 211.008131  66.032805   -100 -100.00 -100.00 -100.00
 229    88.956 56925.71642817 35.71 211.014557  66.033065   -100 -100.00 -100.00 -100.00
 230    89.093 56935.63206276 44.30 210.998130  66.032844 27.276 -100.00 -100.00 -100.00
 230    88.883 56935.63206335 45.19 211.004555  66.033105   -100 -100.00 -100.00 -100.00
 230    88.746 56935.63206394 51.39 211.010980  66.033366   -100 -100.00 -100.00 -100.00
 231    87.950 56945.54769358 34.25 210.998696  66.031548 30.694 -100.00 -100.00 -100.00
 231    87.698 56945.54769417 39.16 211.005121  66.031810   -100 -100.00 -100.00 -100.00
 231    87.898 56945.54769476 37.97 211.011545  66.032071   -100 -100.00 -100.00 -100.00
 232    87.860 56955.46334507 41.07 211.000398  66.029935   -100 -100.00 -100.00 -100.00
 232    87.938 56955.46334566 43.14 211.006823  66.030196   -100 -100.00 -100.00 -100.00
 232    87.670 56955.46334625 44.08 211.013247  66.030457   -100 -100.00 -100.00 -100.00
 233    87.311 56965.37899437 40.18 210.999936  66.029246 18.897 -100.00 -100.00 -100.00
 233    86.439 56965.37899496 41.89 211.006360  66.029507   -100 -100.00 -100.00 -100.00
 233    86.302 56965.37899555 41.59 211.012784  66.029767   -100 -100.00 -100.00 -100.00
 233    86.313 56965.37899614 42.88 211.019209  66.030028  5.404 -100.00 -100.00 -100.00
 234    87.004 56975.29463943 40.18 211.001401  66.030183   -100 -100.00 -100.00 -100.00
 234    86.884 56975.29464002 43.06 211.007825  66.030444   -100 -100.00 -100.00 -100.00
 234    86.600 56975.29464061 40.06 211.014250  66.030705   -100 -100.00 -100.00 -100.00
 235    87.574 56985.21027950 37.38 210.997103  66.031080 21.695 -100.00 -100.00 -100.00
 235    87.248 56985.21028009 40.11 211.003528  66.031341 32.103 -100.00 -100.00 -100.00
 235    86.735 56985.21028069 40.92 211.009953  66.031601  5.739 -100.00 -100.00 -100.00
 235    86.841 56985.21028128 36.46 211.016378  66.031862   -100 -100.00 -100.00 -100.00
 236    87.770 56995.12591475 35.24 210.998643  66.030595   -100 -100.00 -100.00 -100.00
 236    87.885 56995.12591534 34.64 211.005068  66.030857 32.764 -100.00 -100.00 -100.00
 236    87.701 56995.12591593 36.67 211.011493  66.031117   -100 -100.00 -100.00 -100.00
 236    87.532 56995.12591653 34.91 211.017918  66.031378   -100 -100.00 -100.00 -100.00
 237    87.288 57005.04155638 27.28 211.004603  66.028656 19.886 -100.00 -100.00 -100.00
 237    87.248 57005.04155697 28.42 211.011028  66.028917 23.340 -100.00 -100.00 -100.00
 237    87.449 57005.04155756 22.43 211.017453  66.029178  8.874 -100.00 -100.00 -100.00
 238    87.513 57014.95721182 22.09 211.005883  66.026763  9.158 -100.00 -100.00 -100.00
 238    87.559 57014.95721241 23.32 211.012308  66.027024 11.449 -100.00 -100.00 -100.00
 238    87.636 57014.95721300 23.07 211.018732  66.027284 11.728 -100.00 -100.00 -100.00
 239    87.305 57024.87286285 22.94 211.008102  66.026831 10.260 -100.00 -100.00 -100.00
 239    87.288 57024.87286344 24.58 211.014527  66.027092 13.614 -100.00 -100.00 -100.00
 239    87.436 57024.87286403 23.96 211.020952  66.027352 12.456 -100.00 -100.00 -100.00
 240    87.069 57034.78851102 23.62 211.003552  66.028779 15.149 -100.00 -100.00 -100.00
 240    87.038 57034.78851161 25.05 211.009977  66.029040 18.446 -100.00 -100.00 -100.00
 240    87.005 57034.78851220 22.82 211.016402  66.029300 12.925 -100.00 -100.00 -100.00
 241    87.090 57044.70415694 24.52 211.001887  66.030659 16.548 -100.00 -100.00 -100.00
 241    86.745 57044.70415753 26.59 211.008313  66.030920 22.882 -100.00 -100.00 -100.00
 241    86.543 57044.70415812 25.50 211.014738  66.031181 17.183 -100.00 -100.00 -100.00
 242    86.624 57054.61980022 22.85 211.003660  66.030937 11.142 -100.00 -100.00 -100.00
 242    86.557 57054.61980081 24.35 211.010085  66.031198 15.672 -100.00 -100.00 -100.00
 242    86.188 57054.61980140 27.27 211.016510  66.031458 26.336 -100.00 -100.00 -100.00
 243    87.111 57064.53543822 22.94 211.000809  66.029220 11.822 -100.00 -100.00 -100.00
 243    87.007 57064.53543881 22.87 211.007233  66.029481 11.793 -100.00 -100.00 -100.00
 243    86.328 57064.53543940 24.01 211.013658  66.029742 13.296 -100.00 -100.00 -100.00
 243    86.266 57064.53543999 22.56 211.020082  66.030002 12.010 -100.00 -100.00 -100.00
 244    86.295 57074.45107228 22.43 211.007294  66.028308 13.061 -100.00 -100.00 -100.00
 244    86.706 57074.45107287 21.87 211.013717  66.028569 11.981 -100.00 -100.00 -100.00
 244    86.759 57074.45107346 22.04 211.020141  66.028830 12.615 -100.00 -100.00 -100.00
 245    87.009 57084.36670191 24.27 211.001936  66.028520 14.263 -100.00 -100.00 -100.00
 245    86.012 57084.36670250 23.28 211.008360  66.028781 12.229 -100.00 -100.00 -100.00
 245    87.146 57084.36670309 21.46 211.014784  66.029042  8.341 -100.00 -100.00 -100.00
 245    87.373 57084.36670368 22.90 211.021208  66.029303 10.351 -100.00 -100.00 -100.00
 246    87.071 57094.28235439 23.66 211.002093  66.030885 12.100 -100.00 -100.00 -100.00
 246    85.779 57094.28235498 27.02 211.008518  66.031146 20.934 -100.00 -100.00 -100.00
 246    85.662 57094.28235557 27.22 211.014942  66.031407 21.614 -100.00 -100.00 -100.00
 247    87.045 57104.19801053 25.61 210.995629  66.032721 16.491 -100.00 -100.00 -100.00
 247    85.905 57104.19801112 26.20 211.002054  66.032982 19.294 -100.00 -100.00 -100.00
 247    85.974 57104.19801171 24.70 211.008479  66.033243 15.732 -100.00 -100.00 -100.00
 247    85.866 57104.19801230 25.24 211.014905  66.033504 16.984 -100.00 -100.00 -100.00
 248    85.719 57114.11366296 26.15 210.994181  66.032983 19.434 -100.00 -100.00 -100.00
 248    85.869 57114.11366355 25.08 211.000606  66.033245 16.983 -100.00 -100.00 -100.00
 248    85.811 57114.11366414 26.96 211.007032  66.033505 23.915 -100.00 -100.00 -100.00
 248    85.848 57114.11366473 25.83 211.013457  66.033766 19.464 -100.00 -100.00 -100.00
 249    87.139 57124.02930956 23.59 210.996857  66.031457 16.222 -100.00 -100.00 -100.00
 249    85.717 57124.02931015 25.86 211.003282  66.031718 22.827 -100.00 -100.00 -100.00
 249    85.918 57124.02931075 25.13 211.009707  66.031979 19.535 -100.00 -100.00 -100.00
 249    85.873 57124.02931134 22.72 211.016133  66.032239 14.128 -100.00 -100.00 -100.00
 250    85.765 57133.94495118 17.88 211.003267  66.029855 29.028 -100.00 -100.00 -100.00
 250    86.040 57133.94495177 17.73 211.009692  66.030116 25.957 -100.00 -100.00 -100.00
 250    86.788 57133.94495236 20.09 211.016117  66.030376 17.454 -100.00 -100.00 -100.00
 251    87.006 57143.86058771 34.34 211.003405  66.029072   -100 -100.00 -100.00 -100.00
 251    86.960 57143.86058830 34.30 211.009830  66.029333   -100 -100.00 -100.00 -100.00
 251    86.978 57143.86058889 36.50 211.016255  66.029594   -100 -100.00 -100.00 -100.00
 252    89.001 57153.77622169 42.30 211.004683  66.029837 21.978 -100.00 -100.00 -100.00
 252    88.256 57153.77622228 48.68 211.011107  66.030098 25.373 -100.00 -100.00 -100.00
 252    88.385 57153.77622287 50.00 211.017532  66.030359  3.971 -100.00 -100.00 -100.00
 253    92.685 57163.69185721 34.01 211.003403  66.030596 17.694 -100.00 -100.00 -100.00
 253    92.535 57163.69185780 34.26 211.009827  66.030857 18.005 -100.00 -100.00 -100.00
 253    92.731 57163.69185839 36.67 211.016252  66.031118 28.961 -100.00 -100.00 -100.00
 254    91.921 57173.60751397 49.53 211.002018  66.030572  9.476 -100.00 -100.00 -100.00
 254    92.171 57173.60751456 48.28 211.008443  66.030833   -100 -100.00 -100.00 -100.00
 254    92.040 57173.60751515 50.80 211.014867  66.031094   -100 -100.00 -100.00 -100.00
 255    90.063 57183.52316748 40.16 211.001000  66.028949   -100 -100.00 -100.00 -100.00
 255    90.120 57183.52316807 33.40 211.007423  66.029210 23.076 -100.00 -100.00 -100.00
 255    90.009 57183.52316866 39.14 211.013847  66.029471   -100 -100.00 -100.00 -100.00
 255    89.950 57183.52316925 39.54 211.020271  66.029731   -100 -100.00 -100.00 -100.00
 256    89.212 57193.43881746 47.53 211.004059  66.027242   -100 -100.00 -100.00 -100.00
 256    89.284 57193.43881805 47.48 211.010482  66.027502   -100 -100.00 -100.00 -100.00
 256    88.930 57193.43881864 52.66 211.016905  66.027763 24.352 -100.00 -100.00 -100.00
 257    88.749 57203.35446495 47.17 211.005474  66.027022   -100 -100.00 -100.00 -100.00
 257    88.558 57203.35446554 49.51 211.011898  66.027282 11.721 -100.00 -100.00 -100.00
 257    88.705 57203.35446613 51.58 211.018321  66.027543   -100 -100.00 -100.00 -100.00
 258    89.734 57213.27009907 46.17 211.006282  66.028661   -100 -100.00 -100.00 -100.00
 258    89.998 57213.27009966 47.43 211.012706  66.028922 24.852 -100.00 -100.00 -100.00
 258    89.357 57213.27010025 53.66 211.019130  66.029182 20.393 -100.00 -100.00 -100.00
 259    91.789 57223.18574260 25.21 211.002659  66.030495 14.222 -100.00 -100.00 -100.00
 259    91.607 57223.18574319 24.38 211.009083  66.030755 13.714 -100.00 -100.00 -100.00
 259    89.696 57223.18574378 25.95 211.015508  66.031016 14.605 -100.00 -100.00 -100.00
 260    89.005 57233.10138427 39.76 210.997022  66.030890   -100 -100.00 -100.00 -100.00
 260    88.903 57233.10138486 43.39 211.003447  66.031151  5.042 -100.00 -100.00 -100.00
 260    88.958 57233.10138545 42.23 211.009871  66.031412   -100 -100.00 -100.00 -100.00
 260    88.793 57233.10138604 43.72 211.016296  66.031673  9.907 -100.00 -100.00 -100.00
 261    89.325 57243.01702396 43.43 211.001676  66.030196  3.999 -100.00 -100.00 -100.00
 261    89.838 57243.01702455 42.28 211.008100  66.030457 31.898 -100.00 -100.00 -100.00
 261    89.465 57243.01702514 45.46 211.014525  66.030718   -100 -100.00 -100.00 -100.00
 262    91.333 57252.93266089 24.37 211.003913  66.028999 13.521 -100.00 -100.00 -100.00
 262    89.049 57252.93266148 25.90 211.010338  66.029260 14.276 -100.00 -100.00 -100.00
 262    89.309 57252.93266207 24.12 211.016763  66.029521 10.371 -100.00 -100.00 -100.00
 263    91.388 57262.84829596 24.86 211.002933  66.029132 14.629 -100.00 -100.00 -100.00
 263    91.040 57262.84829655 24.56 211.009358  66.029393 14.431 -100.00 -100.00 -100.00
 263    89.837 57262.84829714 29.91 211.015783  66.029653 32.022 -100.00 -100.00 -100.00
 264    90.851 57272.76393203 46.35 211.000384  66.030751   -100 -100.00 -100.00 -100.00
 264    91.537 57272.76393262 46.57 211.006809  66.031012 22.532 -100.00 -100.00 -100.00
 264    90.733 57272.76393321 50.57 211.013234  66.031273  3.104 -100.00 -100.00 -100.00
 265    93.501 57282.67958910 29.10 210.996263  66.032585 17.897 -100.00 -100.00 -100.00
 265    91.060 57282.67958969 29.75 211.002688  66.032846 21.920 -100.00 -100.00 -100.00
 265    89.679 57282.67959028 37.58 211.009113  66.033107   -100 -100.00 -100.00 -100.00
 265    89.701 57282.67959087 36.71 211.015539  66.033368   -100 -100.00 -100.00 -100.00
 266    90.913 57292.59524382 46.50 210.995220  66.032883   -100 -100.00 -100.00 -100.00
 266    89.998 57292.59524441 46.24 211.001646  66.033145   -100 -100.00 -100.00 -100.00
 266    89.597 57292.59524500 49.78 211.008071  66.033406 29.816 -100.00 -100.00 -100.00
 266    89.719 57292.59524559 52.70 211.014496  66.033666 14.732 -100.00 -100.00 -100.00
 267    88.966 57302.51089554 41.53 210.998459  66.031539  6.345 -100.00 -100.00 -100.00
 267    89.254 57302.51089613 45.51 211.004883  66.031800   -100 -100.00 -100.00 -100.00
 267    88.935 57302.51089672 44.57 211.011308  66.032061 15.477 -100.00 -100.00 -100.00
 268    88.883 57312.42654343 42.29 211.001577  66.029673 26.381 -100.00 -100.00 -100.00
 268    88.299 57312.42654402 45.19 211.008001  66.029934   -100 -100.00 -100.00 -100.00
 268    88.189 57312.42654461 49.74 211.014425  66.030194 28.361 -100.00 -100.00 -100.00
 269    88.918 57322.34218785 41.27 211.002072  66.028849 17.267 -100.00 -100.00 -100.00
 269    88.070 57322.34218844 43.37 211.008496  66.029110 32.258 -100.00 -100.00 -100.00
 269    87.712 57322.34218903 50.71 211.014921  66.029370 15.395 -100.00 -100.00 -100.00
 270    88.032 57332.25783031 42.55 211.004127  66.029578 27.267 -100.00 -100.00 -100.00
 270    87.427 57332.25783090 43.86 211.010551  66.029838  2.084 -100.00 -100.00 -100.00
 270    87.655 57332.25783149 50.73 211.016976  66.030098   -100 -100.00 -100.00 -100.00
 271    86.709 57342.17347003 39.33 210.998179  66.030453 23.834 -100.00 -100.00 -100.00
 271    85.919 57342.17347062 41.46 211.004604  66.030714   -100 -100.00 -100.00 -100.00
 271    85.819 57342.17347121 40.48 211.011029  66.030974   -100 -100.00 -100.00 -100.00
 271    85.835 57342.17347180 37.84 211.017454  66.031235   -100 -100.00 -100.00 -100.00
 272    87.190 57352.08912219 33.54 211.001091  66.030536   -100 -100.00 -100.00 -100.00
 272    87.243 57352.08912278 33.49 211.007516  66.030797   -100 -100.00 -100.00 -100.00
 272    87.319 57352.08912337 34.81 211.013942  66.031058   -100 -100.00 -100.00 -100.00
 273    87.704 57362.00476699 29.32 211.005485  66.029275 26.494 -100.00 -100.00 -100.00
 273    87.706 57362.00476758 28.03 211.011910  66.029535 22.527 -100.00 -100.00 -100.00
 273    87.669 57362.00476817 28.60 211.018335  66.029796 22.226 -100.00 -100.00 -100.00
 274    88.473 57371.92040835 25.72 211.007776  66.027543 16.680 -100.00 -100.00 -100.00
 274    88.345 57371.92040894 25.14 211.014201  66.027804 15.332 -100.00 -100.00 -100.00
 274    88.625 57371.92040953 23.63 211.020626  66.028064 12.148 -100.00 -100.00 -100.00
 275    88.334 57381.83604755 24.08 211.007328  66.027315 11.959 -100.00 -100.00 -100.00
 275    88.301 57381.83604814 24.56 211.013752  66.027576 12.342 -100.00 -100.00 -100.00
 275    88.168 57381.83604873 24.11 211.020177  66.027836 11.107 -100.00 -100.00 -100.00
 276    87.923 57391.75168581 24.33 211.003173  66.028478 14.046 -100.00 -100.00 -100.00
 276    88.424 57391.75168640 24.07 211.009597  66.028739 12.069 -100.00 -100.00 -100.00
 276    88.335 57391.75168699 25.32 211.016022  66.029000 16.620 -100.00 -100.00 -100.00
 277    87.902 57401.66732315 25.65 210.999332  66.029930 17.080 -100.00 -100.00 -100.00
 277    88.216 57401.66732374 23.85 211.005757  66.030191 11.208 -100.00 -100.00 -100.00
 277    88.539 57401.66732433 22.60 211.012182  66.030452 10.139 -100.00 -100.00 -100.00
 277    87.825 57401.66732492 28.43 211.018607  66.030713 25.353 -100.00 -100.00 -100.00
 278    87.916 57411.58296519 20.11 211.000866  66.030538  7.329 -100.00 -100.00 -100.00
 278    87.936 57411.58296578 20.78 211.007291  66.030800  8.183 -100.00 -100.00 -100.00
 278    88.410 57411.58296637 22.45 211.013716  66.031061 11.703 -100.00 -100.00 -100.00
 279    88.264 57421.49861731 20.76 211.002999  66.030145  9.224 -100.00 -100.00 -100.00
 279    88.518 57421.49861790 20.80 211.009424  66.030406  9.399 -100.00 -100.00 -100.00
 279    88.474 57421.49861849 21.71 211.015848  66.030667 11.655 -100.00 -100.00 -100.00
 280    87.464 57431.41426668 21.87 211.004077  66.029838 12.129 -100.00 -100.00 -100.00
 280    89.901 57431.41426728 18.99 211.010502  66.030099  6.764 -100.00 -100.00 -100.00
 280    87.584 57431.41426787 21.02 211.016926  66.030360 10.555 -100.00 -100.00 -100.00
 281    87.784 57441.32991378 21.05 211.000822  66.030283 10.870 -100.00 -100.00 -100.00
 281    88.412 57441.32991437 20.80 211.007247  66.030544  9.976 -100.00 -100.00 -100.00
 281    88.538 57441.32991496 20.60 211.013672  66.030804  9.806 -100.00 -100.00 -100.00
 282    88.349 57451.24556019 19.60 210.998893  66.031524  7.519 -100.00 -100.00 -100.00
 282    87.460 57451.24556078 21.07 211.005318  66.031785 10.875 -100.00 -100.00 -100.00
 282    87.407 57451.24556137 22.32 211.011743  66.032046 12.934 -100.00 -100.00 -100.00
 283    87.289 57461.16120518 21.63 210.998445  66.032405 12.124 -100.00 -100.00 -100.00
 283    87.247 57461.16120577 20.17 211.004871  66.032666  9.835 -100.00 -100.00 -100.00
 283    88.402 57461.16120636 19.13 211.011296  66.032926  8.677 -100.00 -100.00 -100.00
 284    88.259 57471.07684664 19.07 210.996822  66.032012  9.436 -100.00 -100.00 -100.00
 284    88.217 57471.07684723 19.29 211.003247  66.032273  9.210 -100.00 -100.00 -100.00
 284    87.077 57471.07684782 21.34 211.009673  66.032534 13.420 -100.00 -100.00 -100.00
 284    87.137 57471.07684841 19.69 211.016098  66.032795 10.281 -100.00 -100.00 -100.00
 285    86.736 57480.99248443 20.41 210.999112  66.030733 13.035 -100.00 -100.00 -100.00
 285    87.054 57480.99248502 18.30 211.005537  66.030994  9.512 -100.00 -100.00 -100.00
 285    87.042 57480.99248561 18.27 211.011963  66.031255  9.465 -100.00 -100.00 -100.00
 285    86.687 57480.99248620 21.25 211.018388  66.031516 14.945 -100.00 -100.00 -100.00
 286    86.801 57490.90811927 22.01 211.002484  66.029386 15.010 -100.00 -100.00 -100.00
 286    86.734 57490.90811986 24.25 211.008909  66.029647 24.073 -100.00 -100.00 -100.00
 286    86.920 57490.90812045 19.09 211.015334  66.029908 10.932 -100.00 -100.00 -100.00
 287    87.519 57500.82375213 17.38 211.006246  66.028887 18.133 -100.00 -100.00 -100.00
 287    87.411 57500.82375272 21.33 211.012671  66.029148   -100 -100.00 -100.00 -100.00
 287    87.472 57500.82375331 22.44 211.019095  66.029409   -100 -100.00 -100.00 -100.00
 288    89.723 57510.73939873 42.73 211.002569  66.029066 14.866 -100.00 -100.00 -100.00
 288    89.782 57510.73939932 43.63 211.008993  66.029327 12.475 -100.00 -100.00 -100.00
 288    89.702 57510.73939992 44.70 211.015418  66.029588 14.066 -100.00 -100.00 -100.00
 289    91.155 57520.65505407 45.94 210.999894  66.029457   -100 -100.00 -100.00 -100.00
 289    91.628 57520.65505466 46.86 211.006319  66.029718 28.439 -100.00 -100.00 -100.00
 289    91.605 57520.65505525 47.53 211.012743  66.029979 30.996 -100.00 -100.00 -100.00
 289    90.981 57520.65505584 52.69 211.019168  66.030240 30.362 -100.00 -100.00 -100.00
 290    93.838 57530.57070706 29.26 210.999845  66.029419 12.150 -100.00 -100.00 -100.00
 290    91.139 57530.57070765 29.51 211.006269  66.029680 15.233 -100.00 -100.00 -100.00
 290    91.724 57530.57070824 31.17 211.012693  66.029941 20.237 -100.00 -100.00 -100.00
 290    91.132 57530.57070883 37.34 211.019117  66.030202   -100 -100.00 -100.00 -100.00
 291    91.658 57540.48635708 47.34 211.003429  66.028747   -100 -100.00 -100.00 -100.00
 291    92.037 57540.48635767 47.66 211.009853  66.029008 22.812 -100.00 -100.00 -100.00
 291    91.286 57540.48635826 51.86 211.016277  66.029268 17.194 -100.00 -100.00 -100.00
 292    89.991 57550.40200413 46.52 211.005177  66.027947   -100 -100.00 -100.00 -100.00
 292    90.157 57550.40200472 47.54 211.011600  66.028207   -100 -100.00 -100.00 -100.00
 292    89.868 57550.40200531 51.58 211.018024  66.028468   -100 -100.00 -100.00 -100.00
 293    89.710 57560.31764966 27.34 211.005080  66.027922 19.840 -100.00 -100.00 -100.00
 293    89.900 57560.31765025 28.44 211.011504  66.028183 21.689 -100.00 -100.00 -100.00
 293    89.728 57560.31765084 36.80 211.017928  66.028443   -100 -100.00 -100.00 -100.00
 294    89.696 57570.23329440 45.67 211.001824  66.028822   -100 -100.00 -100.00 -100.00
 294    89.827 57570.23329499 46.72 211.008248  66.029083   -100 -100.00 -100.00 -100.00
 294    89.755 57570.23329559 48.46 211.014672  66.029343   -100 -100.00 -100.00 -100.00
 294    89.355 57570.23329618 51.30 211.021096  66.029604   -100 -100.00 -100.00 -100.00
 295    90.896 57580.14893905 26.65 211.000061  66.029908 11.636 -100.00 -100.00 -100.00
 295    90.435 57580.14893964 24.70 211.006485  66.030169  7.670 -100.00 -100.00 -100.00
 295    90.005 57580.14894023 26.08 211.012910  66.030430  9.564 -100.00 -100.00 -100.00
 295    89.769 57580.14894082 30.89 211.019334  66.030690 22.393 -100.00 -100.00 -100.00
 296    91.102 57590.06458199 28.04 210.998078  66.030383 18.010 -100.00 -100.00 -100.00
 296    90.572 57590.06458258 24.10 211.004503  66.030644  9.783 -100.00 -100.00 -100.00
 296    90.058 57590.06458317 25.48 211.010928  66.030905 12.862 -100.00 -100.00 -100.00
 296    89.859 57590.06458376 27.08 211.017353  66.031165 16.269 -100.00 -100.00 -100.00
 297    90.045 57599.98022241 44.10 210.998773  66.030279   -100 -100.00 -100.00 -100.00
 297    90.450 57599.98022300 45.55 211.005197  66.030540 27.952 -100.00 -100.00 -100.00
 297    90.196 57599.98022359 47.45 211.011622  66.030801   -100 -100.00 -100.00 -100.00
 297    89.767 57599.98022418 52.02 211.018047  66.031061   -100 -100.00 -100.00 -100.00
