-166164.292    -0.548     0.00    0.00
-165876.969    -0.548     0.00    0.00
-165589.662    -0.548     0.00    0.00
-165302.370    -0.548     0.00    0.00
-165015.093    -0.548     0.00    0.00
-164727.830    -0.548     0.00    0.00
-164440.582    -0.548     0.00    0.00
-164153.350    -0.548     0.00    0.00
-163866.132    -0.548     0.00    0.00
-163578.929    -0.548     0.00    0.00
-163291.741    -0.548     0.00    0.00
-163004.567    -0.548     0.00    0.00
-162717.409    -0.548     0.00    0.00
-162430.265    -0.548     0.00    0.00
-162143.137    -0.548     0.00    0.00
-161856.023    -0.548     0.00    0.00
-161568.924    -0.548     0.00    0.00
-161281.840    -0.548     0.00    0.00
-160994.770    -0.548     0.00    0.00
-160707.716    -0.548     0.00    0.00
-160420.676    -0.548     0.00    0.00
-160133.651    -0.548     0.00    0.00
-159846.641    -0.548     0.00    0.00
-159559.646    -0.548     0.00    0.00
-159272.666    -0.548     0.00    0.00
-158985.701    -0.548     0.00    0.00
-158698.750    -0.548     0.00    0.00
-158411.814    -0.548     0.00    0.00
-158124.893    -0.548     0.00    0.00
-157837.987    -0.548     0.00    0.00
-157551.096    -0.548     0.00    0.00
-157264.219    -0.548     0.00    0.00
-156977.357    -0.548     0.00    0.00
-156690.511    -0.548     0.00    0.00
-156403.678    -0.548     0.00    0.00
-156116.861    -0.548     0.00    0.00
-155830.059    -0.548     0.00    0.00
-155543.271    -0.548     0.00    0.00
-155256.498    -0.548     0.00    0.00
-154969.740    -0.548     0.00    0.00
-154682.996    -0.548     0.00    0.00
-154396.268    -0.548     0.00    0.00
-154109.554    -0.548     0.00    0.00
-153822.855    -0.548     0.00    0.00
-153536.171    -0.548     0.00    0.00
-153249.501    -0.548     0.00    0.00
-152962.846    -0.548     0.00    0.00
-152676.206    -0.548     0.00    0.00
-152389.581    -0.548     0.00    0.00
-152102.971    -0.548     0.00    0.00
-151816.375    -0.548     0.00    0.00
-151529.794    -0.548     0.00    0.00
-151243.228    -0.548     0.00    0.00
-150956.677    -0.548     0.00    0.00
-150670.140    -0.548     0.00    0.00
-150383.618    -0.548     0.00    0.00
-150097.111    -0.548     0.00    0.00
-149810.618    -0.548     0.00    0.00
-149524.141    -0.548     0.00    0.00
-149237.678    -0.548     0.00    0.00
-148951.229    -0.548     0.00    0.00
-148664.796    -0.548     0.00    0.00
-148378.377    -0.548     0.00    0.00
-148091.973    -0.548     0.00    0.00
-147805.583    -0.548     0.00    0.00
-147519.209    -0.548     0.00    0.00
-147232.849    -0.548     0.00    0.00
-146946.504    -0.548     0.00    0.00
-146660.173    -0.548     0.00    0.00
-146373.857    -0.548     0.00    0.00
-146087.556    -0.548     0.00    0.00
-145801.270    -0.548     0.00    0.00
-145514.998    -0.548     0.00    0.00
-145228.741    -0.548     0.00    0.00
-144942.499    -0.548     0.00    0.00
-144656.271    -0.548     0.00    0.00
-144370.058    -0.548     0.00    0.00
-144083.860    -0.548     0.00    0.00
-143797.676    -0.548     0.00    0.00
-143511.507    -0.548     0.00    0.00
-143225.353    -0.548     0.00    0.00
-142939.213    -0.548     0.00    0.00
-142653.088    -0.548     0.00    0.00
-142366.978    -0.548     0.00    0.00
-142080.882    -0.548     0.00    0.00
-141794.801    -0.548     0.00    0.00
-141508.735    -0.548     0.00    0.00
-141222.684    -0.548     0.00    0.00
-140936.647    -0.548     0.00    0.00
-140650.624    -0.548     0.00    0.00
-140364.617    -0.548     0.00    0.00
-140078.623    -0.548     0.00    0.00
-139792.645    -0.548     0.00    0.00
-139506.681    -0.548     0.00    0.00
-139220.732    -0.548     0.00    0.00
-138934.798    -0.548     0.00    0.00
-138648.878    -0.548     0.00    0.00
-138362.973    -0.548     0.00    0.00
-138077.082    -0.548     0.00    0.00
-137791.206    -0.548     0.00    0.00
-137505.345    -0.548     0.00    0.00
-137219.498    -0.548     0.00    0.00
-136933.666    -0.548     0.00    0.00
-136647.848    -0.548     0.00    0.00
-136362.045    -0.548     0.00    0.00
-136076.257    -0.548     0.00    0.00
-135790.483    -0.548     0.00    0.00
-135504.724    -0.548     0.00    0.00
-135218.979    -0.548     0.00    0.00
-134933.249    -0.548     0.00    0.00
-134647.534    -0.548     0.00    0.00
-134361.833    -0.548     0.00    0.00
-134076.147    -0.548     0.00    0.00
-133790.476    -0.548     0.00    0.00
-133504.819    -0.548     0.00    0.00
-133219.176    -0.548     0.00    0.00
-132933.548    -0.548     0.00    0.00
-132647.935    -0.548     0.00    0.00
-132362.336    -0.548     0.00    0.00
-132076.752    -0.548     0.00    0.00
-131791.182    -0.548     0.00    0.00
-131505.627    -0.548     0.00    0.00
-131220.087    -0.548     0.00    0.00
-130934.561    -0.548     0.00    0.00
-130649.050    -0.548     0.00    0.00
-130363.553    -0.548     0.00    0.00
-130078.071    -0.548     0.00    0.00
-129792.603    -0.548     0.00    0.00
-129507.150    -0.548     0.00    0.00
-129221.711    -0.548     0.00    0.00
-128936.287    -0.548     0.00    0.00
-128650.877    -0.548     0.00    0.00
-128365.482    -0.548     0.00    0.00
-128080.102    -0.548     0.00    0.00
-127794.736    -0.548     0.00    0.00
-127509.384    -0.548     0.00    0.00
-127224.047    -0.548     0.00    0.00
-126938.725    -0.548     0.00    0.00
-126653.417    -0.548     0.00    0.00
-126368.123    -0.548     0.00    0.00
-126082.845    -0.548     0.00    0.00
-125797.580    -0.548     0.00    0.00
-125512.330    -0.548     0.00    0.00
-125227.095    -0.548     0.00    0.00
-124941.874    -0.548     0.00    0.00
-124656.667    -0.548     0.00    0.00
-124371.476    -0.548     0.00    0.00
-124086.298    -0.548     0.00    0.00
-123801.135    -0.548     0.00    0.00
-123515.987    -0.548     0.00    0.00
-123230.853    -0.548     0.00    0.00
-122945.733    -0.548     0.00    0.00
-122660.628    -0.548     0.00    0.00
-122375.538    -0.548     0.00    0.00
-122090.462    -0.548     0.00    0.00
-121805.400    -0.548     0.00    0.00
-121520.353    -0.548     0.00    0.00
-121235.320    -0.548     0.00    0.00
-120950.302    -0.548     0.00    0.00
-120665.298    -0.548     0.00    0.00
-120379.431    -0.548     0.00    0.00
-120091.207    -0.548     0.00    0.00
-119802.999    -0.548     0.00    0.00
-119514.806    -0.548     0.00    0.00
-119226.628    -0.548     0.00    0.00
-118938.467    -0.548     0.00    0.00
-118650.321    -0.548     0.00    0.00
-118362.190    -0.548     0.00    0.00
-118074.076    -0.548     0.00    0.00
-117785.976    -0.548     0.00    0.00
-117497.893    -0.548     0.00    0.00
-117209.825    -0.548     0.00    0.00
-116921.773    -0.548     0.00    0.00
-116633.736    -0.548     0.00    0.00
-116345.715    -0.548     0.00    0.00
-116057.709    -0.548     0.00    0.00
-115769.719    -0.548     0.00    0.00
-115481.745    -0.548     0.00    0.00
-115193.786    -0.548     0.00    0.00
-114905.843    -0.548     0.00    0.00
-114617.916    -0.548     0.00    0.00
-114330.004    -0.548     0.00    0.00
-114042.107    -0.548     0.00    0.00
-113754.226    -0.548     0.00    0.00
-113466.361    -0.548     0.00    0.00
-113178.511    -0.548     0.00    0.00
-112890.677    -0.548     0.00    0.00
-112602.859    -0.548     0.00    0.00
-112315.056    -0.548     0.00    0.00
-112027.268    -0.548     0.00    0.00
-111739.496    -0.548     0.00    0.00
-111451.740    -0.548     0.00    0.00
-111163.999    -0.548     0.00    0.00
-110876.274    -0.548     0.00    0.00
-110588.564    -0.548     0.00    0.00
-110300.870    -0.548     0.00    0.00
-110013.192    -0.548     0.00    0.00
-109725.529    -0.548     0.00    0.00
-109437.881    -0.548     0.00    0.00
-109150.249    -0.548     0.00    0.00
-108862.632    -0.548     0.00    0.00
-108575.032    -0.548     0.00    0.00
-108287.446    -0.548     0.00    0.00
-107999.876    -0.548     0.00    0.00
-107712.322    -0.548     0.00    0.00
-107424.783    -0.548     0.00    0.00
-107137.259    -0.548     0.00    0.00
-106849.751    -0.548     0.00    0.00
-106562.259    -0.548     0.00    0.00
-106274.782    -0.548     0.00    0.00
-105987.321    -0.548     0.00    0.00
-105699.875    -0.548     0.00    0.00
-105412.444    -0.548     0.00    0.00
-105125.029    -0.548     0.00    0.00
-104837.630    -0.548     0.00    0.00
-104550.246    -0.548     0.00    0.00
-104262.877    -0.548     0.00    0.00
-103975.524    -0.548     0.00    0.00
-103688.186    -0.548     0.00    0.00
-103400.864    -0.548     0.00    0.00
-103113.558    -0.548     0.00    0.00
-102826.266    -0.548     0.00    0.00
-102538.991    -0.548     0.00    0.00
-102251.730    -0.548     0.00    0.00
-101964.486    -0.548     0.00    0.00
-101677.256    -0.548     0.00    0.00
-101390.042    -0.548     0.00    0.00
-101102.844    -0.548     0.00    0.00
-100815.661    -0.548     0.00    0.00
-100528.493    -0.548     0.00    0.00
-100241.341    -0.548     0.00    0.00
 -99954.204    -0.548     0.00    0.00
 -99667.082    -0.548     0.00    0.00
 -99379.977    -0.548     0.00    0.00
 -99092.886    -0.548     0.00    0.00
 -98805.811    -0.548     0.00    0.00
 -98518.751    -0.548     0.00    0.00
 -98231.707    -0.548     0.00    0.00
 -97944.678    -0.548     0.00    0.00
 -97657.665    -0.548     0.00    0.00
 -97370.667    -0.548     0.00    0.00
 -97083.684    -0.548     0.00    0.00
 -96796.717    -0.548     0.00    0.00
 -96509.765    -0.548     0.00    0.00
 -96222.828    -0.548     0.00    0.00
 -95935.907    -0.548     0.00    0.00
 -95649.001    -0.548     0.00    0.00
 -95362.111    -0.548     0.00    0.00
 -95075.236    -0.548     0.00    0.00
 -94788.377    -0.548     0.00    0.00
 -94501.532    -0.548     0.00    0.00
 -94214.703    -0.548     0.00    0.00
 -93927.890    -0.548     0.00    0.00
 -93641.092    -0.548     0.00    0.00
 -93354.309    -0.548     0.00    0.00
 -93067.542    -0.548     0.00    0.00
 -92780.790    -0.548     0.00    0.00
 -92494.053    -0.548     0.00    0.00
 -92207.332    -0.548     0.00    0.00
 -91920.626    -0.548     0.00    0.00
 -91633.935    -0.548     0.00    0.00
 -91347.260    -0.548     0.00    0.00
 -91060.600    -0.548     0.00    0.00
 -90773.955    -0.548     0.00    0.00
 -90487.326    -0.548     0.00    0.00
 -90200.712    -0.548     0.00    0.00
 -89914.113    -0.548     0.00    0.00
 -89627.529    -0.548     0.00    0.00
 -89340.961    -0.548     0.00    0.00
 -89054.409    -0.548     0.00    0.00
 -88767.871    -0.548     0.00    0.00
 -88481.349    -0.548     0.00    0.00
 -88194.842    -0.548     0.00    0.00
 -87908.351    -0.548     0.00    0.00
 -87621.875    -0.548     0.00    0.00
 -87335.414    -0.548     0.00    0.00
 -87048.968    -0.548     0.00    0.00
 -86762.538    -0.548     0.00    0.00
 -86476.123    -0.548     0.00    0.00
 -86189.723    -0.548     0.00    0.00
 -85903.339    -0.548     0.00    0.00
 -85616.969    -0.548     0.00    0.00
 -85330.615    -0.548     0.00    0.00
 -85044.277    -0.548     0.00    0.00
 -84757.953    -0.548     0.00    0.00
 -84471.645    -0.548     0.00    0.00
 -84185.352    -0.548     0.00    0.00
 -83899.075    -0.548     0.00    0.00
 -83612.812    -0.548     0.00    0.00
 -83326.565    -0.548     0.00    0.00
 -83040.334    -0.548     0.00    0.00
 -82754.117    -0.548     0.00    0.00
 -82467.916    -0.548     0.00    0.00
 -82181.730    -0.548     0.00    0.00
 -81895.559    -0.548     0.00    0.00
 -81609.403    -0.548     0.00    0.00
 -81323.263    -0.548     0.00    0.00
 -81037.138    -0.548     0.00    0.00
 -80751.028    -0.548     0.00    0.00
 -80464.933    -0.548     0.00    0.00
 -80178.854    -0.548     0.00    0.00
 -79892.789    -0.548     0.00    0.00
 -79606.740    -0.548     0.00    0.00
 -79320.706    -0.548     0.00    0.00
 -79034.688    -0.548     0.00    0.00
 -78748.684    -0.548     0.00    0.00
 -78462.696    -0.548     0.00    0.00
 -78176.723    -0.548     0.00    0.00
 -77890.765    -0.548     0.00    0.00
 -77604.823    -0.548     0.00    0.00
 -77318.895    -0.548     0.00    0.00
 -77032.983    -0.548     0.00    0.00
 -76747.086    -0.548     0.00    0.00
 -76461.204    -0.548     0.00    0.00
 -76175.337    -0.548     0.00    0.00
 -75889.486    -0.548     0.00    0.00
 -75603.650    -0.548     0.00    0.00
 -75317.828    -0.548     0.00    0.00
 -75032.022    -0.548     0.00    0.00
 -74746.232    -0.548     0.00    0.00
 -74460.456    -0.548     0.00    0.00
 -74174.695    -0.548     0.00    0.00
 -73888.950    -0.548     0.00    0.00
 -73603.220    -0.548     0.00    0.00
 -73317.505    -0.548     0.00    0.00
 -73031.805    -0.548     0.00    0.00
 -72746.120    -0.548     0.00    0.00
 -72460.451    -0.548     0.00    0.00
 -72174.796    -0.548     0.00    0.00
 -71889.157    -0.548     0.00    0.00
 -71603.533    -0.548     0.00    0.00
 -71317.924    -0.548     0.00    0.00
 -71032.330    -0.548     0.00    0.00
 -70746.751    -0.548     0.00    0.00
 -70461.187    -0.548     0.00    0.00
 -70175.639    -0.548     0.00    0.00
 -69890.105    -0.548     0.00    0.00
 -69604.587    -0.548     0.00    0.00
 -69319.083    -0.548     0.00    0.00
 -69033.595    -0.548     0.00    0.00
 -68748.122    -0.548     0.00    0.00
 -68462.664    -0.548     0.00    0.00
 -68177.222    -0.548     0.00    0.00
 -67891.794    -0.548     0.00    0.00
 -67606.381    -0.548     0.00    0.00
 -67320.984    -0.548     0.00    0.00
 -67035.601    -0.548     0.00    0.00
 -66750.234    -0.548     0.00    0.00
 -66464.881    -0.548     0.00    0.00
 -66179.544    -0.548     0.00    0.00
 -65894.222    -0.548     0.00    0.00
 -65608.915    -0.548     0.00    0.00
 -65323.623    -0.548     0.00    0.00
 -65038.346    -0.548     0.00    0.00
 -64753.084    -0.548     0.00    0.00
 -64467.837    -0.548     0.00    0.00
 -64182.605    -0.548     0.00    0.00
 -63897.389    -0.548     0.00    0.00
 -63612.187    -0.548     0.00    0.00
 -63327.000    -0.548     0.00    0.00
 -63041.829    -0.548     0.00    0.00
 -62756.672    -0.548     0.00    0.00
 -62471.531    -0.548     0.00    0.00
 -62186.404    -0.548     0.00    0.00
 -61901.293    -0.548     0.00    0.00
 -61616.197    -0.548     0.00    0.00
 -61331.115    -0.548     0.00    0.00
 -61046.049    -0.548     0.00    0.00
 -60760.998    -0.548     0.00    0.00
 -60475.961    -0.548     0.00    0.00
 -60190.940    -0.548     0.00    0.00
 -59905.934    -0.548     0.00    0.00
 -59620.943    -0.548     0.00    0.00
 -59335.966    -0.548     0.00    0.00
 -59051.005    -0.548     0.00    0.00
 -58766.059    -0.548     0.00    0.00
 -58479.894    -0.548     0.00    0.00
 -58191.605    -0.548     0.00    0.00
 -57903.331    -0.548     0.00    0.00
 -57615.074    -0.548     0.00    0.00
 -57326.833    -0.548     0.00    0.00
 -57038.608    -0.548     0.00    0.00
 -56750.399    -0.548     0.00    0.00
 -56462.207    -0.548     0.00    0.00
 -56174.031    -0.548     0.00    0.00
 -55885.871    -0.548     0.00    0.00
 -55597.727    -0.548     0.00    0.00
 -55309.599    -0.548     0.00    0.00
 -55021.487    -0.548     0.00    0.00
 -54733.392    -0.548     0.00    0.00
 -54445.313    -0.548     0.00    0.00
 -54157.250    -0.548     0.00    0.00
 -53869.203    -0.548     0.00    0.00
 -53581.172    -0.548     0.00    0.00
 -53293.158    -0.548     0.00    0.00
 -53005.160    -0.548     0.00    0.00
 -52717.177    -0.548     0.00    0.00
 -52429.211    -0.548     0.00    0.00
 -52141.261    -0.548     0.00    0.00
 -51853.328    -0.548     0.00    0.00
 -51565.410    -0.548     0.00    0.00
 -51277.508    -0.548     0.00    0.00
 -50989.623    -0.548     0.00    0.00
 -50701.754    -0.548     0.00    0.00
 -50413.901    -0.548     0.00    0.00
 -50126.064    -0.548     0.00    0.00
 -49838.243    -0.548     0.00    0.00
 -49550.438    -0.548     0.00    0.00
 -49262.649    -0.548     0.00    0.00
 -48974.877    -0.548     0.00    0.00
 -48687.120    -0.548     0.00    0.00
 -48399.380    -0.548     0.00    0.00
 -48111.656    -0.548     0.00    0.00
 -47823.948    -0.548     0.00    0.00
 -47536.255    -0.548     0.00    0.00
 -47248.579    -0.548     0.00    0.00
 -46960.920    -0.548     0.00    0.00
 -46673.276    -0.548     0.00    0.00
 -46385.648    -0.548     0.00    0.00
 -46098.036    -0.548     0.00    0.00
 -45810.441    -0.548     0.00    0.00
 -45522.861    -0.548     0.00    0.00
 -45235.298    -0.548     0.00    0.00
 -44947.751    -0.548     0.00    0.00
 -44660.219    -0.548     0.00    0.00
 -44372.704    -0.548     0.00    0.00
 -44085.205    -0.500     0.17    0.21
 -43797.722    -0.380     0.42    0.38
 -43510.254    -0.245     0.47    0.46
 -43222.803    -0.080     0.58    0.50
 -42935.368     0.101     0.63    0.48
 -42647.949     0.244     0.50    0.41
 -42360.546     0.374     0.45    0.27
 -42073.159     0.452     0.27    0.00
 -41785.789     0.452     0.00    0.00
 -41498.434     0.452     0.00    0.00
 -41211.095     0.452     0.00    0.00
 -40923.772     0.460     0.03    0.09
 -40636.465     0.468     0.03    0.13
 -40349.174     0.485     0.06    0.18
 -40061.900     0.498     0.05    0.21
 -39774.641     0.524     0.09    0.26
 -39487.398     0.560     0.13    0.31
 -39200.171     0.585     0.09    0.34
 -38912.960     0.618     0.11    0.37
 -38625.765     0.613    -0.02    0.37
 -38338.587     0.565    -0.17    0.32
 -38051.424     0.514    -0.18    0.24
 -37764.277     0.560     0.16    0.34
 -37477.146     0.660     0.35    0.43
 -37190.031     0.796     0.47    0.49
 -36902.932     0.878     0.28    0.50
 -36615.849     0.980     0.36    0.50
 -36328.782     1.089     0.38    0.48
 -36041.731     1.172     0.29    0.45
 -35754.696     1.220     0.17    0.42
 -35467.677     1.210    -0.03    0.43
 -35180.674     1.151    -0.21    0.46
 -34893.686     1.040    -0.39    0.51
 -34606.715     0.925    -0.40    0.52
 -34319.760     0.770    -0.54    0.56
 -34032.820     0.662    -0.38    0.56
 -33745.897     0.571    -0.32    0.48
 -33458.989     0.530    -0.14    0.41
 -33172.098     0.541     0.04    0.40
 -32885.222     0.577     0.13    0.43
 -32598.362     0.668     0.32    0.45
 -32311.519     0.737     0.24    0.45
 -32024.691     0.783     0.16    0.47
 -31737.879     0.818     0.12    0.48
 -31451.083     0.778    -0.14    0.47
 -31164.302     0.696    -0.28    0.43
 -30877.538     0.733     0.13    0.45
 -30590.790     0.730    -0.01    0.45
 -30304.057     0.730     0.00    0.45
 -30017.341     0.689    -0.14    0.43
 -29730.640     0.651    -0.13    0.40
 -29443.955     0.637    -0.05    0.39
 -29157.286     0.649     0.04    0.40
 -28870.633     0.700     0.18    0.43
 -28583.996     0.773     0.25    0.47
 -28297.375     0.846     0.26    0.49
 -28010.769     0.917     0.25    0.50
 -27724.180     0.977     0.21    0.50
 -27437.606     0.952    -0.08    0.50
 -27151.048     0.921    -0.11    0.50
 -26864.506     0.912    -0.03    0.50
 -26577.980     0.945     0.11    0.50
 -26291.470     0.984     0.14    0.50
 -26004.975     0.980    -0.01    0.50
 -25718.497     0.924    -0.19    0.50
 -25432.034     0.872    -0.18    0.50
 -25145.587     0.837    -0.12    0.49
 -24859.156     0.841     0.01    0.49
 -24572.741     0.783    -0.20    0.47
 -24286.341     0.720    -0.22    0.44
 -23999.958     0.690    -0.10    0.43
 -23713.590     0.689    -0.01    0.44
 -23427.238     0.724     0.12    0.46
 -23140.902     0.752     0.10    0.51
 -22854.582     0.786     0.12    0.54
 -22568.277     0.847     0.22    0.54
 -22281.989     0.933     0.30    0.53
 -21995.716     0.980     0.16    0.53
 -21709.459     1.015     0.12    0.51
 -21423.218     0.976    -0.14    0.50
 -21136.992     0.929    -0.17    0.50
 -20850.782     0.886    -0.15    0.57
 -20564.589     0.783    -0.36    0.62
 -20278.411     0.624    -0.55    0.70
 -19992.248     0.531    -0.33    0.71
 -19706.102     0.397    -0.47    0.72
 -19419.971     0.309    -0.31    0.73
 -19133.856     0.218    -0.32    0.70
 -18847.757     0.175    -0.15    0.70
 -18561.673     0.170    -0.02    0.70
 -18275.606     0.197     0.09    0.75
 -17989.554     0.280     0.29    0.83
 -17703.518     0.404     0.43    0.91
 -17417.497     0.620     0.76    0.95
 -17131.492     0.841     0.77    0.97
 -16845.504     1.169     1.15    0.98
 -16559.530     1.498     1.15    0.94
 -16273.573     1.788     1.02    0.82
 -15987.631     1.987     0.70    0.81
 -15701.705     2.044     0.20    0.82
 -15415.795     2.108     0.22    0.82
 -15129.901     2.197     0.31    0.78
 -14844.022     2.198     0.01    0.69
 -14558.159     2.265     0.23    0.65
 -14272.311     2.275     0.04    0.54
 -13986.480     2.351     0.27    0.37
 -13700.664     2.412     0.22    0.23
 -13414.864     2.444     0.11    0.09
 -13129.079     2.452     0.03    0.00
 -12843.311     2.452     0.00    0.00
 -12557.557     2.452     0.00    0.00
 -12271.820     2.452     0.00    0.00
 -11986.098     2.358    -0.33    0.39
 -11700.392     2.200    -0.55    0.71
 -11414.702     1.988    -0.74    0.96
 -11129.027     1.645    -1.20    1.22
 -10843.369     1.380    -0.93    1.32
 -10557.725     0.960    -1.47    1.39
 -10272.098     0.622    -1.19    1.36
  -9986.486     0.244    -1.32    1.23
  -9700.890     0.015    -0.80    1.05
  -9415.309    -0.273    -1.01    0.74
  -9129.744    -0.290    -0.06    0.72
  -8844.195    -0.270     0.07    0.73
  -8558.661    -0.193     0.27    0.76
  -8273.143    -0.040     0.54    0.93
  -7987.641     0.124     0.58    1.07
  -7702.154     0.332     0.73    1.26
  -7416.683     0.476     0.50    1.32
  -7131.228     0.628     0.53    1.36
  -6845.788     0.788     0.56    1.41
  -6560.364     0.868     0.28    1.42
  -6274.956     0.948     0.28    1.42
  -5989.563     0.940    -0.03    1.42
  -5704.186     1.000     0.21    1.49
  -5418.824     0.945    -0.19    1.45
  -5133.478     0.912    -0.11    1.47
  -4848.148     0.765    -0.52    1.41
  -4562.833     0.603    -0.57    1.37
  -4277.534     0.491    -0.39    1.34
  -3992.250     0.323    -0.59    1.27
  -3706.982     0.196    -0.45    1.21
  -3421.730     0.096    -0.35    1.13
  -3136.493    -0.040    -0.47    1.01
  -2851.272    -0.109    -0.24    0.90
  -2566.067    -0.214    -0.37    0.76
  -2280.877    -0.362    -0.52    0.53
  -1995.702    -0.403    -0.14    0.45
  -1710.544    -0.492    -0.31    0.29
  -1425.400    -0.532    -0.14    0.12
  -1140.273    -0.431     0.35    0.41
   -855.161    -0.228     0.71    0.74
   -570.064    -0.075     0.54    0.83
   -284.983     0.073     0.52    0.92
      0.082     0.235     0.57    1.07
    285.132     0.525     1.02    1.30
    570.166     0.988     1.62    1.94
    855.185     1.491     1.77    2.49
   1140.188     2.100     2.14    2.91
   1425.175     2.765     2.33    3.14
   1710.147     3.588     2.89    3.10
   1995.104     4.248     2.31    2.94
   2280.045     4.960     2.50    2.57
   2564.970     5.532     2.01    2.08
   2849.880     5.860     1.15    1.51
   3134.775     5.783    -0.27    1.42
   3421.278     5.652    -0.46    1.55
   3709.623     5.538    -0.40    1.61
   3997.952     5.517    -0.07    1.63
   4286.264     5.476    -0.14    1.67
   4574.560     5.595     0.41    1.68
   4862.839     5.921     1.13    1.59
   5151.101     6.318     1.38    1.38
   5439.346     6.872     1.92    0.64
   5727.574     7.068     0.68    0.49
   6015.786     7.214     0.51    0.43
   6303.981     7.238     0.08    0.64
   6592.159     6.809    -1.49    1.84
   6880.321     5.670    -3.95    3.07
   7168.466     4.367    -4.52    3.63
   7456.594     3.175    -4.14    3.54
   7744.705     2.159    -3.53    3.09
   8032.800     1.383    -2.69    2.35
   8320.878     1.148    -0.81    1.72
   8608.939     1.356     0.72    1.41
   8896.984     2.096     2.57    1.98
   9185.012     2.860     2.65    2.38
   9473.023     3.844     3.42    2.62
   9761.018     4.698     2.97    2.70
  10048.995     5.485     2.73    2.62
  10336.957     6.304     2.85    2.20
  10624.901     6.989     2.38    1.49
  10912.829     7.318     1.14    0.79
  11200.740     7.452     0.46    0.00
  11488.635     7.452     0.00    0.00
  11776.512     7.452     0.00    0.00
  12064.374     7.452     0.00    0.00
  12352.218     7.452     0.00    0.00
  12640.046     7.452     0.00    0.00
  12927.857     7.452     0.00    0.00
  13215.652     7.452     0.00    0.00
  13503.430     7.452     0.00    0.00
  13791.191     7.452     0.00    0.00
  14078.935     7.452     0.00    0.00
  14366.663     7.452     0.00    0.00
  14654.375     7.452     0.00    0.00
  14942.070     7.452     0.00    0.00
  15229.748     7.452     0.00    0.00
  15517.409     7.452     0.00    0.00
  15805.054     7.452     0.00    0.00
  16092.682     7.452     0.00    0.00
  16380.294     7.452     0.00    0.00
  16667.889     7.452     0.00    0.00
  16955.468     7.326    -0.44    0.64
  17243.030     7.097    -0.80    1.08
  17530.575     6.847    -0.87    1.36
  17818.104     6.832    -0.05    1.35
  18105.616     6.807    -0.09    1.37
  18393.111     6.860     0.18    1.36
  18680.590     6.948     0.31    1.28
  18968.052     7.198     0.87    0.94
  19255.498     7.414     0.75    0.36
  19542.927     7.452     0.13    0.00
  19830.340     7.452     0.00    0.00
  20117.736     7.452     0.00    0.00
  20405.116     7.452     0.00    0.00
  20692.479     7.405    -0.16    0.39
  20979.825     7.041    -1.27    1.30
  21267.155     6.565    -1.66    1.81
  21554.468     6.257    -1.07    2.00
  21841.765     6.063    -0.67    2.08
  22129.045     6.052    -0.04    2.09
  22416.309     5.952    -0.35    2.10
  22703.556     6.017     0.22    2.09
  22990.787     6.160     0.50    2.02
  23278.001     6.381     0.77    1.91
  23565.199     6.460     0.28    1.88
  23852.380     6.638     0.62    1.74
  24139.544     6.872     0.81    1.51
  24426.692     7.143     0.94    1.11
  24713.824     7.170     0.09    0.96
  25000.939     6.888    -0.98    1.33
  25288.038     6.561    -1.14    1.57
  25575.120     6.202    -1.25    1.76
  25862.185     6.127    -0.26    1.79
  26149.234     6.189     0.21    1.77
  26436.267     6.299     0.38    1.74
  26723.283     6.619     1.11    1.58
  27010.283     6.762     0.50    1.43
  27297.266     6.985     0.78    1.11
  27584.233     7.173     0.66    0.67
  27871.183     6.988    -0.64    0.81
  28158.116     6.710    -0.97    0.95
  28445.034     6.413    -1.03    0.98
  28731.935     6.097    -1.10    0.89
  29018.819     5.964    -0.47    0.83
  29305.687     5.916    -0.17    0.81
  29592.538     6.049     0.46    0.89
  29879.373     6.359     1.08    0.97
  30166.192     6.606     0.86    0.96
  30452.994     6.908     1.06    0.85
  30739.780     7.134     0.79    0.72
  31026.549     7.315     0.63    0.48
  31313.302     7.405     0.31    0.35
  31600.038     7.501     0.33    0.42
  31886.758     7.687     0.65    0.57
  32173.462     7.904     0.76    0.68
  32460.149     8.220     1.10    0.87
  32746.820     8.616     1.38    1.09
  33033.474     9.146     1.85    1.32
  33320.112     9.852     2.46    1.64
  33606.734    10.515     2.31    1.89
  33893.339    11.160     2.25    2.09
  34179.927    11.913     2.63    2.39
  34466.500    12.830     3.20    2.77
  34753.056    13.936     3.86    3.11
  35039.595    14.746     2.83    3.51
  35326.119    15.573     2.89    3.56
  35612.625    16.129     1.94    3.49
  35899.116    16.268     0.48    3.49
  36185.590    16.331     0.22    3.48
  36472.048    16.148    -0.64    3.59
  36758.489    16.186     0.13    3.41
  37044.914    16.671     1.69    3.53
  37331.323    17.280     2.13    4.02
  37617.715    18.178     3.13    4.22
  37904.091    19.708     5.34    4.51
  38190.450    20.651     3.29    4.62
  38476.793    21.315     2.32    4.78
  38763.120    21.476     0.56    4.60
  39049.431    21.347    -0.45    4.43
  39335.725    21.548     0.70    4.62
  39622.003    21.539    -0.03    4.48
  39908.265    21.210    -1.15    4.38
  40194.510    21.726     1.80    4.55
  40480.739    22.622     3.13    4.79
  40766.951    23.655     3.61    4.95
  41053.148    24.874     4.26    4.65
  41339.328    26.170     4.53    4.01
  41625.491    27.383     4.24    3.19
  41911.639    28.428     3.65    1.96
  42197.770    29.024     2.08    1.05
  42483.884    29.187     0.57    0.77
  42769.983    29.323     0.48    0.48
  43056.065    29.421     0.34    0.18
  43342.131    29.452     0.11    0.00
  43628.181    29.452     0.00    0.00
  43914.214    29.452     0.00    0.00
  44200.231    29.452     0.00    0.00
  44486.232    29.452     0.00    0.00
  44772.216    29.452     0.00    0.00
  45058.185    29.468     0.06    0.13
  45344.137    29.712     0.85    0.79
  45630.072    30.928     4.25    3.29
  45915.992    33.238     8.08    5.88
  46201.895    37.291    14.17    9.65
  46487.782    43.831    22.88   15.10
  46773.653    55.570    41.06   25.46
  47059.507    71.627    56.17   40.13
  47345.345   102.754   108.90   63.77
  47631.167   135.444   114.37   78.07
  47916.973   163.846    99.37   75.14
  48202.763   183.886    70.12   65.28
  48488.536   202.001    63.39   51.25
  48774.293   209.081    24.78   37.78
  49060.034   204.758   -15.13   35.40
  49345.759   196.510   -28.87   37.13
  49631.467   183.324   -46.15   39.56
  49917.159   169.788   -47.38   36.85
  50202.835   156.233   -47.45   28.99
  50488.495   147.738   -29.74   22.08
  50774.139   141.339   -22.40   18.99
  51059.766   135.991   -18.72   18.00
  51345.377   130.646   -18.72   17.84
  51630.972   122.404   -28.86   18.53
  51916.551   116.006   -22.40   18.53
  52202.114   110.265   -20.10   16.47
  52487.660   106.420   -13.47   13.99
  52773.191   104.142    -7.98   11.23
  53058.705   103.387    -2.65   10.68
  53344.203   106.137     9.63   14.09
  53629.685   109.692    12.45   15.31
  53915.150   112.540     9.98   15.27
  54200.600   112.765     0.79   15.06
  54486.033   112.347    -1.46   13.67
  54771.450   111.429    -3.22   12.52
  55056.851   109.905    -5.34   10.21
  55342.236   109.444    -1.61    7.36
  55627.605   110.330     3.10    7.03
  55912.958   111.541     4.24    7.46
  56198.294   114.772    11.32    8.78
  56483.614   119.514    16.62   11.62
  56768.918   122.428    10.21   12.32
  57054.207   122.562     0.47   14.71
  57339.479   119.420   -11.01   15.34
  57624.734   117.898    -5.34   15.16
  57909.974   116.036    -6.53   13.84
  58195.198   116.956     3.23   14.48
  58480.405   122.274    18.64   21.66
  58765.596   127.712    19.07   24.56
  59050.772   133.444    20.10   27.24
  59335.931   129.913   -12.38   30.66
  59621.074   123.665   -21.91   35.75
  59906.201   111.182   -43.78   36.70
  60191.312    98.071   -45.98   30.94
  60476.407    85.872   -42.79   18.52
  60761.485    79.106   -23.73   11.30
  61046.548    75.559   -12.44   11.49
  61331.595    72.677   -10.11   12.16
  61616.625    70.190    -8.72   11.87
  61901.640    67.928    -7.94    9.63
  62186.638    68.987     3.72   10.58
  62471.620    69.534     1.92   11.54
  62756.586    71.517     6.96   13.40
  63041.537    71.538     0.08   13.59
  63326.471    69.896    -5.76   14.64
  63611.389    69.429    -1.64   16.58
  63896.291    66.979    -8.60   16.61
  64181.177    65.937    -3.65   18.55
  64466.047    62.151   -13.29   17.57
