# NaN NaN NaN ;Mean Elev.(m), Avg Gradient(m/km), RMS Gradient(m/km) - SRTM1     
#   64.972  -8.273  10.200 ;Mean Elev.(m), Avg Gradient(m/km), RMS Gradient(m/km) - ASTER GDEM
#   48.189 -21.294  98.902 ;Mean Elev.(m), Avg Gradient(m/km), RMS Gradient(m/km) - GMTED2010 
   2 206.077468  65.046384    52.700    52.533  5 54674.94571669 31.301
   3 206.083668  65.047141   109.192   109.362  4 54684.86136052 22.215
   4 206.084328  65.048226    52.699    52.666  5 54694.77700236 38.356
   5 206.081115  65.048202   100.306   100.201  3 54704.69264142 12.359
   6 206.076428  65.046184    52.342    52.447  5 54714.60829242 51.756
   7 206.067735  65.044693    98.956    98.895  4 54724.52394213 17.982
  10 206.070910  65.045559    50.762    50.775  4 54754.27088412 48.490
  11 206.073750  65.045025    50.762    50.716  4 54764.18653010 48.099
  12 206.066789  65.044027    51.221    51.221  4 54774.10217251 31.156
  13 206.065332  65.042550    50.900    50.905  4 54784.01781285 29.515
  14 206.063818  65.043118    51.023    51.041  5 54793.93345111 27.358
  15 206.072709  65.044405    50.672    50.595  4 54803.84908940 25.045
  16 206.076488  65.046162    50.520    50.549  4 54813.76472684 18.050
  17 206.078964  65.046242    50.574    50.593  4 54823.68037132 15.602
  18 206.075341  65.045395    50.588    50.652  4 54833.59601117 13.679
  19 206.071668  65.045242    50.791    50.800  4 54843.51166088 11.682
  20 206.076026  65.045476    51.492    51.486  4 54853.42731024  9.908
  21 206.078639  65.046804    51.767    51.715  5 54863.34295908  9.389
  22 206.082488  65.046980    52.227    52.302  4 54873.25860794  9.703
  23 206.077228  65.046520    48.602    48.573  4 54883.17425375 16.118
  24 206.070847  65.044653    51.236    51.387  5 54893.08989618 10.497
  25 206.064785  65.043085    51.443    51.351  4 54903.00553591 10.216
  26 206.063637  65.043137    51.718    51.713  5 54912.92117471  7.536
  27 206.067368  65.044347    51.479    51.453  4 54922.83681307  7.886
  28 206.074280  65.045233    51.908    51.927  4 54932.75245098  7.418
  29 206.075786  65.045219    52.385    52.375  4 54942.66808666  7.781
  30 206.068451  65.044826    50.835    50.792  4 54952.58371969 38.205
  31 206.066107  65.043234    54.267    54.203  5 54962.49936274 41.569
  32 206.063873  65.043500    52.771    52.765  4 54972.41501111 53.153
  33 206.068221  65.044708    53.147    53.135  4 54982.33065899 49.406
  34 206.076889  65.045625   103.021   103.021  2 54992.24630698 12.911
  35 206.078860  65.045873    53.636    53.756  4 55002.16195367 35.325
  36 206.072927  65.046129    53.426    53.398  4 55012.07759783 30.855
  37 206.074097  65.045283    53.031    52.970  5 55021.99324128 30.521
  38 206.073149  65.046073    51.845    51.980  4 55031.90888355 47.535
  39 206.077482  65.046948    52.102    52.000  4 55041.82452562 31.128
  40 206.081362  65.047566    51.319    51.375  5 55051.74016617 44.096
  41 206.079813  65.046997    51.910    51.892  4 55061.65580413 28.239
  42 206.073296  65.045303    51.091    51.187  5 55071.57144647 43.854
  43 206.066720  65.043538    51.519    51.520  5 55081.48709473 49.641
  44 206.065958  65.043016    50.922    50.986  4 55091.40274173 46.134
  45 206.067515  65.044062    51.062    51.050  4 55101.31838823 52.284
  46 206.073323  65.044921    51.499    51.661  4 55111.23403469 20.254
  47 206.073334  65.044962    50.177    50.169  4 55121.14967866 48.480
  48 206.067472  65.044105    49.703    49.706  4 55131.06531936 48.108
  49 206.064640  65.042687    50.232    50.261  4 55140.98095841 42.561
  50 206.063696  65.043032    49.444    49.464  4 55150.89659680 25.073
  51 206.070924  65.044327    49.357    49.399  4 55160.81223594 23.343
  52 206.074171  65.046367    49.390    49.389  4 55170.72787427 21.345
  53 206.081014  65.046690    49.763    49.704  4 55180.64351162 21.469
  54 206.078168  65.046207    49.965    49.938  4 55190.55915969 19.252
  55 206.077269  65.045621    49.702    49.657  4 55200.47480999 18.373
  56 206.075987  65.045929    50.078    49.936  4 55210.39045947 15.836
  57 206.077266  65.046506    49.840    50.055  5 55220.30610868 15.837
  58 206.076752  65.046259    50.089    50.067  5 55230.22175677 14.795
  59 206.072449  65.045606    49.652    49.654  4 55240.13740133 14.146
  60 206.070038  65.043905    50.048    50.029  4 55250.05304255 14.025
  61 206.064219  65.043240    50.050    49.998  4 55259.96868112 13.567
  62 206.064828  65.043292    49.982    49.998  4 55269.88431950 13.108
  63 206.069646  65.043924    50.628    50.663  4 55279.79995813 12.598
  64 206.071335  65.044879    50.590    50.696  5 55289.71559521 13.655
  65 206.074350  65.044876    50.751    50.720  4 55299.63123009  9.855
  66 206.068373  65.044355    50.520    50.069  5 55309.54687434 32.322
  67 206.067568  65.043177    51.171    51.097  4 55319.46252020 40.706
  68 206.067065  65.043258    53.536    53.472  4 55329.37816493 52.441
  69 206.071810  65.044159    50.677    50.681  4 55339.29380973 53.571
  70 206.075743  65.045384    52.897    53.337  4 55349.20945410 32.604
  71 206.076661  65.046226    52.656    53.086  4 55359.12509626 35.462
  72 206.074675  65.046516    52.828    52.851  4 55369.04073607 26.555
  73 206.076914  65.046205    52.331    52.082  4 55378.95637484 23.798
  74 206.078281  65.046532    52.595    52.539  5 55388.87201279 25.124
  75 206.079580  65.046977    52.436    52.432  4 55398.78764976 48.855
  76 206.076280  65.046900    52.793    52.853  4 55408.70329514 49.346
  77 206.073069  65.045440    52.368    52.338  4 55418.61894575 51.868
  78 206.069947  65.043823    52.862    52.811  4 55428.53459293 51.801
  79 206.066971  65.043409    52.362    52.359  5 55438.45023737 51.805
  80 206.067246  65.043904    51.463    51.459  4 55448.36588062 53.159
  81 206.068254  65.044595    51.561    51.541  4 55458.28152362 51.721
  82 206.070972  65.044595    50.808    50.861  4 55468.19716609 45.117
  83 206.070696  65.044171    50.161    50.123  4 55478.11280505 50.608
  84 206.067032  65.044123    49.780    49.775  4 55488.02844063 46.502
  85 206.069501  65.043785    49.875    49.882  4 55497.94407456 45.878
  86 206.071924  65.044528    50.452    50.377  4 55507.85971272 26.810
  87 206.072507  65.045349    50.274    50.309  5 55517.77536309 24.481
  88 206.075070  65.045933    50.574    50.597  5 55527.69101274 29.402
  89 206.073962  65.046340    49.757    49.765  4 55537.60666012 17.414
  90 206.075131  65.046160    49.936    49.944  4 55547.52230547 16.376
  91 206.078378  65.045912    49.948    49.992  4 55557.43794920 15.557
  92 206.078696  65.046393    49.928    49.929  4 55567.35359171 15.694
  93 206.076472  65.046651    49.785    49.780  4 55577.26923325 13.894
  94 206.073312  65.045852    49.902    49.865  4 55587.18487272 11.905
  95 206.069278  65.044677    49.831    49.845  4 55597.10050903 11.974
  96 206.069234  65.043795    50.113    50.111  4 55607.01614282 11.772
  97 206.069241  65.044290    50.198    50.106  4 55616.93177454 10.819
  98 206.070408  65.045390    50.092    50.084  4 55626.84741847 10.966
  99 206.073213  65.045297    50.269    50.263  4 55636.76307049 10.340
 100 206.071720  65.044788    49.976    50.001  4 55646.67872012 10.197
 101 206.067768  65.043812    50.219    50.125  4 55656.59436674 10.572
 102 206.065253  65.043392    50.666    50.683  5 55666.51000905  9.697
 104 206.070989  65.044986    51.021    50.587  5 55686.34128676 33.459
 105 206.076781  65.045893    52.446    52.313  4 55696.25692377 43.596
 106 206.075935  65.046882    52.139    52.077  4 55706.17255890 47.602
 107 206.077092  65.046221    54.586    54.562  4 55716.08820842 50.070
 108 206.076706  65.045896    53.035    53.011  4 55726.00385714 32.341
 109 206.075463  65.046492    53.020    53.016  4 55735.91950393 26.796
 110 206.080216  65.046562    53.157    53.237  4 55745.83515007 32.090
 111 206.077855  65.046602    52.987    52.920  5 55755.75079374 30.367
 112 206.075750  65.045207    53.144    53.142  4 55765.66643511 49.225
 113 206.067528  65.044102    52.884    52.708  4 55775.58207302 39.781
 114 206.064438  65.043420    52.607    52.655  4 55785.49770836 52.575
 115 206.069474  65.044077    51.920    51.933  4 55795.41334227 39.551
 116 206.074469  65.045438    52.334    52.391  4 55805.32898179 49.461
 117 206.077917  65.045704    51.932    52.134  4 55815.24463129 26.863
 118 206.071366  65.045361    51.406    51.397  4 55825.16027736 48.589
 119 206.069062  65.043937    51.046    51.076  4 55835.07591935 44.830
 120 206.065256  65.043656    50.263    50.216  4 55844.99155753 37.620
 121 206.068272  65.044730    50.289    50.309  4 55854.90719345 39.648
 122 206.077340  65.045834    49.486    49.492  4 55864.82283389 43.369
 123 206.077011  65.047031    49.895    49.900  4 55874.73848702 18.627
 124 206.078877  65.046648    49.740    49.734  5 55884.65413489 14.265
 125 206.077844  65.046180    49.985    50.011  4 55894.56977646 13.624
 126 206.074709  65.046376    50.819    50.702  4 55904.48541241 15.364
 127 206.078224  65.046592    50.813    50.875  5 55914.40105291 15.693
 128 206.077037  65.047108    50.777    50.720  4 55924.31670665 14.533
 129 206.080161  65.046420    50.741    50.713  4 55934.23235773 13.462
 130 206.072595  65.045375    50.799    50.698  5 55944.14800325 10.636
 131 206.065634  65.043649    50.716    50.687  4 55954.06364457  8.464
 132 206.062231  65.042863    50.950    50.918  4 55963.97928326  8.322
 133 206.065813  65.043663    51.060    50.899  4 55973.89492089  7.913
 134 206.072795  65.045434    50.759    50.675  5 55983.81055765  8.844
 135 206.078684  65.046331    51.640    51.582  4 55993.72619222  8.671
 136 206.075082  65.045417    51.287    51.147  4 56003.64184230  8.169
 137 206.068698  65.043579    51.559    51.572  4 56013.55749090  7.580
 138 206.065095  65.042801    51.274    51.228  4 56023.47313638  8.607
 140 206.076838  65.045502    49.924    49.954  4 56043.30442168 25.389
 141 206.080077  65.047137    52.570    52.675  5 56053.22006038 39.657
 142 206.081243  65.047272    51.884    51.976  5 56063.13569574 48.814
 143 206.076552  65.046632    52.343    52.343  4 56073.05133679 50.984
 144 206.074455  65.045789    54.018    54.036  5 56082.96698673 50.120
 145 206.074021  65.046035    53.298    53.269  4 56092.88263433 40.037
 146 206.079389  65.046281    53.091    53.054  4 56102.79828024 33.253
 147 206.077336  65.046374    53.016    52.998  4 56112.71391107 30.720
 148 206.075583  65.045233    53.618    53.572  4 56122.62954992 51.801
 149 206.067877  65.044252    52.894    52.887  5 56132.54518434 29.339
 150 206.066428  65.043521    52.574    52.566  4 56142.46082131 27.898
 151 206.069178  65.043702    52.024    52.029  4 56152.37647228 52.719
 152 206.070780  65.045289    51.611    51.582  4 56162.29212142 50.806
 153 206.075926  65.045756    51.397    51.346  4 56172.20776902 49.416
 154 206.073271  65.045468    52.394    52.330  5 56182.12341125 23.260
 155 206.069951  65.044231    51.013    51.007  5 56192.03904971 52.235
 156 206.067131  65.043718    52.353    52.389  4 56201.95468550 21.572
 157 206.072549  65.044560    50.863    50.899  4 56211.87032002 52.024
 158 206.078215  65.046795    50.209    50.211  5 56221.78595258 45.730
 159 206.080597  65.048055    49.518    49.562  4 56231.70160657 35.626
 160 206.081153  65.047621    49.971    49.965  4 56241.61725933 29.467
 161 206.079432  65.046404    50.747    50.731  4 56251.53290771 26.657
 162 206.074923  65.045797    50.648    50.716  5 56261.44855108 29.288
 163 206.073518  65.046012    50.580    50.578  4 56271.36419245 24.102
 164 206.074397  65.046462    49.945    49.939  4 56281.27983314 19.045
 165 206.076076  65.045978    50.137    50.059  5 56291.19548552 16.675
 166 206.072551  65.044899    50.080    50.060  4 56301.11113301 16.169
 167 206.068658  65.043438    50.106    50.075  4 56311.02677634 14.012
 168 206.064828  65.043086    49.997    49.960  4 56320.94241741 11.812
 169 206.066340  65.043930    50.013    50.020  4 56330.85805829 12.677
 170 206.071402  65.045128    50.020    50.011  5 56340.77369893 12.130
 171 206.075120  65.045950    50.019    49.950  4 56350.68933722 11.573
 172 206.074633  65.045547    49.905    49.884  4 56360.60497544 11.242
 173 206.069904  65.044376    50.256    50.147  4 56370.52062492 10.282
 175 206.070992  65.044779    50.480    50.407  4 56390.35191703 10.011
 176 206.075587  65.046279    50.095    50.004  4 56400.26756052 10.767
 177 206.079212  65.047277    51.619    51.523  4 56410.18320131 14.256
 178 206.078447  65.047592    50.866    50.478  4 56420.09883698 26.741
 179 206.080356  65.046750    53.013    53.078  4 56430.01447351 30.855
 180 206.077498  65.045974    55.782    55.762  4 56439.93012653 49.651
 181 206.074476  65.045837    55.743    55.759  5 56449.84577707 51.064
 182 206.073432  65.045763    54.712    54.695  4 56459.76142559 52.181
 183 206.073021  65.044968    53.178    53.210  4 56469.67707088 51.258
 184 206.069708  65.044534    52.750    52.717  5 56479.59271204 49.974
 185 206.069818  65.043858    53.564    53.864  4 56489.50834953 26.316
 186 206.069495  65.044254    52.396    52.426  5 56499.42398439 51.786
 187 206.073240  65.044842    52.469    52.523  4 56509.33961828 37.438
 188 206.073037  65.045896    52.265    52.222  4 56519.25525924 33.035
 189 206.074864  65.045582    51.820    51.788  4 56529.17091316 49.111
 190 206.074420  65.045152    51.597    51.607  4 56539.08656278 40.178
 191 206.070583  65.044910    51.871    51.920  4 56549.00220790 22.594
 192 206.069902  65.045113    51.495    51.501  4 56558.91785088 47.429
 193 206.073062  65.045791    51.049    51.013  4 56568.83349329 46.091
 194 206.077577  65.046930    51.723    51.731  4 56578.74913452 26.922
 195 206.083680  65.047223    50.571    50.541  4 56588.66477218 50.803
 196 206.082589  65.047053    50.015    50.035  4 56598.58041560 45.943
 197 206.079568  65.046115    50.865    50.931  4 56608.49606650 25.027
 198 206.076996  65.045977    50.820    50.870  4 56618.41171243 16.778
 199 206.077765  65.045912    50.511    50.498  4 56628.32735536 16.372
 200 206.076144  65.046004    50.366    50.400  5 56638.24299512 19.252
 201 206.071225  65.045572    50.446    50.374  4 56648.15863801 19.037
 202 206.067113  65.044361    50.742    50.660  4 56658.07428935 16.158
 203 206.065422  65.043760    50.611    50.520  4 56667.98993670 15.080
 204 206.070408  65.043958    50.845    50.896  4 56677.90558214 14.520
 205 206.070514  65.045298    51.166    51.072  4 56687.82122579 11.894
 206 206.073222  65.045580    51.281    51.334  5 56697.73686753 11.869
 207 206.075174  65.045072    51.489    51.602  4 56707.65250464 11.729
 208 206.072530  65.044854    51.482    51.351  4 56717.56814095 10.916
 210 206.074399  65.045215    51.431    51.520  4 56737.39944279 10.987
 211 206.077363  65.046504    51.718    51.774  4 56747.31508824 10.114
 212 206.079068  65.047243    51.914    51.871  4 56757.23072918  9.579
 213 206.082206  65.046881    50.653    50.592  4 56767.14636444 34.168
 214 206.079666  65.046185    52.059    52.035  4 56777.06200779 36.416
 215 206.075363  65.045801    52.643    52.641  4 56786.97766368 48.107
 216 206.073638  65.045847    53.163    53.115  4 56796.89331623 32.433
 217 206.073611  65.046008    52.159    52.159  4 56806.80896396 51.818
 218 206.074877  65.045317    52.532    52.538  4 56816.72460560 27.166
 219 206.069910  65.044683    52.526    52.520  4 56826.64024316 27.911
 220 206.068190  65.043784   101.261   101.183  5 56836.55587764 28.778
 221 206.068396  65.044323    53.395    53.378  4 56846.47150908 52.491
 222 206.072367  65.044844    52.983    52.993  5 56856.38715874 29.127
 223 206.075640  65.045615    52.662    52.619  4 56866.30281236 51.743
 224 206.072204  65.045961    52.470    52.475  4 56876.21846418 49.315
 225 206.072020  65.045014    52.251    52.396  5 56886.13411327 42.682
 226 206.068421  65.044304    52.100    51.896  5 56896.04975924 31.515
 227 206.069484  65.044409    52.463    52.481  5 56905.96540261 23.603
 228 206.072069  65.045785    51.711    51.724  4 56915.88104389 38.124
 229 206.079690  65.046978    51.539    51.513  4 56925.79668380 43.450
 230 206.081359  65.047928    51.177    51.224  4 56935.71231999 43.174
 231 206.082861  65.047421    50.770    50.779  4 56945.62795098 49.223
 232 206.076941  65.046117    50.225    50.249  4 56955.54360211 49.537
 233 206.072140  65.045487    50.702    50.671  4 56965.45925104 44.828
 234 206.073129  65.045928    50.722    50.758  4 56975.37489595 34.005
 235 206.078213  65.046497    51.378    51.376  4 56985.29053673 31.947
 236 206.080434  65.046340    50.652    50.662  4 56995.20617193 23.501
 237 206.074372  65.045300    51.049    51.047  4 57005.12181269 21.059
 238 206.065282  65.043856    50.961    50.960  4 57015.03746720 19.486
 239 206.065350  65.043287    51.085    51.061  5 57024.95311805 17.358
 240 206.068431  65.044798    50.807    50.787  4 57034.86876683 14.759
 241 206.074481  65.046098    50.485    50.413  4 57044.78441339 14.636
 242 206.075834  65.046434    50.471    50.450  4 57054.70005666 14.242
 243 206.074846  65.045289    50.245    50.226  4 57064.61569496 12.976
 244 206.073106  65.044671    50.394    50.368  4 57074.53132835 12.893
 245 206.074276  65.045498    50.300    50.373  5 57084.44695851 12.078
 246 206.080576  65.046527    51.235    51.133  4 57094.36261166 13.909
 247 206.083348  65.047685    51.033    51.179  4 57104.27826846 11.916
 248 206.085319  65.047564    51.016    51.032  4 57114.19392109 10.648
 251 206.073586  65.045071    51.387    51.086  4 57143.94084397 36.369
 252 206.073452  65.046264    52.527    52.410  4 57153.85647776 39.118
 253 206.078841  65.046884    53.580    53.651  5 57163.77211411 31.036
 254 206.077396  65.046536    53.873    53.770  5 57173.68777095 42.085
 255 206.072739  65.045133    52.535    52.531  5 57183.60342429 46.046
 256 206.066976  65.043678    51.628    51.647  5 57193.51907360 52.665
 257 206.064104  65.043482    51.647    51.647  4 57203.43472068 52.062
 258 206.069156  65.044413    52.123    52.086  5 57213.35035504 52.748
 259 206.075301  65.045918    52.084    52.090  4 57223.26599926 24.390
 260 206.077542  65.046635    51.911    52.085  5 57233.18164149 51.116
 261 206.077546  65.045985    51.850    51.814  4 57243.09728071 32.524
 262 206.075244  65.045146    51.829    51.857  4 57253.01291722 29.801
 263 206.072689  65.045913    52.249    52.244  4 57262.92855207 24.939
 264 206.081219  65.046959    52.902    52.920  4 57272.84418926 46.268
 265 206.082362  65.048370    52.670    52.626  4 57282.75984672 28.606
 266 206.083078  65.048279    52.196    52.094  4 57292.67550165 32.589
 267 206.080990  65.046677    52.014    51.985  4 57302.59115303 34.985
 268 206.073352  65.045274    50.945    50.952  4 57312.50680006 46.001
 269 206.069262  65.044607    50.512    50.336  5 57322.42244407 50.620
 270 206.071978  65.044867    50.232    50.219  4 57332.33808649 47.705
 271 206.074856  65.045961    50.769    50.809  5 57342.25372683 35.133
 272 206.075424  65.045582    50.196    50.162  4 57352.16937879 17.290
 273 206.072767  65.044601    50.660    50.619  4 57362.08502294 13.759
 274 206.067027  65.043642    51.055    51.017  5 57372.00066359 12.646
 275 206.068543  65.043405    51.130    51.152  4 57381.91630297 12.681
 276 206.070986  65.044835    51.054    51.089  5 57391.83194178 13.127
 277 206.075539  65.046541    50.761    50.754  4 57401.74757982 10.914
 278 206.079526  65.046941    51.120    50.915  4 57411.66322226  9.089
 279 206.077179  65.046228    50.838    50.840  4 57421.57887408  8.695
 280 206.075392  65.045423    51.289    51.206  4 57431.49452327  9.641
 281 206.072229  65.045948    50.775    50.565  4 57441.41017030  8.989
 282 206.076270  65.046754    51.302    51.340  4 57451.32581713  9.432
 283 206.083061  65.047033    50.883    50.689  4 57461.24146267  9.075
 284 206.082054  65.047327    51.608    51.668  4 57471.15710409  8.638
 285 206.078819  65.046750    51.493    51.273  4 57481.07274138  9.460
 287 206.076292  65.045516    50.199    50.195  4 57500.90400829 30.373
 288 206.073650  65.045992    52.361    52.373  4 57510.81965520 37.554
 289 206.073399  65.045998    52.364    52.333  4 57520.73531081 49.228
 290 206.074151  65.045559    53.521    53.478  4 57530.65096398 49.973
 291 206.069431  65.045108    53.213    53.241  4 57540.56661334 51.560
 292 206.067947  65.044187    52.174    52.232  5 57550.48226019 52.327
 293 206.066894  65.044130    52.474    52.437  4 57560.39790559 31.587
 294 206.071023  65.044644    52.363    52.415  5 57570.31355088 50.189
 295 206.073124  65.045750    52.320    52.275  4 57580.22919571 30.244
 296 206.076950  65.046117    52.894    52.836  5 57590.14483906 25.929
 297 206.078571  65.045897    52.943    52.920  4 57600.06047951 26.732
