-138427.162   -23.559     0.00    0.00
-138139.869   -23.559     0.00    0.00
-137852.589   -23.559     0.00    0.00
-137565.322   -23.559     0.00    0.00
-137278.068   -23.559     0.00    0.00
-136990.827   -23.559     0.00    0.00
-136703.598   -23.559     0.00    0.00
-136416.383   -23.559     0.00    0.00
-136129.181   -23.559     0.00    0.00
-135841.993   -23.559     0.00    0.00
-135554.817   -23.559     0.00    0.00
-135267.654   -23.559     0.00    0.00
-134980.504   -23.559     0.00    0.00
-134693.367   -23.559     0.00    0.00
-134406.243   -23.559     0.00    0.00
-134119.132   -23.559     0.00    0.00
-133832.034   -23.559     0.00    0.00
-133544.950   -23.559     0.00    0.00
-133257.878   -23.559     0.00    0.00
-132970.819   -23.559     0.00    0.00
-132683.773   -23.559     0.00    0.00
-132396.740   -23.559     0.00    0.00
-132109.721   -23.559     0.00    0.00
-131822.714   -23.559     0.00    0.00
-131535.720   -23.559     0.00    0.00
-131248.739   -23.559     0.00    0.00
-130961.771   -23.559     0.00    0.00
-130674.817   -23.559     0.00    0.00
-130387.875   -23.559     0.00    0.00
-130100.946   -23.559     0.00    0.00
-129814.030   -23.559     0.00    0.00
-129527.127   -23.559     0.00    0.00
-129240.237   -23.559     0.00    0.00
-128953.360   -23.559     0.00    0.00
-128666.496   -23.559     0.00    0.00
-128379.645   -23.559     0.00    0.00
-128092.807   -23.559     0.00    0.00
-127805.982   -23.559     0.00    0.00
-127519.170   -23.559     0.00    0.00
-127232.371   -23.559     0.00    0.00
-126945.585   -23.559     0.00    0.00
-126658.812   -23.559     0.00    0.00
-126372.051   -23.559     0.00    0.00
-126085.304   -23.559     0.00    0.00
-125798.570   -23.559     0.00    0.00
-125511.848   -23.559     0.00    0.00
-125225.140   -23.559     0.00    0.00
-124938.444   -23.559     0.00    0.00
-124651.762   -23.559     0.00    0.00
-124365.092   -23.559     0.00    0.00
-124078.436   -23.559     0.00    0.00
-123791.792   -23.559     0.00    0.00
-123505.161   -23.559     0.00    0.00
-123218.543   -23.559     0.00    0.00
-122931.938   -23.559     0.00    0.00
-122645.346   -23.559     0.00    0.00
-122358.767   -23.559     0.00    0.00
-122072.201   -23.559     0.00    0.00
-121785.648   -23.559     0.00    0.00
-121499.107   -23.559     0.00    0.00
-121212.580   -23.559     0.00    0.00
-120926.065   -23.559     0.00    0.00
-120639.564   -23.559     0.00    0.00
-120353.075   -23.559     0.00    0.00
-120066.599   -23.559     0.00    0.00
-119780.136   -23.559     0.00    0.00
-119493.686   -23.559     0.00    0.00
-119207.249   -23.559     0.00    0.00
-118920.825   -23.559     0.00    0.00
-118634.414   -23.559     0.00    0.00
-118348.016   -23.559     0.00    0.00
-118061.630   -23.559     0.00    0.00
-117775.257   -23.559     0.00    0.00
-117488.898   -23.559     0.00    0.00
-117202.551   -23.559     0.00    0.00
-116916.217   -23.559     0.00    0.00
-116629.896   -23.559     0.00    0.00
-116343.588   -23.559     0.00    0.00
-116057.292   -23.559     0.00    0.00
-115771.010   -23.559     0.00    0.00
-115484.740   -23.559     0.00    0.00
-115198.484   -23.559     0.00    0.00
-114912.240   -23.559     0.00    0.00
-114626.009   -23.559     0.00    0.00
-114339.791   -23.559     0.00    0.00
-114053.586   -23.559     0.00    0.00
-113767.393   -23.559     0.00    0.00
-113481.214   -23.559     0.00    0.00
-113195.047   -23.559     0.00    0.00
-112908.893   -23.559     0.00    0.00
-112622.752   -23.559     0.00    0.00
-112336.624   -23.559     0.00    0.00
-112050.509   -23.559     0.00    0.00
-111764.407   -23.559     0.00    0.00
-111478.317   -23.559     0.00    0.00
-111192.240   -23.559     0.00    0.00
-110906.177   -23.559     0.00    0.00
-110620.126   -23.559     0.00    0.00
-110334.087   -23.559     0.00    0.00
-110048.062   -23.559     0.00    0.00
-109762.049   -23.559     0.00    0.00
-109476.050   -23.559     0.00    0.00
-109190.063   -23.559     0.00    0.00
-108904.089   -23.559     0.00    0.00
-108618.127   -23.559     0.00    0.00
-108332.179   -23.559     0.00    0.00
-108046.243   -23.559     0.00    0.00
-107760.321   -23.559     0.00    0.00
-107474.411   -23.559     0.00    0.00
-107188.513   -23.559     0.00    0.00
-106902.629   -23.559     0.00    0.00
-106616.757   -23.559     0.00    0.00
-106330.899   -23.559     0.00    0.00
-106045.053   -23.559     0.00    0.00
-105759.220   -23.559     0.00    0.00
-105473.399   -23.559     0.00    0.00
-105187.592   -23.559     0.00    0.00
-104901.797   -23.559     0.00    0.00
-104616.015   -23.559     0.00    0.00
-104330.246   -23.559     0.00    0.00
-104044.489   -23.559     0.00    0.00
-103758.746   -23.559     0.00    0.00
-103473.015   -23.559     0.00    0.00
-103187.297   -23.559     0.00    0.00
-102901.591   -23.559     0.00    0.00
-102615.899   -23.559     0.00    0.00
-102330.219   -23.559     0.00    0.00
-102044.552   -23.559     0.00    0.00
-101758.898   -23.559     0.00    0.00
-101473.257   -23.559     0.00    0.00
-101187.628   -23.559     0.00    0.00
-100902.012   -23.559     0.00    0.00
-100616.409   -23.559     0.00    0.00
-100330.819   -23.559     0.00    0.00
-100045.241   -23.559     0.00    0.00
 -99759.676   -23.559     0.00    0.00
 -99474.124   -23.559     0.00    0.00
 -99188.585   -23.559     0.00    0.00
 -98903.058   -23.559     0.00    0.00
 -98617.544   -23.559     0.00    0.00
 -98332.043   -23.559     0.00    0.00
 -98046.555   -23.559     0.00    0.00
 -97761.079   -23.559     0.00    0.00
 -97475.616   -23.559     0.00    0.00
 -97190.166   -23.559     0.00    0.00
 -96904.728   -23.559     0.00    0.00
 -96619.304   -23.559     0.00    0.00
 -96333.892   -23.559     0.00    0.00
 -96048.492   -23.559     0.00    0.00
 -95763.106   -23.559     0.00    0.00
 -95477.732   -23.559     0.00    0.00
 -95192.371   -23.559     0.00    0.00
 -94907.023   -23.559     0.00    0.00
 -94621.687   -23.559     0.00    0.00
 -94336.364   -23.559     0.00    0.00
 -94051.054   -23.559     0.00    0.00
 -93765.756   -23.559     0.00    0.00
 -93480.472   -23.559     0.00    0.00
 -93195.199   -23.559     0.00    0.00
 -92909.940   -23.559     0.00    0.00
 -92624.693   -23.559     0.00    0.00
 -92339.459   -23.559     0.00    0.00
 -92054.238   -23.559     0.00    0.00
 -91769.029   -23.559     0.00    0.00
 -91483.833   -23.559     0.00    0.00
 -91198.650   -23.559     0.00    0.00
 -90913.480   -23.559     0.00    0.00
 -90628.322   -23.559     0.00    0.00
 -90342.460   -23.559     0.00    0.00
 -90054.456   -23.559     0.00    0.00
 -89766.466   -23.559     0.00    0.00
 -89478.490   -23.559     0.00    0.00
 -89190.528   -23.559     0.00    0.00
 -88902.579   -23.559     0.00    0.00
 -88614.645   -23.559     0.00    0.00
 -88326.724   -23.559     0.00    0.00
 -88038.816   -23.559     0.00    0.00
 -87750.923   -23.559     0.00    0.00
 -87463.043   -23.559     0.00    0.00
 -87175.178   -23.559     0.00    0.00
 -86887.325   -23.559     0.00    0.00
 -86599.487   -23.559     0.00    0.00
 -86311.663   -23.559     0.00    0.00
 -86023.852   -23.559     0.00    0.00
 -85736.055   -23.559     0.00    0.00
 -85448.271   -23.559     0.00    0.00
 -85160.502   -23.559     0.00    0.00
 -84872.746   -23.559     0.00    0.00
 -84585.004   -23.559     0.00    0.00
 -84297.276   -23.559     0.00    0.00
 -84009.561   -23.559     0.00    0.00
 -83721.861   -23.559     0.00    0.00
 -83434.174   -23.559     0.00    0.00
 -83146.500   -23.559     0.00    0.00
 -82858.841   -23.559     0.00    0.00
 -82571.195   -23.559     0.00    0.00
 -82283.563   -23.559     0.00    0.00
 -81995.944   -23.559     0.00    0.00
 -81708.340   -23.559     0.00    0.00
 -81420.749   -23.559     0.00    0.00
 -81133.172   -23.559     0.00    0.00
 -80845.608   -23.559     0.00    0.00
 -80558.059   -23.559     0.00    0.00
 -80270.522   -23.559     0.00    0.00
 -79983.000   -23.559     0.00    0.00
 -79695.492   -23.559     0.00    0.00
 -79407.997   -23.559     0.00    0.00
 -79120.515   -23.559     0.00    0.00
 -78833.048   -23.559     0.00    0.00
 -78545.594   -23.559     0.00    0.00
 -78258.154   -23.559     0.00    0.00
 -77970.728   -23.559     0.00    0.00
 -77683.315   -23.559     0.00    0.00
 -77395.916   -23.559     0.00    0.00
 -77108.531   -23.559     0.00    0.00
 -76821.159   -23.559     0.00    0.00
 -76533.801   -23.559     0.00    0.00
 -76246.457   -23.559     0.00    0.00
 -75959.126   -23.559     0.00    0.00
 -75671.809   -23.559     0.00    0.00
 -75384.506   -23.559     0.00    0.00
 -75097.216   -23.559     0.00    0.00
 -74809.940   -23.559     0.00    0.00
 -74522.678   -23.544     0.05    0.12
 -74235.430   -23.471     0.25    0.28
 -73948.195   -23.341     0.45    0.47
 -73660.973   -23.127     0.75    0.69
 -73373.766   -22.831     1.03    0.93
 -73086.572   -22.402     1.49    1.21
 -72799.392   -21.720     2.37    1.64
 -72512.225   -20.747     3.39    2.13
 -72225.072   -19.636     3.87    2.49
 -71937.933   -18.382     4.37    2.44
 -71650.807   -17.413     3.37    2.15
 -71363.695   -16.485     3.23    1.55
 -71076.596   -15.924     1.95    0.91
 -70789.511   -15.522     1.40    0.63
 -70502.440   -15.083     1.53    1.15
 -70215.383   -14.345     2.57    1.98
 -69928.339   -13.406     3.27    2.63
 -69641.309   -12.143     4.40    3.02
 -69354.292   -10.913     4.28    2.98
 -69067.289    -9.597     4.59    2.56
 -68780.299    -8.582     3.54    2.02
 -68493.324    -7.830     2.62    1.70
 -68206.361    -7.029     2.79    1.78
 -67919.413    -6.000     3.59    2.34
 -67632.478    -5.000     3.49    2.70
 -67345.556    -4.010     3.45    2.71
 -67058.649    -3.179     2.90    2.66
 -66771.755    -1.721     5.08    2.86
 -66484.874    -0.251     5.12    3.28
 -66198.007     1.524     6.19    3.95
 -65911.154     3.411     6.58    4.59
 -65624.314     5.303     6.60    5.09
 -65337.488     7.411     7.35    5.22
 -65050.675     9.192     6.21    5.26
 -64763.876    11.678     8.67    5.49
 -64477.091    14.285     9.09    6.26
 -64190.319    16.591     8.04    6.94
 -63903.560    19.387     9.75    7.81
 -63616.816    22.622    11.28    8.26
 -63330.085    26.616    13.93    8.58
 -63043.367    31.410    16.72    8.78
 -62756.663    37.092    19.82   10.87
 -62469.972    44.403    25.50   14.70
 -62183.296    54.069    33.72   20.55
 -61896.632    67.177    45.73   29.18
 -61609.983    85.673    64.53   39.87
 -61323.346   104.851    66.91   45.30
 -61036.724   127.161    77.84   48.32
 -60750.115   148.485    74.40   49.76
 -60463.519   169.960    74.93   47.38
 -60176.937   189.285    67.43   46.68
 -59890.369   209.587    70.85   51.44
 -59603.814   226.663    59.59   54.26
 -59317.272   241.107    50.41   55.63
 -59030.744   260.605    68.05   59.38
 -58744.230   284.479    83.33   70.68
 -58457.729   313.515   101.35   76.39
 -58171.242   330.495    59.27   71.77
 -57884.768   340.663    35.49   62.60
 -57598.308   353.073    43.32   60.77
 -57311.861   364.004    38.16   63.05
 -57025.428   374.471    36.54   63.68
 -56739.009   374.183    -1.01   60.53
 -56452.603   366.158   -28.02   61.41
 -56166.210   355.441   -37.42   62.90
 -55879.831   346.259   -32.06   62.88
 -55593.465   334.578   -40.79   57.70
 -55307.113   334.799     0.77   58.85
 -55020.775   348.630    48.30   66.11
 -54734.449   367.955    67.50   65.29
 -54448.138   381.279    46.54   58.25
 -54161.840   385.516    14.80   60.03
 -53875.555   380.803   -16.46   72.19
 -53589.284   359.530   -74.31   85.85
 -53303.026   335.619   -83.53   84.29
 -53016.782   304.283  -109.48   79.20
 -52730.552   275.387  -100.96   74.95
 -52444.335   250.042   -88.55   69.17
 -52158.131   227.694   -78.08   65.23
 -51871.941   205.283   -78.31   65.38
 -51585.764   180.141   -87.86   63.03
 -51299.601   155.012   -87.81   55.84
 -51013.451   131.273   -82.96   47.02
 -50727.315   112.732   -64.80   35.88
 -50441.192   101.572   -39.00   30.21
 -50155.082    99.120    -8.57   32.42
 -49868.986   100.698     5.52   36.18
 -49582.904   107.226    22.82   40.13
 -49296.835   122.394    53.02   42.58
 -49010.779   137.694    53.49   40.68
 -48724.737   156.848    66.96   36.32
 -48438.709   168.083    39.28   34.05
 -48152.693   173.175    17.80   32.62
 -47866.692   180.067    24.10   34.41
 -47580.703   183.534    12.12   32.86
 -47294.728   185.152     5.66   34.93
 -47008.767   186.394     4.34   37.15
 -46722.819   184.596    -6.29   40.00
 -46436.884   182.766    -6.40   42.04
 -46150.963   178.826   -13.78   43.44
 -45865.055   174.823   -14.00   42.87
 -45579.161   169.759   -17.72   38.34
 -45293.280   166.581   -11.12   30.71
 -45007.413   167.012     1.51   24.23
 -44721.559   175.859    30.95   29.07
 -44435.718   192.456    58.06   31.34
 -44149.891   205.987    47.34   32.04
 -43864.077   220.486    50.73   33.20
 -43578.277   233.056    43.98   38.04
 -43292.490   248.576    54.31   41.51
 -43006.716   263.310    51.56   45.63
 -42720.956   278.636    53.63   48.85
 -42435.209   295.510    59.05   48.35
 -42149.476   313.857    64.21   48.99
 -41863.756   337.410    82.43   51.55
 -41578.049   365.978    99.99   57.03
 -41292.356   400.880   122.17   64.21
 -41006.676   427.591    93.50   63.15
 -40721.010   444.342    58.64   54.84
 -40435.356   451.610    25.44   52.51
 -40149.717   454.358     9.62   55.38
 -39864.091   453.533    -2.89   59.38
 -39578.478   441.804   -41.07   64.53
 -39292.878   430.878   -38.26   65.08
 -39007.292   415.538   -53.71   66.56
 -38721.719   408.787   -23.64   67.59
 -38436.160   408.486    -1.05   65.67
 -38150.614   415.564    24.79   64.64
 -37865.081   429.095    47.39   61.29
 -37579.561   450.864    76.24   58.41
 -37294.055   466.922    56.25   59.49
 -37008.563   481.033    49.43   64.09
 -36723.084   496.666    54.76   66.55
 -36437.618   508.037    39.83   70.72
 -36152.165   528.175    70.55   74.45
 -35866.726   557.355   102.23   81.50
 -35581.300   587.004   103.88   78.48
 -35295.887   591.991    17.47   71.86
 -35010.488   590.862    -3.96   70.01
 -34725.102   571.136   -69.12   70.71
 -34439.730   550.321   -72.94   76.26
 -34154.370   527.070   -81.48   76.91
 -33869.025   495.892  -109.27   72.47
 -33583.692   469.862   -91.23   62.38
 -33298.373   459.992   -34.59   55.73
 -33013.067   447.378   -44.21   55.80
 -32727.774   436.176   -39.27   57.67
 -32442.495   426.308   -34.59   58.74
 -32157.229   424.168    -7.50   64.11
 -31871.976   421.753    -8.47   66.07
 -31586.737   414.220   -26.41   69.75
 -31301.511   400.573   -47.85   72.66
 -31016.298   397.152   -12.00   73.99
 -30731.099   384.886   -43.01   69.76
 -30445.913   374.870   -35.12   58.36
 -30160.740   359.834   -52.73   53.48
 -29875.580   361.209     4.82   53.85
 -29590.434   363.386     7.63   58.38
 -29305.301   373.147    34.24   62.12
 -29020.181   372.340    -2.83   61.11
 -28735.075   361.986   -36.32   60.23
 -28448.945   348.456   -47.29   62.43
 -28160.880   328.050   -70.84   70.58
 -27872.829   307.886   -70.00   72.61
 -27584.792   284.653   -80.66   62.36
 -27296.769   276.711   -27.57   53.94
 -27008.762   279.883    11.01   62.80
 -26720.768   296.236    56.78   77.00
 -26432.789   323.810    95.75   84.73
 -26144.824   356.657   114.07   85.45
 -25856.874   399.603   149.15   82.88
 -25568.938   432.530   114.36   75.65
 -25281.016   452.933    70.86   66.71
 -24993.109   458.381    18.92   62.93
 -24705.217   459.557     4.08   63.74
 -24417.338   454.283   -18.32   69.69
 -24129.474   443.112   -38.80   74.32
 -23841.625   427.097   -55.64   69.59
 -23553.789   409.402   -61.48   63.53
 -23265.969   392.510   -58.69   58.79
 -22978.162   381.847   -37.05   59.07
 -22690.370   375.964   -20.44   56.78
 -22402.592   363.877   -42.00   53.19
 -22114.829   346.293   -61.10   49.13
 -21827.080   327.456   -65.47   38.55
 -21539.345   312.636   -51.51   30.19
 -21251.625   308.238   -15.29   35.73
 -20963.919   301.720   -22.65   38.74
 -20676.228   291.880   -34.20   46.63
 -20388.550   274.259   -61.25   53.47
 -20100.887   256.508   -61.71   47.42
 -19813.239   245.833   -37.11   37.12
 -19525.605   246.013     0.63   34.99
 -19237.985   255.764    33.90   40.89
 -18950.379   269.157    46.57   48.68
 -18662.788   292.358    80.67   51.72
 -18375.211   310.619    63.50   50.16
 -18087.649   328.228    61.24   42.56
 -17800.100   341.387    45.76   35.60
 -17512.566   347.847    22.47   32.66
 -17225.047   348.089     0.84   31.47
 -16937.542   344.187   -13.57   35.75
 -16650.051   336.717   -25.98   43.22
 -16362.574   320.967   -54.79   52.82
 -16075.112   298.356   -78.66   56.49
 -15787.664   270.607   -96.54   56.22
 -15500.230   245.356   -87.85   54.92
 -15212.811   219.594   -89.63   55.05
 -14925.405   196.133   -81.63   47.75
 -14638.015   181.187   -52.01   42.99
 -14350.638   172.471   -30.33   36.19
 -14063.276   166.797   -19.74   31.75
 -13775.928   170.806    13.95   40.40
 -13488.594   170.292    -1.79   44.37
 -13201.275   169.045    -4.34   46.35
 -12913.970   161.050   -27.83   46.62
 -12626.679   153.463   -26.41   45.63
 -12339.402   144.471   -31.30   43.29
 -12052.140   134.433   -34.95   33.95
 -11764.892   126.364   -28.09   26.79
 -11477.658   122.850   -12.23   25.59
 -11190.439   124.005     4.02   30.26
 -10903.234   125.245     4.32   34.86
 -10616.043   126.320     3.74   35.20
 -10328.866   125.658    -2.31   35.66
 -10041.703   118.035   -26.55   36.33
  -9754.555   110.187   -27.33   37.82
  -9467.421   101.170   -31.40   36.39
  -9180.302    91.534   -33.56   27.90
  -8893.196    87.524   -13.97   23.07
  -8606.105    87.192    -1.15   22.47
  -8319.028   100.162    45.18   35.51
  -8031.965   118.441    63.67   44.20
  -7744.917   138.869    71.17   47.69
  -7457.882   157.782    65.89   43.04
  -7170.862   171.622    48.22   34.00
  -6883.856   179.074    25.96   22.20
  -6596.865   176.980    -7.30   23.27
  -6309.887   169.213   -27.06   26.57
  -6022.924   158.198   -38.38   27.77
  -5735.975   147.944   -35.73   29.49
  -5449.040   139.761   -28.52   31.97
  -5162.120   126.764   -45.30   33.76
  -4875.214   114.339   -43.31   33.13
  -4588.321   100.185   -49.34   31.78
  -4301.444    85.269   -52.00   32.58
  -4014.580    66.213   -66.43   36.97
  -3727.730    49.551   -58.09   38.48
  -3440.895    33.260   -56.79   37.38
  -3154.074    22.746   -36.66   34.44
  -2867.267    11.196   -40.27   24.73
  -2580.474     3.997   -25.10    8.11
  -2293.695     3.622    -1.31    3.19
  -2006.931     4.659     3.62    2.94
  -1720.181     5.708     3.66    2.02
  -1433.445     6.297     2.05    1.17
  -1146.723     5.611    -2.39    2.42
   -860.015     4.493    -3.90    3.11
   -573.321     3.245    -4.35    3.41
   -286.642     2.082    -4.06    3.32
      0.023     0.816    -4.42    2.61
    286.674     0.944     0.45    2.95
    573.311     1.622     2.36    3.43
    859.934     2.887     4.42    3.75
   1146.543     4.223     4.66    3.53
   1433.137     5.380     4.04    2.87
   1719.717     6.357     3.41    1.50
   2006.284     6.559     0.70    0.35
   2292.836     6.448    -0.39    0.09
   2579.373     6.448     0.00    0.09
   2865.897     6.441    -0.03    0.00
   3152.407     6.441     0.00    0.00
   3438.902     6.441     0.00    0.00
   3725.384     6.441     0.00    0.00
   4011.851     6.441     0.00    0.00
   4298.304     6.441     0.00    0.00
   4584.743     6.441     0.00    0.00
   4871.168     6.441     0.00    0.00
   5157.579     6.441     0.00    0.00
   5443.975     6.433    -0.03    0.09
   5730.358     6.387    -0.16    0.23
   6016.726     6.387     0.00    0.23
   6303.081     6.393     0.02    0.21
   6589.421     6.410     0.06    0.17
   6875.747     6.433     0.08    0.09
   7162.059     6.441     0.03    0.00
   7448.357     6.441     0.00    0.00
   7734.641     6.441     0.00    0.00
   8020.910     6.441     0.00    0.00
   8307.166     6.441     0.00    0.00
   8593.408     6.441     0.00    0.00
   8879.635     6.441     0.00    0.00
   9165.849     6.441     0.00    0.00
   9452.048     6.441     0.00    0.00
   9738.233     6.441     0.00    0.00
  10024.404     6.441     0.00    0.00
  10310.562     6.441     0.00    0.00
  10596.705     6.441     0.00    0.00
  10882.834     6.479     0.13    0.19
  11168.949     6.602     0.43    0.37
  11455.049     6.812     0.73    0.58
  11741.136     7.094     0.99    0.85
  12027.209     7.592     1.74    1.24
  12313.268     8.362     2.69    1.85
  12599.312     9.499     3.97    2.51
  12885.343    10.925     4.98    3.08
  13171.360    12.933     7.02    3.96
  13457.362    15.385     8.57    4.94
  13743.351    19.221    13.41    7.34
  14029.325    24.179    17.34   10.19
  14315.285    29.318    17.97   11.87
  14601.232    36.239    24.20   14.23
  14887.164    43.741    26.24   15.49
  15173.083    50.700    24.34   15.04
  15458.987    56.558    20.49   12.82
  15744.877    60.613    14.19   10.92
  16030.753    65.206    16.07    9.88
  16316.616    69.622    15.45   11.22
  16602.464    71.960     8.18   12.17
  16888.298    71.319    -2.24   12.95
  17174.118    68.862    -8.60   14.45
  17459.925    67.215    -5.76   15.67
  17745.717    65.301    -6.70   15.55
  18031.495    61.660   -12.74   14.73
  18317.259    58.063   -12.59   12.55
  18603.010    54.759   -11.56   13.43
  18888.746    53.952    -2.82   13.26
  19174.468    54.486     1.87   12.43
  19460.176    54.933     1.56   12.31
  19745.871    54.856    -0.27   14.01
  20031.551    55.562     2.47   16.05
  20317.217    57.984     8.48   16.92
  20602.869    61.275    11.52   17.64
  20888.508    62.870     5.58   20.20
  21174.132    63.554     2.39   21.95
  21459.743    61.611    -6.80   21.38
  21745.339    58.395   -11.26   21.19
  22030.922    54.294   -14.36   17.60
  22316.490    51.622    -9.36   15.76
  22602.045    47.979   -12.76   12.19
  22887.585    45.149    -9.91   10.59
  23173.112    42.571    -9.03    7.62
  23458.625    42.403    -0.59    8.47
  23744.123    44.115     6.00   12.60
  24029.608    48.039    13.75   16.42
  24315.079    49.689     5.78   17.59
  24600.536    51.845     7.55   17.92
  24885.979    55.234    11.87   18.49
  25171.408    61.073    20.46   20.19
  25456.823    66.112    17.65   20.07
  25742.224    71.651    19.41   20.92
  26027.612    76.630    17.44   20.77
  26312.985    81.905    18.48   20.04
  26598.344    85.478    12.52   17.47
  26883.690    88.378    10.16   15.03
  27169.021    86.072    -8.08   16.53
  27454.339    81.758   -15.12   18.54
  27739.643    75.554   -21.75   18.38
  28024.932    67.976   -26.56   16.74
  28310.208    61.493   -22.72   14.31
  28595.470    56.189   -18.60   11.58
  28880.718    52.084   -14.39    7.23
  29165.953    50.115    -6.90    6.29
  29451.173    48.654    -5.12    6.75
  29736.379    47.087    -5.50    6.97
  30021.572    44.332    -9.66    8.29
  30306.750    41.181   -11.05    9.28
  30591.915    38.081   -10.87    9.83
  30877.066    35.615    -8.65    9.34
  31162.203    34.944    -2.35    8.39
  31447.326    34.433    -1.79    8.02
  31732.435    34.290    -0.50    7.33
  32017.531    35.080     2.77    7.74
  32302.612    36.755     5.88    8.20
  32587.680    38.531     6.23    8.75
  32872.733    40.730     7.71    9.71
  33157.773    42.685     6.86   10.12
  33444.170    43.866     4.12    9.98
  33732.306    46.624     9.57   11.19
  34020.427    48.563     6.73   12.16
  34308.533    49.661     3.81   11.75
  34596.623    50.441     2.71   10.76
  34884.699    52.488     7.11   11.43
  35172.759    56.516    13.98   14.07
  35460.805    64.346    27.18   21.12
  35748.836    72.027    26.67   23.98
  36036.851    80.511    29.46   23.69
  36324.852    87.859    25.51   21.53
  36612.837    94.403    22.72   20.20
  36900.808    96.177     6.16   20.18
  37188.764    93.713    -8.56   22.23
  37476.704    86.619   -24.64   25.06
  37764.630    77.077   -33.14   25.85
  38052.540    69.441   -26.52   23.80
  38340.436    62.222   -25.07   19.56
  38628.317    56.293   -20.60   16.27
  38916.182    52.279   -13.94   15.69
  39204.033    48.914   -11.69   16.70
  39491.869    44.527   -15.24   16.75
  39779.690    40.140   -15.24   15.73
  40067.496    35.542   -15.97   13.54
  40355.286    32.358   -11.06   11.44
  40643.062    29.456   -10.08    9.07
  40930.823    27.959    -5.20    7.57
  41218.569    26.177    -6.19    6.44
  41506.300    25.107    -3.72    6.02
  41794.016    24.206    -3.13    5.28
  42081.717    23.039    -4.06    3.94
  42369.404    22.281    -2.63    2.70
  42657.075    21.774    -1.76    1.41
  42944.731    21.736    -0.13    1.42
  43232.372    21.488    -0.86    1.50
  43519.999    21.233    -0.89    1.55
  43807.610    20.887    -1.20    1.51
  44095.207    20.629    -0.89    1.52
  44382.789    20.510    -0.42    1.55
  44670.355    20.409    -0.35    1.60
  44957.907    20.238    -0.60    1.64
  45245.444    19.853    -1.34    1.75
  45532.966    19.319    -1.86    2.02
  45820.473    18.667    -2.27    2.18
  46107.965    17.805    -3.00    2.43
  46395.443    16.975    -2.89    2.52
  46682.905    16.042    -3.24    2.49
  46970.353    15.403    -2.22    2.64
  47257.785    14.566    -2.91    2.32
  47545.203    14.062    -1.75    2.21
  47832.606    13.627    -1.51    2.12
  48119.994    13.797     0.59    2.88
  48407.367    13.944     0.51    3.44
  48694.725    15.021     3.75    4.48
  48982.068    16.066     3.64    5.12
  49269.397    17.866     6.26    5.59
  49556.710    19.583     5.98    6.05
  49844.009    22.308     9.48    5.64
  50131.293    24.089     6.20    4.92
  50418.562    25.294     4.19    3.44
  50705.816    25.801     1.77    2.82
  50993.055    25.850     0.17    2.88
  51280.279    24.698    -4.01    3.85
  51567.489    22.441    -7.86    5.63
  51854.683    19.567   -10.01    6.58
  52141.863    17.952    -5.62    6.66
  52429.028    16.894    -3.69    6.54
  52716.178    16.764    -0.45    6.36
  53003.314    16.650    -0.40    6.19
  53290.434    17.410     2.65    6.10
  53577.540    19.015     5.59    5.45
  53864.631    20.365     4.70    4.50
  54151.707    21.056     2.41    4.29
  54438.768    21.378     1.12    4.67
  54725.814    22.130     2.62    5.51
  55012.846    23.677     5.39    4.97
  55299.862    25.143     5.11    5.13
  55586.864    26.354     4.22    5.02
  55873.851    27.539     4.13    4.98
  56160.824    28.582     3.64    4.94
  56447.781    29.948     4.76    4.83
  56734.724    32.202     7.85    5.16
  57021.652    35.370    11.04    7.44
  57308.565    40.092    16.46   12.12
  57595.463    45.941    20.38   17.22
  57882.346    53.865    27.62   22.77
  58169.215    63.115    32.25   25.28
  58456.069    70.956    27.33   23.73
  58742.908    75.023    14.18   21.94
  59029.733    72.833    -7.64   25.07
  59316.542    63.944   -30.99   32.06
  59603.337    49.354   -50.87   33.39
  59890.117    35.102   -49.69   28.24
  60176.882    23.535   -40.34   21.10
  60463.633    16.349   -25.06   15.76
  60750.369    10.909   -18.97   10.76
  61037.090     7.865   -10.62    8.34
  61323.796     5.771    -7.30    5.03
  61610.487     4.921    -2.97    3.32
  61897.164     4.456    -1.62    1.85
  62183.826     4.510     0.19    1.73
  62470.473     4.721     0.73    1.63
  62757.106     5.023     1.05    1.43
  63043.723     5.674     2.27    0.73
  63330.326     6.012     1.18    0.76
  63616.915     6.502     1.71    1.11
  63903.488     7.039     1.88    1.38
  64190.047     7.828     2.75    1.63
  64476.591     8.495     2.33    1.61
  64763.121     9.144     2.26    1.47
  65049.635     9.644     1.74    1.30
  65336.135     9.944     1.05    1.17
  65622.621    10.084     0.49    1.26
  65909.091    10.026    -0.20    1.30
  66195.547     9.816    -0.73    1.48
  66481.988     9.441    -1.31    1.41
  66768.414     9.099    -1.19    1.37
  67054.826     8.735    -1.27    1.26
  67341.223     8.276    -1.60    1.09
  67627.605     7.794    -1.68    0.99
  67913.973     7.448    -1.21    0.90
  68200.326     7.107    -1.19    0.78
  68486.664     6.862    -0.85    0.65
  68772.988     6.606    -0.90    0.37
  69059.297     6.472    -0.47    0.18
  69345.591     6.441    -0.11    0.00
  69631.870     6.441     0.00    0.00
  69918.135     6.502     0.21    0.24
  70204.385     6.555     0.19    0.32
  70490.621     6.637     0.29    0.40
  70776.842     6.681     0.15    0.43
  71063.048     6.720     0.13    0.45
  71349.239     6.734     0.05    0.46
  71635.416     6.700    -0.12    0.44
  71921.579     6.639    -0.21    0.40
  72207.726     6.575    -0.22    0.34
  72493.859     6.502    -0.26    0.24
  72779.977     6.456    -0.16    0.12
  73066.081     6.441    -0.05    0.00
  73352.170     6.441     0.00    0.00
  73638.244     6.441     0.00    0.00
  73924.304     6.441     0.00    0.00
  74210.349     6.441     0.00    0.00
  74496.380     6.441     0.00    0.00
  74782.396     6.441     0.00    0.00
  75068.397     6.441     0.00    0.00
  75354.383     6.441     0.00    0.00
  75640.355     6.441     0.00    0.00
  75926.313     6.441     0.00    0.00
  76212.255     6.441     0.00    0.00
  76498.184     6.441     0.00    0.00
  76784.097     6.441     0.00    0.00
  77069.996     6.441     0.00    0.00
  77355.880     6.441     0.00    0.00
  77641.750     6.441     0.00    0.00
  77927.605     6.441     0.00    0.00
  78213.446     6.517     0.27    0.27
  78499.272     6.578     0.21    0.44
  78785.083     6.701     0.43    0.65
  79070.880     6.927     0.79    1.11
  79356.662     7.174     0.86    1.40
  79642.430     7.621     1.56    2.11
