# NaN NaN NaN ;Mean Elev.(m), Avg Gradient(m/km), RMS Gradient(m/km) - SRTM1     
#   27.407  -0.123  18.289 ;Mean Elev.(m), Avg Gradient(m/km), RMS Gradient(m/km) - ASTER GDEM
#   38.036  -0.387   0.792 ;Mean Elev.(m), Avg Gradient(m/km), RMS Gradient(m/km) - GMTED2010 
   1 203.218002  64.646617    40.259    40.307  5 54659.09658227 32.618
   2 203.219688  64.645398    45.408    45.383  4 54669.01222869 18.816
   4 203.216857  64.648177    40.978    40.985  4 54688.84351545 31.077
   6 203.218491  64.648566    40.099    40.108  4 54708.67479999 52.639
   8 203.221037  64.642911    39.340    39.339  4 54728.50610129 52.522
   9 203.218346  64.642224    39.255    39.204  4 54738.42174850 50.844
  10 203.221618  64.642341    86.039    86.108  4 54748.33739602 29.522
  11 203.220209  64.643635    38.681    38.670  4 54758.25304271 50.761
  12 203.216647  64.644496    38.961    39.011  4 54768.16868704 37.407
  13 203.221195  64.642772    38.866    38.880  4 54778.08432896 31.560
  14 203.220033  64.641638    38.549    38.569  5 54787.99996791 30.151
  15 203.221586  64.641259    38.979    39.005  4 54797.91560609 27.561
  16 203.217701  64.643641    38.654    38.676  4 54807.83124352 27.633
  17 203.216589  64.646093    38.558    38.555  4 54817.74688066 26.755
  18 203.215278  64.647117    38.618    38.644  4 54827.66253073 25.790
  19 203.215449  64.646463    38.261    38.268  4 54837.57816985 19.625
  20 203.217293  64.645648    42.098    42.197  4 54847.49381945 13.534
  21 203.218357  64.645628    43.555    43.675  5 54857.40946831 11.543
  22 203.217186  64.646627    42.956    42.938  4 54867.32511693 12.291
  23 203.217859  64.646564    43.549    43.514  4 54877.24076514 11.512
  24 203.218215  64.645534    43.979    43.923  4 54887.15641037 11.012
  25 203.218676  64.643439    45.756    45.816  5 54897.07205232 10.258
  26 203.219559  64.641803    46.085    46.245  5 54906.98769167 10.266
  27 203.219640  64.641830    45.168    45.072  5 54916.90332967  9.773
  28 203.221543  64.642593    45.048    44.939  4 54926.81896767 10.063
  29 203.218952  64.643947    46.382    46.525  5 54936.73460459 11.249
  30 203.220401  64.644033    36.941    36.856  4 54946.65024013 15.358
  31 203.218892  64.643826    40.074    40.112  4 54956.56587330 41.158
  32 203.219565  64.642649    44.471    44.470  4 54966.48152211 48.878
  33 203.218871  64.642752    40.872    40.896  4 54976.39716969 43.548
  35 203.216801  64.645203    44.156    43.919  4 54996.22846463 26.747
  36 203.218332  64.645591    43.811    43.337  4 55006.14411080 26.602
  37 203.217995  64.645821    41.061    41.009  4 55016.05975464 49.577
  38 203.218812  64.645893    39.830    39.803  4 55025.97539721 31.096
  39 203.215792  64.647179    40.005    39.976  4 55035.89103892 49.738
  40 203.216966  64.647655    41.152    40.669  4 55045.80668025 23.300
  41 203.215771  64.647634    39.104    39.084  4 55055.72231963 22.786
  42 203.215906  64.646132    38.831    38.800  4 55065.63795692 36.776
  43 203.216647  64.644048    45.556    45.610  4 55075.55360572 19.147
  44 203.219410  64.642564    42.372    42.531  5 55085.46925392 23.157
  45 203.220398  64.642674    38.929    38.924  4 55095.38490017 30.250
  46 203.220436  64.643166    45.100    45.219  4 55105.30054607 21.509
  47 203.221367  64.642962    43.814    45.422  4 55115.21619185 23.893
  48 203.219550  64.642484    37.877    37.747  5 55125.13183499 41.840
  49 203.219455  64.641875    37.803    37.821  4 55135.04747566 46.782
  50 203.220345  64.641739    38.788    38.762  5 55144.96311429 28.303
  51 203.218066  64.643221    39.108    38.235  4 55154.87875188 23.326
  52 203.216854  64.644749    39.438    39.182  4 55164.79438987 21.610
  53 203.217782  64.645947    41.429    41.504  4 55174.71002789 18.446
  54 203.215576  64.646758    40.723    40.856  4 55184.62566745 17.423
  55 203.216168  64.646410    41.256    41.401  4 55194.54131872 16.285
  56 203.219794  64.645969    41.179    41.180  4 55204.45696896 15.619
  57 203.214969  64.647422    38.605    38.440  4 55214.37261759 15.686
  58 203.217490  64.647081    38.278    38.014  5 55224.28826650 15.835
  59 203.219529  64.645332    40.333    40.338  4 55234.20391372 14.212
  60 203.217081  64.643418    38.914    38.389  4 55244.11955732 13.758
  61 203.219643  64.641191    39.239    38.684  5 55254.03519838 12.557
  62 203.221516  64.640938    39.961    40.013  4 55263.95083736 12.112
  63 203.219432  64.643028    39.467    38.993  5 55273.86647492 11.737
  64 203.218055  64.644621    40.948    41.387  4 55283.78211212 10.419
  65 203.220925  64.643940    40.767    41.094  4 55293.69774845 10.079
  66 203.218251  64.642944    41.039    41.487  4 55303.61338537 12.195
  67 203.221946  64.640945    37.407    37.377  4 55313.52903343 30.635
  68 203.219892  64.641840    39.938    39.952  4 55323.44467861 40.551
  69 203.221096  64.643412    39.395    39.353  4 55333.36032270 41.778
  70 203.216734  64.645516    41.801    42.611  4 55343.27596612 32.091
  71 203.218745  64.645364    39.342    39.337  4 55353.19160986 39.201
  72 203.216812  64.645419    43.923    43.565  4 55363.10725109 26.095
  73 203.217828  64.645460    44.683    43.709  5 55373.02289076 22.792
  74 203.217181  64.646751    40.150    39.977  4 55382.93852889 30.478
  75 203.218641  64.647876    43.068    42.718  4 55392.85416648 23.371
  76 203.214620  64.649110    42.110    40.869  4 55402.76980203 25.329
  77 203.219612  64.646316    42.955    43.431  4 55412.68545450 22.703
  78 203.219527  64.643364    44.724    44.356  4 55422.60110398 20.989
  79 203.219234  64.641283    40.526    40.531  4 55432.51675068 33.210
  80 203.220520  64.641356    40.121    40.121  4 55442.43239538 50.050
  81 203.218825  64.643244    39.802    39.739  5 55452.34803815 52.793
  82 203.218105  64.644890    40.953    40.958  4 55462.26368022 25.224
  83 203.218722  64.644307    38.221    38.305  4 55472.17932084 47.415
  84 203.217239  64.642921    37.518    37.501  4 55482.09495850 33.953
  85 203.220721  64.641135    36.847    36.754  5 55492.01059442 47.400
  86 203.220022  64.642375    39.179    39.129  4 55501.92622803 33.032
  87 203.218663  64.644753    38.789    38.780  5 55511.84187255 31.554
  88 203.218493  64.646453    38.886    38.913  4 55521.75752206 31.630
  89 203.217655  64.646771    38.835    38.750  4 55531.67317038 25.940
  90 203.216839  64.645854    38.274    38.287  4 55541.58881713 15.245
  91 203.218751  64.644830    38.505    38.508  4 55551.50446202 14.598
  92 203.215875  64.645818    38.645    38.655  4 55561.42010483 15.808
  93 203.217787  64.646928    38.500    38.518  5 55571.33574729 22.297
  94 203.217946  64.647367    38.504    38.475  4 55581.25138849 18.480
  95 203.215836  64.646149    38.984    38.660  4 55591.16702653 16.602
  96 203.216919  64.643525    39.069    38.349  4 55601.08266176 14.976
  97 203.221299  64.641444    42.445    42.420  4 55610.99829511 10.842
  98 203.219782  64.642817    43.130    43.447  5 55620.91392667 11.078
  99 203.217129  64.644963    42.096    42.047  4 55630.82957919 10.391
 100 203.216677  64.646089    42.173    42.104  4 55640.74522999 10.758
 101 203.218396  64.644814    43.278    43.234  5 55650.66087853 10.874
 102 203.221874  64.641761    44.232    44.111  4 55660.57652375  9.836
 103 203.221066  64.640484    44.108    44.035  4 55670.49216501  9.566
 104 203.222144  64.641391    38.253    38.254  4 55680.40780443 23.573
 105 203.219020  64.644778    40.867    39.940  4 55690.32344139 31.473
 106 203.217186  64.647491    41.875    41.945  5 55700.23907694 50.865
 107 203.218875  64.647761    42.089    42.086  4 55710.15471640 49.946
 108 203.219039  64.646394    41.987    41.982  4 55720.07036666 51.248
 109 203.216714  64.645859    40.578    40.406  4 55729.98601443 32.513
 110 203.219542  64.645538    40.909    40.902  4 55739.90166135 47.920
 111 203.215249  64.646829    41.838    41.815  4 55749.81730630 40.069
 112 203.216943  64.646612    41.290    41.283  4 55759.73294955 44.774
 113 203.218642  64.645271    42.145    41.261  4 55769.64859003 25.064
 114 203.220092  64.643045    41.103    41.090  4 55779.56422724 47.462
 115 203.218317  64.642138    41.682    40.617  4 55789.47986147 29.338
 116 203.221651  64.642447    40.492    40.496  4 55799.39549483 41.565
 117 203.216752  64.644700    41.147    40.305  4 55809.31114076 29.662
 118 203.216748  64.646015    39.741    39.633  4 55819.22678950 52.628
 119 203.218205  64.645517    40.170    39.372  4 55829.14243416 29.122
 120 203.218565  64.643799    38.722    38.671  4 55839.05807438 52.082
 121 203.220292  64.642138    44.728    45.070  4 55848.97371170 21.667
 122 203.217791  64.643527    37.645    37.658  4 55858.88934641 48.092
 123 203.218218  64.645558    37.055    36.990  4 55868.80499456 45.242
 124 203.218523  64.647369    38.308    38.332  4 55878.72064600 24.571
 125 203.217213  64.648026    38.369    38.380  4 55888.63629077 18.968
 126 203.217828  64.647247    38.252    38.254  4 55898.55193002 18.227
 127 203.215334  64.647171    41.181    41.810  4 55908.46756395 16.554
 128 203.219539  64.646205    38.838    38.862  4 55918.38321322 18.340
 129 203.218088  64.646338    38.880    38.910  5 55928.29886605 16.740
 130 203.216831  64.646015    39.777    38.851  4 55938.21451540 14.517
 131 203.216750  64.644361    41.509    42.233  4 55948.13016005 13.160
 132 203.221753  64.641950    43.409    43.410  4 55958.04580071 12.194
 133 203.219469  64.641806    43.789    44.009  5 55967.96143814 10.428
 134 203.217951  64.643110    43.269    43.146  4 55977.87707472 10.688
 135 203.216515  64.644931    43.083    43.076  4 55987.79271064 11.910
 136 203.216266  64.645781    43.053    43.149  4 55997.70835026 10.796
 137 203.219094  64.644406    43.254    43.551  5 56007.62400197 11.123
 138 203.219724  64.642895    43.958    44.048  4 56017.53964929  9.640
 139 203.220017  64.642333    44.874    44.910  4 56027.45529355  9.946
 140 203.219123  64.643322    37.165    37.216  4 56037.37093589  9.496
 141 203.220082  64.645029    38.790    38.735  4 56047.28657638 33.671
 142 203.217628  64.647107    41.111    41.061  5 56057.20221373 36.521
 144 203.217545  64.647336    45.249    44.990  5 56077.03349590 25.408
 145 203.221139  64.646034    89.341    89.341  2 56086.94914524  7.195
 146 203.217784  64.646248    44.052    45.122  5 56096.86479142 28.472
 147 203.217166  64.646023    43.741    43.614  4 56106.78043575 26.696
 148 203.217567  64.645095    43.389    42.953  4 56116.69606581 24.254
 149 203.220069  64.643842    41.597    41.611  4 56126.61170395 50.638
 150 203.219310  64.643336    41.780    41.474  4 56136.52733785 24.068
 151 203.217565  64.643538    40.738    40.811  4 56146.44298153 49.226
 152 203.218193  64.643884    39.563    39.505  4 56156.35863100 37.548
 153 203.216760  64.644696    44.487    44.513  4 56166.27427930 21.903
 154 203.217853  64.644459    39.433    39.310  4 56176.18992557 34.075
 155 203.220364  64.643633    39.697    39.706  4 56186.10556705 44.693
 156 203.217723  64.643535    46.235    46.388  4 56196.02120427 19.929
 157 203.217031  64.644255    46.195    46.376  4 56205.93683866 21.162
 158 203.219054  64.645715    38.695    38.762  4 56215.85247181 39.672
 159 203.218619  64.647617    37.663    37.632  4 56225.76811118 45.706
 160 203.214877  64.648315    38.052    38.049  4 56235.68376616 32.526
 161 203.218299  64.647073    37.699    37.706  4 56245.59941804 24.384
 162 203.218305  64.646345    39.274    38.610  4 56255.51506446 22.635
 163 203.215597  64.646902    40.264    39.968  4 56265.43070658 20.678
 164 203.218774  64.646792    42.504    42.478  4 56275.34634755 18.727
 165 203.217537  64.646390    43.330    43.272  5 56285.26199306 14.880
 166 203.218023  64.644404    42.915    43.058  4 56295.17764377 14.604
 167 203.218340  64.642215    42.127    42.077  4 56305.09329032 13.867
 168 203.218048  64.641629    42.883    43.008  4 56315.00893313 13.673
 169 203.221621  64.642338    43.288    43.310  4 56324.92457432 12.922
 170 203.216289  64.644971    42.818    42.640  4 56334.84021379 13.181
 171 203.217686  64.645389    43.261    43.297  4 56344.75585315 11.806
 172 203.219476  64.644522    42.927    43.108  4 56354.67149032 11.934
 173 203.217305  64.643508    43.201    43.263  4 56364.58713502 10.669
 174 203.220349  64.642599    43.707    43.649  4 56374.50278429 10.499
 176 203.218243  64.645901    43.666    43.824  4 56394.33407368  9.659
 177 203.217703  64.647083    43.535    43.508  4 56404.24971550  9.397
 178 203.216183  64.647580    42.381    42.367  4 56414.16535426  9.388
 179 203.219155  64.646775    38.118    38.231  4 56424.08098865 28.859
 180 203.217419  64.646549    38.285    38.283  4 56433.99663384 43.090
 181 203.217409  64.646191    44.728    44.739  4 56443.91228610 53.374
 182 203.216565  64.646690    44.812    44.702  4 56453.82793571 33.016
 183 203.217789  64.645859    42.004    42.035  5 56463.74358287 44.548
 184 203.219993  64.643788    40.959    40.978  4 56473.65922678 43.648
 185 203.221439  64.641655    44.458    44.433  4 56483.57486722 27.153
 186 203.220603  64.641505    44.412    44.353  4 56493.49050392 26.464
 187 203.219482  64.643512    40.468    40.457  4 56503.40613810 52.388
 188 203.216072  64.646762    41.133    40.550  4 56513.32177035 33.227
 189 203.217440  64.647019    39.522    39.533  4 56523.23741976 42.396
 190 203.218102  64.645316    39.853    39.820  4 56533.15307189 53.750
 192 203.220026  64.642554    45.725    45.723  5 56552.98436522 21.618
 193 203.217244  64.644787    45.857    45.921  4 56562.90000754 19.776
 194 203.215905  64.647543    45.561    45.526  4 56572.81564875 19.758
 195 203.218052  64.648790    38.386    38.299  4 56582.73128830 35.170
 196 203.214831  64.649080    40.278    40.203  4 56592.64692300 27.131
 197 203.218291  64.646511    37.496    37.497  4 56602.56257466 46.106
 198 203.216761  64.645432    38.756    38.724  4 56612.47822390 32.857
 199 203.217998  64.645827    38.309    38.247  5 56622.39386891 26.101
 201 203.216988  64.647065    39.539    38.880  5 56642.22514836 22.713
 202 203.219273  64.644495    42.694    42.868  4 56652.14079817 19.270
 203 203.218394  64.642103    39.419    38.238  4 56662.05644795 23.435
 204 203.219874  64.640982    43.607    43.633  4 56671.97209494 16.855
 205 203.218226  64.643007    42.305    43.454  4 56681.88773974 17.818
 206 203.220152  64.644919    40.517    40.528  4 56691.80338289 18.949
 207 203.215538  64.646817    42.677    42.714  4 56701.71902160 16.426
 208 203.218780  64.645428    42.787    42.587  4 56711.63465633 16.523
 210 203.221086  64.642522    44.903    45.401  4 56731.46595338 13.999
 211 203.220328  64.644396    44.741    45.193  4 56741.38160102 12.915
 212 203.218311  64.647236    44.017    44.327  4 56751.29724418 12.487
 213 203.218451  64.648751    42.679    42.544  4 56761.21288254 13.930
 214 203.215971  64.648930    40.438    40.458  4 56771.12851408 36.965
 215 203.218679  64.646100    39.345    39.349  4 56781.04416898 41.396
 216 203.220634  64.644058    44.780    44.761  4 56790.95982413 26.124
 217 203.218997  64.644092    44.844    44.821  4 56800.87547577 24.711
 218 203.218120  64.645214    45.026    45.747  5 56810.79112045 25.944
 219 203.216050  64.645877    41.138    41.081  4 56820.70676038 36.816
 221 203.219705  64.642771    42.110    42.063  5 56840.53802986 48.439
 222 203.219366  64.642549    41.513    41.449  5 56850.45366522 53.098
 223 203.221339  64.643070    45.493    45.543  4 56860.36931978 20.891
 224 203.218520  64.645299    40.939    40.770  4 56870.28497298 48.105
 225 203.219108  64.645903    41.025    41.023  4 56880.20062394 40.742
 226 203.218178  64.645017    41.836    41.708  4 56890.11627127 26.520
 227 203.219466  64.643077    42.195    41.419  4 56900.03191608 25.887
 228 203.219501  64.642933    41.184    40.364  5 56909.94755854 32.544
 229 203.219725  64.644702    39.661    39.653  4 56919.86319924 32.206
 230 203.217823  64.647634    44.688    44.626  4 56929.77883756 19.525
 231 203.215930  64.649394    39.342    38.671  4 56939.69447128 34.975
 232 203.217348  64.648740    38.080    38.076  4 56949.61010834 50.433
 233 203.216341  64.646583    37.532    37.485  4 56959.52576078 46.610
 234 203.217494  64.644978    38.233    38.227  4 56969.44140823 36.787
 235 203.217311  64.645116    38.332    38.359  4 56979.35705149 36.076
 236 203.216981  64.646086    38.765    38.766  4 56989.27269022 30.452
 237 203.218518  64.646433    37.987    38.011  4 56999.18832290 26.964
 238 203.218084  64.645111    38.293    38.329  4 57009.10397473 26.769
 239 203.220118  64.642895    38.519    38.535  4 57019.01962768 25.348
 240 203.220183  64.642155    38.437    38.439  5 57028.93527729 28.850
 241 203.219117  64.643162    38.168    38.134  5 57038.85092503 28.744
 242 203.216899  64.645042    37.993    37.985  4 57048.76657026 28.849
 243 203.218085  64.645932    37.788    37.766  4 57058.68221196 23.358
 244 203.216666  64.646135    37.540    37.505  4 57068.59784780 22.610
 245 203.219913  64.645449    37.170    37.105  4 57078.51347979 25.947
 246 203.218113  64.646217    36.933    37.015  5 57088.42911453 25.779
 247 203.217812  64.646869    37.464    37.497  5 57098.34477285 17.705
 248 203.215734  64.648181    36.792    36.829  4 57108.26042799 22.693
 249 203.214815  64.648498    37.368    37.576  4 57118.17607817 17.810
 250 203.219042  64.646846    36.868    36.795  4 57128.09172286 20.073
 251 203.216357  64.646095    37.385    37.402  4 57138.00736139 33.472
 252 203.218041  64.645610    39.132    39.115  5 57147.92299647 41.823
 253 203.216984  64.646434    40.851    40.821  4 57157.83862870 52.967
 254 203.218931  64.646096    43.985    43.679  4 57167.75427577 26.483
 255 203.217972  64.645239    41.970    41.908  4 57177.66993209 39.600
 256 203.218347  64.643814    40.320    40.226  4 57187.58558449 44.218
 257 203.219380  64.642883    39.678    39.583  5 57197.50123277 51.227
 258 203.220131  64.642951    39.847    39.805  4 57207.41686726 51.881
 259 203.220077  64.643935    40.086    40.021  4 57217.33251186 35.416
 260 203.218516  64.645077    39.976    39.971  5 57227.24815524 29.150
 261 203.217611  64.645680    40.203    40.178  4 57237.16379662 52.779
 262 203.217620  64.645830    39.404    39.411  4 57247.07943469 29.971
 263 203.218805  64.646057    40.055    40.086  4 57256.99507033 38.536
 264 203.218168  64.647447    41.391    41.349  4 57266.91070454 36.336
 265 203.218630  64.648418    40.797    40.770  4 57276.82635040 27.175
 266 203.218153  64.648518    43.932    44.730  4 57286.74200707 22.882
 267 203.218113  64.647444    40.073    40.069  4 57296.65766096 38.050
 268 203.219963  64.645731    42.791    43.864  4 57306.57331141 23.488
 269 203.220291  64.644689    38.855    38.791  4 57316.48895785 52.435
 270 203.218018  64.644837    38.151    38.183  5 57326.40460067 48.753
 271 203.218920  64.645104    37.403    37.416  4 57336.32024168 45.588
 272 203.219273  64.644641    37.617    37.450  4 57346.23588874 32.362
 273 203.221069  64.643199    37.993    38.031  4 57356.15153618 35.386
 274 203.219935  64.642449    38.708    38.821  5 57366.06717962 29.030
 275 203.218299  64.642794    39.147    39.106  4 57375.98281967 28.786
 276 203.218548  64.644142    38.980    39.009  4 57385.89845800 29.000
 277 203.218513  64.645646    38.642    38.665  4 57395.81409578 26.492
 278 203.215129  64.647146    38.230    38.234  4 57405.72973224 24.931
 279 203.217512  64.646116    38.263    38.276  5 57415.64538190 23.196
 280 203.218310  64.645255    38.133    38.175  4 57425.56103337 22.364
 281 203.217225  64.645589    37.843    37.839  4 57435.47668157 23.039
 282 203.216116  64.647109    37.696    37.702  4 57445.39232793 22.071
 283 203.214751  64.648560    37.474    37.551  4 57455.30797346 19.177
 284 203.215922  64.648491    37.302    37.257  4 57465.22361734 19.685
 285 203.215851  64.647257    37.301    37.307  4 57475.13925739 20.556
 286 203.218282  64.645516    37.431    37.395  4 57485.05489426 21.887
 287 203.218299  64.645355    37.139    37.312  5 57494.97052813 21.282
 288 203.215916  64.647290    38.445    38.340  4 57504.88615986 37.061
 289 203.215696  64.647446    41.474    41.485  4 57514.80181638 48.097
 290 203.216698  64.646216    45.266    45.454  4 57524.71747084 24.517
 291 203.220262  64.643499    41.290    41.310  4 57534.63312330 52.016
 292 203.218381  64.642108    41.569    41.591  4 57544.54877219 40.333
 293 203.219953  64.642140    40.709    40.656  5 57554.46441892 42.322
 294 203.217101  64.644443    43.366    43.323  4 57564.38006352 24.309
 295 203.220041  64.645589    40.858    40.342  4 57574.29570810 26.231
 296 203.215921  64.646375    41.378    41.281  4 57584.21135164 51.725
 297 203.217676  64.645368    41.655    41.723  5 57594.12699385 50.424
