-102448.559   327.218     0.00   82.81
-102162.702   316.485   -37.55   76.18
-101876.853   312.370   -14.40   74.23
-101591.014   302.394   -34.90   69.35
-101305.184   291.978   -36.44   63.58
-101019.362   289.681    -8.04   66.73
-100733.550   285.734   -13.81   69.89
-100447.746   273.191   -43.89   72.71
-100161.951   262.865   -36.13   79.75
 -99876.165   249.206   -47.80   83.09
 -99590.388   236.949   -42.89   75.46
 -99304.620   225.842   -38.87   62.88
 -99018.861   219.404   -22.53   58.03
 -98733.110   218.933    -1.65   60.95
 -98447.369   224.489    19.44   64.32
 -98161.636   237.745    46.39   65.45
 -97875.912   258.406    72.31   67.40
 -97590.197   279.943    75.38   64.95
 -97304.492   297.464    61.33   57.45
 -97018.794   302.831    18.79   55.11
 -96733.106   301.930    -3.15   58.42
 -96447.427   299.482    -8.57   56.18
 -96161.756   298.126    -4.75   55.08
 -95876.095   293.843   -14.99   50.31
 -95590.442   296.993    11.03   47.54
 -95304.798   311.832    51.95   54.84
 -95019.163   338.824    94.50   58.20
 -94733.537   364.859    91.15   50.05
 -94447.920   373.826    31.40   43.75
 -94162.312   378.129    15.07   40.69
 -93876.712   376.766    -4.77   39.94
 -93591.122   376.559    -0.73   42.93
 -93305.540   378.650     7.32   48.01
 -93019.967   386.478    27.41   53.44
 -92734.403   398.279    41.32   52.40
 -92448.848   413.784    54.30   45.55
 -92163.302   424.457    37.38   45.35
 -91877.764   421.432   -10.59   54.21
 -91592.236   408.514   -45.24   59.15
 -91306.420   395.141   -46.79   51.85
 -91018.890   390.852   -14.92   43.74
 -90731.370   391.333     1.67   38.75
 -90443.860   402.356    38.34   40.72
 -90156.359   419.464    59.51   48.83
 -89868.868   447.933    99.03   57.50
 -89581.387   475.905    97.30   55.97
 -89293.916   494.576    64.95   50.42
 -89006.455   505.941    39.54   49.69
 -88719.003   511.286    18.59   48.83
 -88431.562   504.190   -24.69   57.01
 -88144.130   491.635   -43.68   62.71
 -87856.707   479.979   -40.56   61.30
 -87569.295   464.194   -54.92   57.79
 -87281.892   448.979   -52.94   55.32
 -86994.499   437.662   -39.38   50.78
 -86707.116   439.226     5.44   45.80
 -86419.743   440.284     3.68   44.28
 -86132.379   439.964    -1.11   39.68
 -85845.026   441.582     5.63   38.07
 -85557.682   449.305    26.88   41.80
 -85270.348   467.036    61.71   40.88
 -84983.023   478.391    39.52   38.59
 -84695.708   485.759    25.64   38.16
 -84408.404   497.455    40.71   36.63
 -84121.108   499.404     6.78   40.44
 -83833.823   500.043     2.22   41.76
 -83546.547   500.274     0.80   41.08
 -83259.282   498.007    -7.89   37.90
 -82972.026   495.396    -9.09   32.59
 -82684.779   489.949   -18.96   30.71
 -82397.543   479.446   -36.57   36.21
 -82110.316   471.103   -29.05   42.01
 -81823.099   459.357   -40.90   45.42
 -81535.892   445.225   -49.21   41.99
 -81248.694   433.890   -39.47   39.12
 -80961.506   419.170   -51.25   42.32
 -80674.328   400.306   -65.69   47.21
 -80387.160   382.643   -61.51   49.89
 -80100.002   364.607   -62.81   45.88
 -79812.853   352.831   -41.01   40.44
 -79525.714   344.289   -29.75   31.44
 -79238.585   342.250    -7.10   27.41
 -78951.465   348.370    21.32   34.27
 -78664.355   363.821    53.82   44.14
 -78377.255   382.986    66.75   51.58
 -78090.165   401.270    63.69   51.16
 -77803.085   417.964    58.15   44.27
 -77516.014   432.582    50.92   37.66
 -77228.953   440.151    26.37   33.80
 -76941.901   448.471    28.98   31.23
 -76654.860   455.806    25.56   31.94
 -76367.828   466.879    38.58   35.48
 -76080.806   480.363    46.98   41.78
 -75793.794   500.693    70.84   52.53
 -75506.791   520.929    70.51   57.80
 -75219.798   535.948    52.33   55.77
 -74932.815   542.782    23.81   53.21
 -74645.841   550.432    26.66   51.93
 -74358.878   549.239    -4.16   55.80
 -74071.924   536.965   -42.78   64.84
 -73784.979   518.348   -64.88   59.45
 -73498.045   510.445   -27.54   53.03
 -73211.120   515.570    17.86   57.09
 -72924.205   520.181    16.07   59.11
 -72637.299   524.741    15.89   62.39
 -72350.404   538.136    46.69   61.75
 -72063.518   560.254    77.10   63.82
 -71776.641   576.213    55.63   64.67
 -71489.775   580.824    16.07   65.80
 -71202.918   581.846     3.56   66.99
 -70916.071   593.410    40.32   64.78
 -70629.234   610.045    57.99   68.81
 -70342.406   616.138    21.24   72.38
 -70055.588   616.152     0.05   69.04
 -69768.780   614.741    -4.92   65.92
 -69481.981   610.763   -13.87   68.38
 -69195.192   596.993   -48.02   82.48
 -68908.413   562.073  -121.77   93.43
 -68621.643   516.621  -158.50   86.53
 -68334.884   480.433  -126.20   66.16
 -68048.133   466.721   -47.82   52.61
 -67761.393   469.036     8.07   56.19
 -67474.662   480.170    38.83   67.34
 -67187.941   493.281    45.73   72.09
 -66901.230   511.912    64.99   68.67
 -66614.528   533.230    74.35   58.72
 -66327.837   546.050    44.72   54.49
 -66041.154   545.127    -3.22   50.85
 -65754.482   533.929   -39.06   49.33
 -65467.819   529.806   -14.38   47.82
 -65181.166   534.207    15.36   48.38
 -64894.522   526.993   -25.17   50.69
 -64607.888   516.496   -36.62   49.85
 -64321.264   506.323   -35.49   52.32
 -64034.650   493.965   -43.12   57.03
 -63748.045   480.667   -46.40   59.26
 -63461.450   464.103   -57.80   52.17
 -63174.865   447.340   -58.49   46.39
 -62888.289   428.687   -65.09   50.26
 -62601.723   407.504   -73.92   56.03
 -62315.166   381.971   -89.10   60.15
 -62028.620   353.437   -99.58   57.05
 -61742.083   330.914   -78.60   49.59
 -61455.555   320.674   -35.74   42.20
 -61169.038   325.285    16.09   52.46
 -60882.529   344.793    68.09   71.19
 -60596.031   381.358   127.63   88.51
 -60309.542   428.257   163.70   96.81
 -60023.063   469.467   143.85   82.66
 -59736.594   488.290    65.71   64.44
 -59450.134   493.979    19.86   60.06
 -59163.684   477.075   -59.01   70.49
 -58877.244   462.838   -49.70   70.41
 -58590.813   444.851   -62.80   60.67
 -58304.392   429.037   -55.21   45.67
 -58017.980   423.312   -19.99   41.53
 -57731.579   430.764    26.02   44.15
 -57445.186   445.148    50.23   48.02
 -57158.804   462.915    62.04   53.04
 -56872.431   483.187    70.79   55.81
 -56586.068   497.147    48.75   49.70
 -56299.714   502.414    18.39   46.17
 -56013.371   505.181     9.66   43.76
 -55727.036   511.307    21.39   43.78
 -55440.712   523.199    41.53   48.46
 -55154.397   529.530    22.11   48.08
 -54868.091   526.745    -9.73   48.29
 -54581.796   516.993   -34.06   58.69
 -54295.510   513.607   -11.82   60.75
 -54009.233   505.317   -28.96   62.35
 -53722.966   492.537   -44.64   52.34
 -53436.709   481.343   -39.11   42.73
 -53150.462   472.036   -32.51   41.47
 -52864.224   464.881   -25.00   44.15
 -52577.996   453.950   -38.19   46.80
 -52291.777   436.336   -61.54   46.88
 -52005.568   415.809   -71.72   42.59
 -51719.369   396.300   -68.17   41.26
 -51433.179   382.828   -47.07   45.29
 -51146.999   372.474   -36.18   52.69
 -50860.828   352.810   -68.72   54.94
 -50574.667   334.206   -65.01   49.50
 -50288.516   318.107   -56.26   46.75
 -50002.374   304.000   -49.30   39.72
 -49716.242   292.471   -40.29   32.04
 -49430.120   287.652   -16.84   27.02
 -49144.007   284.926    -9.53   28.40
 -48857.904   286.496     5.49   33.26
 -48571.811   287.691     4.17   37.10
 -48285.727   282.788   -17.14   38.54
 -47999.652   279.935    -9.97   38.32
 -47713.588   276.479   -12.08   35.00
 -47427.532   278.052     5.50   35.68
 -47141.487   283.921    20.52   43.70
 -46855.451   292.030    28.35   50.30
 -46569.425   303.844    41.31   53.24
 -46283.408   323.914    70.17   53.21
 -45997.401   348.148    84.73   50.42
 -45711.403   370.138    76.89   45.68
 -45425.415   386.021    55.54   45.60
 -45139.437   398.739    44.47   43.67
 -44853.468   413.957    53.22   40.55
 -44567.509   421.603    26.74   34.45
 -44281.560   424.356     9.63   30.83
 -43995.620   419.386   -17.38   32.83
 -43709.690   417.522    -6.52   33.28
 -43423.769   419.125     5.61   35.22
 -43137.858   421.693     8.98   37.07
 -42851.956   431.851    35.53   41.51
 -42566.064   443.214    39.75   39.45
 -42280.182   451.255    28.13   36.09
 -41994.309   452.037     2.73   38.69
 -41708.446   442.064   -34.89   48.67
 -41422.592   422.261   -69.28   60.96
 -41136.748   399.562   -79.41   64.96
 -40850.914   373.504   -91.17   61.75
 -40565.089   352.267   -74.30   52.34
 -40279.273   340.732   -40.36   48.21
 -39993.468   325.350   -53.82   51.86
 -39707.672   308.333   -59.54   61.30
 -39421.885   288.293   -70.12   68.87
 -39136.108   263.451   -86.93   67.81
 -38850.341   244.044   -67.91   58.94
 -38564.583   228.709   -53.67   45.11
 -38278.834   220.304   -29.42   32.60
 -37993.096   220.057    -0.86   27.25
 -37707.366   235.957    55.65   42.08
 -37421.647   253.837    62.58   49.04
 -37135.937   270.357    57.82   49.34
 -36850.236   286.370    56.05   46.09
 -36564.545   295.835    33.13   43.40
 -36278.864   308.364    43.86   43.95
 -35993.192   316.645    28.99   43.66
 -35707.530   322.401    20.15   48.42
 -35421.877   335.613    46.25   53.55
 -35136.234   348.030    43.47   56.46
 -34850.601   366.252    63.80   63.05
 -34564.976   381.117    52.04   65.85
 -34279.362   390.119    31.52   68.62
 -33993.757   403.907    48.28   69.43
 -33708.162   421.051    60.03   75.84
 -33422.576   446.228    88.16   80.20
 -33137.000   464.403    63.64   71.16
 -32851.433   470.470    21.25   61.81
 -32565.876   468.580    -6.62   60.08
 -32280.328   463.175   -18.93   61.98
 -31994.790   449.396   -48.26   66.42
 -31709.261   429.360   -70.17   62.61
 -31423.742   407.733   -75.74   56.44
 -31138.233   391.110   -58.22   51.35
 -30852.733   377.252   -48.54   52.45
 -30567.242   360.015   -60.38   58.57
 -30281.762   345.358   -51.34   56.70
 -29996.290   332.168   -46.20   47.76
 -29710.828   329.060   -10.89   41.16
 -29424.886   334.529    19.13   45.43
 -29137.284   355.748    73.78   59.42
 -28849.692   388.210   112.88   68.33
 -28562.110   425.468   129.56   73.73
 -28274.540   459.545   118.50   65.12
 -27986.979   475.935    57.00   53.71
 -27699.429   475.750    -0.64   54.52
 -27411.890   461.199   -50.61   66.26
 -27124.361   431.892  -101.93   81.83
 -26836.843   399.090  -114.09   81.03
 -26549.335   373.364   -89.48   69.08
 -26261.838   363.037   -35.92   65.75
 -25974.351   364.574     5.34   68.88
 -25686.874   374.417    34.24   74.81
 -25399.408   387.407    45.19   74.09
 -25111.953   401.022    47.36   63.71
 -24824.508   402.410     4.83   59.90
 -24537.073   400.985    -4.96   58.47
 -24249.649   390.345   -37.02   58.78
 -23962.235   385.162   -18.04   58.61
 -23674.832   379.950   -18.14   60.27
 -23387.440   365.644   -49.78   67.96
 -23100.057   338.735   -93.64   79.71
 -22812.686   305.209  -116.67   81.50
 -22525.324   274.672  -106.27   73.09
 -22237.974   255.435   -66.95   61.47
 -21950.633   250.127   -18.47   57.26
 -21663.303   251.304     4.10   61.12
 -21375.984   255.393    14.23   65.81
 -21088.675   263.493    28.19   66.61
 -20801.376   275.586    42.09   64.69
 -20514.088   283.199    26.50   62.55
 -20226.811   277.059   -21.37   70.19
 -19939.543   258.489   -64.64   82.89
 -19652.287   229.418  -101.20   94.91
 -19365.040   199.187  -105.24   91.94
 -19077.804   177.163   -76.68   80.61
 -18790.579   159.104   -62.88   62.44
 -18503.364   153.640   -19.02   56.51
 -18216.160   159.689    21.06   63.91
 -17928.966   167.000    25.46   70.03
 -17641.782   171.431    15.43   66.78
 -17354.609   182.060    37.01   59.05
 -17067.446   192.547    36.52   52.73
 -16780.294   200.456    27.54   50.89
 -16493.152   202.173     5.98   49.65
 -16206.020   204.941     9.64   48.26
 -15918.899   212.044    24.74   47.08
 -15631.789   212.978     3.25   47.72
 -15344.688   199.836   -45.78   50.87
 -15057.599   181.207   -64.89   49.80
 -14770.519   166.095   -52.64   43.29
 -14483.450   161.185   -17.10   40.31
 -14196.392   161.899     2.49   44.81
 -13909.344   166.940    17.56   47.57
 -13622.306   167.266     1.14   48.05
 -13335.279   157.809   -32.95   50.78
 -13048.262   143.699   -49.16   55.20
 -12761.256   127.100   -57.84   55.79
 -12474.260   114.541   -43.76   47.63
 -12187.274   106.730   -27.22   36.89
 -11900.299   105.094    -5.70   32.26
 -11613.334   105.233     0.49   33.12
 -11326.380   105.707     1.65   33.90
 -11039.436   100.478   -18.22   33.57
 -10752.502    90.486   -34.82   35.89
 -10465.579    78.957   -40.18   29.02
 -10178.666    71.133   -27.27   20.45
  -9891.764    73.729     9.05   25.06
  -9604.872    77.201    12.11   31.72
  -9317.990    84.252    24.58   37.86
  -9031.119    92.265    27.93   40.63
  -8744.258   100.793    29.73   39.34
  -8457.408   116.201    53.72   40.40
  -8170.568   133.149    59.08   42.79
  -7883.738   147.667    50.61   43.50
  -7596.919   156.250    29.93   38.89
  -7310.110   161.707    19.03   33.28
  -7023.312   162.374     2.33   30.03
  -6736.524   158.551   -13.33   31.54
  -6449.746   150.686   -27.43   35.18
  -6162.979   141.379   -32.46   34.71
  -5876.222   134.769   -23.05   33.18
  -5589.475   127.734   -24.53   36.39
  -5302.739   115.844   -41.46   34.34
  -5016.013   103.171   -44.20   33.22
  -4729.298    92.655   -36.68   28.67
  -4442.593    87.401   -18.32   24.30
  -4155.898    85.915    -5.19   21.25
  -3869.214    87.383     5.12   21.59
  -3582.540    94.875    26.13   25.17
  -3295.876   110.971    56.15   33.44
  -3009.223   128.657    61.70   35.70
  -2722.580   141.500    44.81   34.84
  -2435.948   145.578    14.23   33.42
  -2149.326   145.541    -0.13   34.50
  -1862.714   135.708   -34.31   45.79
  -1576.112   111.284   -85.22   62.16
  -1289.521    78.279  -115.16   64.66
  -1002.941    51.904   -92.03   58.86
   -716.370    29.912   -76.74   47.53
   -429.810    11.305   -64.93   28.91
   -143.261     0.716   -36.95    3.34
    143.279     0.331    -1.35    0.73
    429.808     0.644     1.09    0.93
    716.326     0.957     1.09    0.99
   1002.835     1.314     1.25    0.94
   1289.333     1.585     0.95    0.79
   1575.820     1.863     0.97    0.48
   1862.297     1.985     0.43    0.12
   2148.764     1.985     0.00    0.12
   2435.221     1.993     0.03    0.09
   2721.667     2.000     0.03    0.00
   3008.103     2.000     0.00    0.00
   3294.528     2.000     0.00    0.00
   3580.944     2.000     0.00    0.00
   3867.349     2.000     0.00    0.00
   4153.743     2.000     0.00    0.00
   4440.127     2.000     0.00    0.00
   4726.501     2.000     0.00    0.00
   5012.865     2.000     0.00    0.00
   5299.218     2.000     0.00    0.00
   5585.561     2.000     0.00    0.00
   5871.894     2.014     0.05    0.12
   6158.216     2.094     0.28    0.29
   6444.528     2.222     0.45    0.42
   6730.830     2.433     0.73    0.60
   7017.121     2.726     1.02    0.74
   7303.402     3.064     1.18    0.79
   7589.673     3.478     1.44    0.82
   7875.933     3.816     1.18    0.76
   8162.183     4.129     1.09    0.84
   8448.423     4.459     1.15    0.85
   8734.653     4.737     0.97    0.84
   9020.872     5.051     1.10    0.85
   9307.081     5.323     0.95    0.79
   9593.279     5.590     0.93    0.87
   9879.468     5.837     0.86    0.81
  10165.646     6.037     0.70    0.87
  10451.813     6.236     0.70    0.89
  10737.971     6.448     0.74    0.85
  11024.118     6.725     0.97    0.90
  11310.255     7.030     1.07    0.79
  11596.381     7.293     0.92    0.89
  11882.498     7.596     1.06    0.93
  12168.603     7.920     1.13    0.89
  12454.699     8.281     1.26    0.89
  12740.784     8.699     1.46    0.85
  13026.860     9.169     1.64    1.07
  13312.924    10.365     4.18    3.43
  13598.979    12.463     7.33    6.07
  13885.023    15.942    12.17    8.99
  14171.057    20.593    16.26   11.74
  14457.081    26.404    20.32   14.87
  14743.094    33.557    25.01   16.71
  15029.097    40.784    25.27   15.18
  15315.090    47.072    21.99   11.81
  15601.073    51.200    14.43    8.81
  15887.045    53.928     9.54    5.18
  16173.007    55.371     5.05    1.32
  16458.959    55.309    -0.22    1.15
  16744.900    55.094    -0.75    1.24
  17030.832    54.594    -1.75    1.82
  17316.753    53.912    -2.39    2.69
  17602.663    53.496    -1.45    3.20
  17888.564    53.172    -1.14    3.48
  18174.454    53.468     1.04    3.63
  18460.334    54.060     2.07    3.41
  18746.204    54.578     1.81    3.14
  19032.063    55.683     3.87    2.61
  19317.912    56.119     1.53    1.69
  19603.751    56.333     0.75    1.03
  19889.580    56.434     0.35    0.77
  20175.398    56.526     0.32    0.93
  20461.206    56.679     0.53    1.00
  20747.004    57.449     2.69    2.32
  21032.792    58.777     4.65    3.94
  21318.569    59.243     1.63    4.83
  21604.337    58.252    -3.47    6.59
  21890.094    57.529    -2.53    8.19
  22175.840    56.060    -5.14    8.53
  22461.577    54.612    -5.07    8.37
  22747.303    52.882    -6.05    7.89
  23033.019    51.674    -4.23    8.56
  23318.725    51.157    -1.81   11.08
  23604.420    52.925     6.19   12.93
  23890.106    53.606     2.38   15.39
  24175.781    54.618     3.54   17.06
  24461.446    55.083     1.63   17.87
  24747.100    55.547     1.62   18.32
  25032.745    56.200     2.29   17.39
  25318.379    56.655     1.59   17.73
  25604.003    58.223     5.49   16.75
  25889.616    61.313    10.82   15.05
  26175.220    64.529    11.26   15.01
  26460.813    69.242    16.50   12.86
  26746.396    72.809    12.49   11.02
  27031.969    75.934    10.94    9.24
  27317.532    78.336     8.41    9.32
  27603.084    81.268    10.27   11.43
  27888.626    85.030    13.17   11.79
  28174.158    87.074     7.16   17.64
  28459.680    87.640     1.98   31.37
  28745.192    86.381    -4.41   47.07
  29030.693    79.899   -22.70   58.54
  29316.184    66.370   -47.39   60.35
  29601.665    52.925   -47.10   59.71
  29887.136    34.878   -63.22   48.85
  30172.597    19.519   -53.80   28.78
  30458.047    11.929   -26.59   13.53
  30743.487     8.686   -11.36    1.88
  31028.917     8.222    -1.63    0.71
  31314.337     7.971    -0.88    0.67
  31599.746     7.858    -0.39    0.60
  31885.146     7.791    -0.23    0.56
  32170.535     7.709    -0.29    0.59
  32456.619     7.630    -0.28    0.62
  32744.299     7.609    -0.07    0.63
  33031.968     7.716     0.37    0.54
  33319.626     7.784     0.24    0.46
  33607.272     7.797     0.04    0.46
  33894.907     7.857     0.21    0.39
  34182.532     7.985     0.45    0.32
  34470.145     8.104     0.41    0.41
  34757.746     8.187     0.29    0.52
  35045.337     8.164    -0.08    0.80
  35332.916     8.299     0.47    0.98
  35620.484     8.444     0.50    1.15
  35908.042     8.848     1.41    1.34
  36195.587     9.204     1.24    1.40
  36483.122     9.511     1.07    1.39
  36770.646     9.807     1.03    1.21
  37058.158    10.203     1.38    0.64
  37345.659    10.321     0.41    0.50
  37633.150    10.378     0.20    0.49
  37920.628    10.299    -0.28    0.46
  38208.096    10.239    -0.21    0.44
  38495.553    10.193    -0.16    0.41
  38782.998    10.115    -0.27    0.42
  39070.433    10.053    -0.22    0.36
  39357.856    10.007    -0.16    0.29
  39645.268     9.844    -0.57    0.42
  39932.669     9.659    -0.64    0.48
  40220.059     9.435    -0.78    0.55
  40507.437     9.254    -0.63    0.53
  40794.805     9.094    -0.56    0.46
  41082.161     9.008    -0.30    0.36
  41369.506     8.949    -0.21    0.22
  41656.840     8.948    -0.00    0.22
  41944.163     8.947    -0.01    0.23
  42231.475     8.893    -0.19    0.31
  42518.775     8.866    -0.09    0.34
  42806.065     8.892     0.09    0.31
  43093.343     8.910     0.06    0.29
  43380.611     8.941     0.11    0.24
  43667.867     8.963     0.08    0.19
  43955.112     9.068     0.37    0.28
  44242.346     9.101     0.11    0.39
  44529.569     9.169     0.24    0.43
  44816.780     9.210     0.14    0.44
  45103.981     9.213     0.01    0.41
  45391.170     9.216     0.01    0.41
  45678.348     9.277     0.21    0.45
  45965.516     9.263    -0.05    0.52
  46252.672     9.014    -0.87    1.08
  46539.817     8.511    -1.75    1.66
  46826.951     7.942    -1.98    2.06
  47114.073     7.121    -2.86    2.26
  47401.185     6.274    -2.95    2.15
  47688.286     5.449    -2.87    1.64
  47975.375     4.835    -2.14    1.06
  48262.454     4.475    -1.25    0.71
  48549.521     4.284    -0.67    0.56
  48836.577     4.103    -0.63    0.31
  49123.622     4.021    -0.28    0.15
  49410.656     3.978    -0.15    0.15
  49697.679     3.949    -0.10    0.22
  49984.691     3.940    -0.03    0.24
  50271.692     3.942     0.01    0.23
  50558.681     3.918    -0.09    0.28
  50845.660     3.867    -0.18    0.34
  51132.627     3.779    -0.31    0.42
  51419.584     3.784     0.02    0.41
  51706.529     3.790     0.02    0.41
  51993.463     3.812     0.08    0.39
  52280.387     3.825     0.04    0.38
  52567.299     3.875     0.17    0.33
  52854.200     3.940     0.23    0.24
  53141.090     4.000     0.21    0.00
  53427.969     4.000     0.00    0.00
  53714.836     4.000     0.00    0.00
  54001.693     4.000     0.00    0.00
  54288.539     4.000     0.00    0.00
  54575.373     4.000     0.00    0.00
  54862.197     4.000     0.00    0.00
  55149.010     4.000     0.00    0.00
  55435.811     4.000     0.00    0.00
  55722.601     4.000     0.00    0.00
  56009.381     4.000     0.00    0.00
  56296.149     4.000     0.00    0.00
  56582.906     3.963    -0.13    0.19
  56869.653     3.856    -0.37    0.35
  57156.388     3.719    -0.48    0.45
  57443.112     3.570    -0.52    0.50
  57729.825     3.431    -0.49    0.50
  58016.527     3.375    -0.19    0.49
  58303.218     3.343    -0.11    0.48
  58589.898     3.314    -0.10    0.47
  58876.567     3.383     0.24    0.49
  59163.225     3.486     0.36    0.50
  59449.871     3.537     0.18    0.50
  59736.507     3.613     0.26    0.49
  60023.132     3.640     0.09    0.48
  60309.746     3.667     0.09    0.47
  60596.348     3.640    -0.09    0.48
  60882.940     3.682     0.14    0.63
  61169.521     4.080     1.39    2.11
  61456.090     5.022     3.29    5.22
  61742.649     6.862     6.42    9.76
  62029.197     8.810     6.80   13.46
  62315.733    11.448     9.20   17.98
  62602.259    12.043     2.08   19.07
  62888.773    11.774    -0.94   20.36
  63175.277    10.970    -2.81   20.13
  63461.769     6.378   -16.03   12.03
  63748.251     4.060    -8.09    2.98
  64034.721     3.696    -1.27    0.46
  64321.181     3.815     0.42    0.39
  64607.629     3.885     0.24    0.32
  64894.067     3.962     0.27    0.19
  65180.493     3.949    -0.05    0.22
  65466.909     3.941    -0.03    0.24
  65753.313     3.939    -0.01    0.24
  66039.707     3.942     0.01    0.24
  66326.089     3.941    -0.00    0.24
  66612.461     3.978     0.13    0.15
  66898.821     4.000     0.08    0.00
  67185.171     4.000     0.00    0.00
  67471.509     4.000     0.00    0.00
  67757.837     4.000     0.00    0.00
  68044.153     4.051     0.18    0.22
  68330.459     4.075     0.08    0.29
  68616.753     4.144     0.24    0.39
  68903.037     4.222     0.27    0.53
  69189.309     4.313     0.32    0.61
  69475.571     4.518     0.71    0.83
  69761.822     4.699     0.63    0.96
  70048.061     4.985     1.00    1.17
  70334.290     5.226     0.84    1.29
  70620.508     5.493     0.93    1.40
  70906.715     5.822     1.15    1.52
  71192.910     6.096     0.96    1.57
  71479.095     6.493     1.39    1.69
  71765.269     6.843     1.22    1.68
  72051.432     7.270     1.49    1.75
  72337.584     8.008     2.58    1.67
  72623.725     8.696     2.41    1.94
  72909.855    10.147     5.07    3.11
  73195.974    12.174     7.08    4.63
  73482.082    15.093    10.20    5.95
  73768.179    17.933     9.93    6.82
  74054.265    21.759    13.37    8.78
  74340.341    25.691    13.74   10.09
  74626.405    28.642    10.31    9.82
  74912.458    32.781    14.47   12.83
  75198.501    33.955     4.10   11.54
  75484.532    35.036     3.78   10.30
  75770.553    35.241     0.72    8.17
  76056.562    35.123    -0.41    6.30
  76342.561    35.964     2.94    5.56
  76628.549    37.030     3.73    5.74
  76914.525    39.626     9.08    8.49
  77200.491    42.602    10.41   10.19
  77486.446    45.407     9.81   12.46
  77772.390    48.075     9.33   12.68
  78058.323    49.207     3.96   12.04
  78344.245    50.978     6.19   12.03
  78630.156    51.642     2.32   10.34
  78916.057    53.022     4.83    9.51
  79201.946    55.328     8.07    8.63
  79487.824    57.529     7.70    8.47
  79773.692    61.460    13.75    9.66
  80059.548    65.758    15.03   11.18
  80345.394    69.672    13.69   12.31
  80631.229    72.224     8.93   13.42
  80917.053    73.275     3.68   15.00
  81202.865    73.381     0.37   15.98
  81488.667    71.289    -7.32   17.01
  81774.458    69.979    -4.58   16.36
  82060.239    68.478    -5.25   14.59
  82346.008    69.162     2.39   14.02
  82631.766    73.353    14.67   15.06
  82917.514    79.423    21.24   18.36
  83203.250    86.467    24.65   19.51
  83488.976    92.158    19.92   19.42
  83774.691    97.871    19.99   19.63
  84060.395   103.644    20.21   18.47
  84346.087   109.209    19.48   19.21
  84631.770   115.595    22.36   18.99
  84917.441   118.193     9.09   18.07
  85203.101   119.044     2.98   15.76
  85488.750   120.099     3.69   15.14
  85774.389   119.942    -0.55   17.83
  86060.017   119.821    -0.42   21.63
  86345.633   114.475   -18.72   24.61
  86631.239   105.642   -30.93   24.36
  86916.834   100.373   -18.45   24.44
  87202.418    93.237   -24.99   24.98
  87487.991    85.594   -26.76   24.95
  87773.554    76.248   -32.73   24.72
  88059.105    66.684   -33.49   24.00
  88344.646    57.635   -31.69   23.52
  88630.175    47.261   -36.33   19.96
  88915.694    39.194   -28.25   15.87
  89201.202    31.862   -25.68   10.19
  89486.699    27.172   -16.43    6.53
  89772.186    24.007   -11.08    4.16
  90057.661    21.583    -8.49    3.08
  90343.126    19.948    -5.73    2.87
  90628.579    18.607    -4.70    2.46
  90914.022    17.614    -3.48    1.94
  91199.454    16.818    -2.79    1.33
  91484.875    16.709    -0.38    1.31
  91770.285    16.942     0.82    1.82
  92055.685    17.519     2.02    2.51
  92341.073    19.068     5.43    4.64
  92626.451    22.317    11.38    9.01
  92911.818    26.993    16.39   12.09
  93197.174    33.239    21.89   14.57
  93482.519    38.767    19.37   15.15
  93767.853    45.544    23.75   15.16
  94053.176    54.252    30.52   16.77
  94339.440    62.746    29.67   20.60
  94627.191    74.746    41.70   25.97
  94914.930    90.105    53.38   33.12
  95202.657   103.964    48.16   36.09
  95490.373   120.600    57.82   34.66
  95778.076   130.765    35.33   29.98
  96065.768   138.448    26.71   24.53
  96353.448   140.578     7.40   23.86
  96641.116   140.838     0.91   25.30
  96928.772   138.150    -9.34   26.26
  97216.416   138.632     1.67   29.21
  97504.049   139.230     2.08   30.58
  97791.669   144.256    17.47   35.18
