-135272.934   -29.991     0.00    0.00
-134985.642   -29.991     0.00    0.00
-134698.362   -29.991     0.00    0.00
-134411.095   -29.991     0.00    0.00
-134123.841   -29.991     0.00    0.00
-133836.600   -29.991     0.00    0.00
-133549.372   -29.991     0.00    0.00
-133262.158   -29.991     0.00    0.00
-132974.956   -29.991     0.00    0.00
-132687.767   -29.991     0.00    0.00
-132400.592   -29.991     0.00    0.00
-132113.429   -29.991     0.00    0.00
-131826.279   -29.991     0.00    0.00
-131539.143   -29.991     0.00    0.00
-131252.019   -29.991     0.00    0.00
-130964.909   -29.991     0.00    0.00
-130677.811   -29.991     0.00    0.00
-130390.727   -29.991     0.00    0.00
-130103.655   -29.991     0.00    0.00
-129816.597   -29.991     0.00    0.00
-129529.551   -29.991     0.00    0.00
-129242.519   -29.991     0.00    0.00
-128955.499   -29.991     0.00    0.00
-128668.493   -29.991     0.00    0.00
-128381.499   -29.991     0.00    0.00
-128094.519   -29.991     0.00    0.00
-127807.551   -29.991     0.00    0.00
-127520.597   -29.991     0.00    0.00
-127233.655   -29.991     0.00    0.00
-126946.727   -29.991     0.00    0.00
-126659.811   -29.991     0.00    0.00
-126372.909   -29.991     0.00    0.00
-126086.019   -29.991     0.00    0.00
-125799.142   -29.991     0.00    0.00
-125512.279   -29.991     0.00    0.00
-125225.428   -29.991     0.00    0.00
-124938.590   -29.991     0.00    0.00
-124651.765   -29.991     0.00    0.00
-124364.954   -29.991     0.00    0.00
-124078.155   -29.991     0.00    0.00
-123791.369   -29.991     0.00    0.00
-123504.596   -29.991     0.00    0.00
-123217.836   -29.991     0.00    0.00
-122931.089   -29.991     0.00    0.00
-122644.355   -29.991     0.00    0.00
-122357.634   -29.991     0.00    0.00
-122070.926   -29.991     0.00    0.00
-121784.231   -29.991     0.00    0.00
-121497.548   -29.991     0.00    0.00
-121210.879   -29.991     0.00    0.00
-120924.223   -29.991     0.00    0.00
-120637.579   -29.991     0.00    0.00
-120350.949   -29.991     0.00    0.00
-120064.331   -29.991     0.00    0.00
-119777.726   -29.991     0.00    0.00
-119491.135   -29.991     0.00    0.00
-119204.556   -29.991     0.00    0.00
-118917.990   -29.991     0.00    0.00
-118631.437   -29.991     0.00    0.00
-118344.897   -29.991     0.00    0.00
-118058.370   -29.991     0.00    0.00
-117771.856   -29.991     0.00    0.00
-117485.354   -29.991     0.00    0.00
-117198.866   -29.991     0.00    0.00
-116912.390   -29.991     0.00    0.00
-116625.928   -29.991     0.00    0.00
-116339.478   -29.991     0.00    0.00
-116053.041   -29.991     0.00    0.00
-115766.618   -29.991     0.00    0.00
-115480.207   -29.991     0.00    0.00
-115193.808   -29.991     0.00    0.00
-114907.423   -29.991     0.00    0.00
-114621.051   -29.991     0.00    0.00
-114334.692   -29.991     0.00    0.00
-114048.345   -29.991     0.00    0.00
-113762.011   -29.991     0.00    0.00
-113475.691   -29.991     0.00    0.00
-113189.383   -29.991     0.00    0.00
-112903.088   -29.991     0.00    0.00
-112616.806   -29.991     0.00    0.00
-112330.536   -29.991     0.00    0.00
-112044.280   -29.991     0.00    0.00
-111758.037   -29.991     0.00    0.00
-111471.806   -29.991     0.00    0.00
-111185.588   -29.991     0.00    0.00
-110899.383   -29.991     0.00    0.00
-110613.191   -29.991     0.00    0.00
-110327.012   -29.991     0.00    0.00
-110040.846   -29.991     0.00    0.00
-109754.692   -29.991     0.00    0.00
-109468.551   -29.991     0.00    0.00
-109182.424   -29.991     0.00    0.00
-108896.309   -29.991     0.00    0.00
-108610.207   -29.991     0.00    0.00
-108324.117   -29.991     0.00    0.00
-108038.041   -29.991     0.00    0.00
-107751.977   -29.991     0.00    0.00
-107465.927   -29.991     0.00    0.00
-107179.889   -29.991     0.00    0.00
-106893.864   -29.991     0.00    0.00
-106607.851   -29.991     0.00    0.00
-106321.852   -29.991     0.00    0.00
-106035.865   -29.991     0.00    0.00
-105749.891   -29.991     0.00    0.00
-105463.931   -29.991     0.00    0.00
-105177.982   -29.991     0.00    0.00
-104892.047   -29.991     0.00    0.00
-104606.125   -29.991     0.00    0.00
-104320.215   -29.991     0.00    0.00
-104034.318   -29.991     0.00    0.00
-103748.434   -29.991     0.00    0.00
-103462.563   -29.991     0.00    0.00
-103176.704   -29.991     0.00    0.00
-102890.858   -29.991     0.00    0.00
-102605.026   -29.991     0.00    0.00
-102319.206   -29.991     0.00    0.00
-102033.398   -29.991     0.00    0.00
-101747.604   -29.991     0.00    0.00
-101461.822   -29.991     0.00    0.00
-101176.053   -29.991     0.00    0.00
-100890.297   -29.991     0.00    0.00
-100604.554   -29.991     0.00    0.00
-100318.823   -29.991     0.00    0.00
-100033.105   -29.991     0.00    0.00
 -99747.400   -29.991     0.00    0.00
 -99461.708   -29.991     0.00    0.00
 -99176.029   -29.991     0.00    0.00
 -98890.362   -29.991     0.00    0.00
 -98604.708   -29.991     0.00    0.00
 -98319.067   -29.991     0.00    0.00
 -98033.439   -29.991     0.00    0.00
 -97747.823   -29.991     0.00    0.00
 -97462.220   -29.991     0.00    0.00
 -97176.630   -29.991     0.00    0.00
 -96891.053   -29.991     0.00    0.00
 -96605.488   -29.991     0.00    0.00
 -96319.937   -29.991     0.00    0.00
 -96034.397   -29.991     0.00    0.00
 -95748.871   -29.991     0.00    0.00
 -95463.358   -29.991     0.00    0.00
 -95177.857   -29.991     0.00    0.00
 -94892.369   -29.991     0.00    0.00
 -94606.893   -29.991     0.00    0.00
 -94321.431   -29.991     0.00    0.00
 -94035.981   -29.991     0.00    0.00
 -93750.544   -29.991     0.00    0.00
 -93465.119   -29.991     0.00    0.00
 -93179.708   -29.991     0.00    0.00
 -92894.309   -29.991     0.00    0.00
 -92608.922   -29.991     0.00    0.00
 -92323.549   -29.991     0.00    0.00
 -92038.188   -29.991     0.00    0.00
 -91752.840   -29.991     0.00    0.00
 -91467.505   -29.991     0.00    0.00
 -91182.182   -29.991     0.00    0.00
 -90896.872   -29.991     0.00    0.00
 -90611.575   -29.991     0.00    0.00
 -90326.290   -29.991     0.00    0.00
 -90041.018   -29.991     0.00    0.00
 -89755.759   -29.991     0.00    0.00
 -89470.513   -29.991     0.00    0.00
 -89185.279   -29.991     0.00    0.00
 -88900.058   -29.991     0.00    0.00
 -88614.850   -29.991     0.00    0.00
 -88329.654   -29.991     0.00    0.00
 -88044.471   -29.991     0.00    0.00
 -87759.301   -29.991     0.00    0.00
 -87474.144   -29.991     0.00    0.00
 -87188.282   -29.991     0.00    0.00
 -86900.279   -29.991     0.00    0.00
 -86612.289   -29.991     0.00    0.00
 -86324.313   -29.991     0.00    0.00
 -86036.351   -29.991     0.00    0.00
 -85748.403   -29.991     0.00    0.00
 -85460.469   -29.991     0.00    0.00
 -85172.548   -29.991     0.00    0.00
 -84884.641   -29.991     0.00    0.00
 -84596.748   -29.991     0.00    0.00
 -84308.869   -29.991     0.00    0.00
 -84021.003   -29.991     0.00    0.00
 -83733.151   -29.991     0.00    0.00
 -83445.313   -29.991     0.00    0.00
 -83157.489   -29.991     0.00    0.00
 -82869.679   -29.991     0.00    0.00
 -82581.882   -29.991     0.00    0.00
 -82294.099   -29.991     0.00    0.00
 -82006.330   -29.991     0.00    0.00
 -81718.574   -29.991     0.00    0.00
 -81430.832   -29.991     0.00    0.00
 -81143.105   -29.991     0.00    0.00
 -80855.390   -29.991     0.00    0.00
 -80567.690   -29.991     0.00    0.00
 -80280.003   -29.991     0.00    0.00
 -79992.330   -29.991     0.00    0.00
 -79704.671   -29.991     0.00    0.00
 -79417.025   -29.991     0.00    0.00
 -79129.394   -29.991     0.00    0.00
 -78841.776   -29.991     0.00    0.00
 -78554.171   -29.991     0.00    0.00
 -78266.581   -29.991     0.00    0.00
 -77979.004   -29.991     0.00    0.00
 -77691.441   -29.991     0.00    0.00
 -77403.891   -29.991     0.00    0.00
 -77116.355   -29.991     0.00    0.00
 -76828.833   -29.991     0.00    0.00
 -76541.325   -29.991     0.00    0.00
 -76253.831   -29.991     0.00    0.00
 -75966.350   -29.991     0.00    0.00
 -75678.883   -29.991     0.00    0.00
 -75391.429   -29.991     0.00    0.00
 -75103.989   -29.991     0.00    0.00
 -74816.563   -29.991     0.00    0.00
 -74529.151   -29.991     0.00    0.00
 -74241.752   -29.991     0.00    0.00
 -73954.367   -29.991     0.00    0.00
 -73666.996   -29.991     0.00    0.00
 -73379.638   -29.991     0.00    0.00
 -73092.294   -29.991     0.00    0.00
 -72804.964   -29.991     0.00    0.00
 -72517.647   -29.991     0.00    0.00
 -72230.344   -29.991     0.00    0.00
 -71943.055   -29.991     0.00    0.00
 -71655.779   -29.991     0.00    0.00
 -71368.517   -29.975     0.05    0.12
 -71081.269   -29.903     0.25    0.28
 -70794.035   -29.772     0.45    0.47
 -70506.814   -29.558     0.75    0.69
 -70219.606   -29.262     1.03    0.93
 -69932.413   -28.833     1.49    1.21
 -69645.233   -28.151     2.37    1.64
 -69358.066   -27.179     3.39    2.13
 -69070.914   -26.068     3.87    2.49
 -68783.775   -24.813     4.37    2.44
 -68496.649   -23.845     3.37    2.15
 -68209.537   -22.916     3.23    1.55
 -67922.439   -22.355     1.95    0.91
 -67635.355   -21.954     1.40    0.63
 -67348.284   -21.514     1.53    1.15
 -67061.227   -20.776     2.57    1.98
 -66774.183   -19.837     3.27    2.63
 -66487.153   -18.574     4.40    3.02
 -66200.137   -17.345     4.28    2.98
 -65913.134   -16.029     4.59    2.56
 -65626.145   -15.014     3.54    2.02
 -65339.169   -14.262     2.62    1.70
 -65052.208   -13.461     2.79    1.78
 -64765.259   -12.431     3.59    2.34
 -64478.325   -11.431     3.49    2.70
 -64191.404   -10.441     3.45    2.71
 -63904.496    -9.610     2.90    2.66
 -63617.602    -8.152     5.08    2.86
 -63330.722    -6.683     5.12    3.28
 -63043.855    -4.907     6.19    3.95
 -62757.002    -3.021     6.58    4.59
 -62470.163    -1.128     6.60    5.09
 -62183.337     0.979     7.35    5.22
 -61896.525     2.761     6.21    5.26
 -61609.726     5.246     8.67    5.49
 -61322.941     7.854     9.09    6.26
 -61036.169    10.159     8.04    6.94
 -60749.411    12.956     9.75    7.81
 -60462.667    16.191    11.28    8.26
 -60175.936    20.185    13.93    8.58
 -59889.219    24.979    16.72    8.78
 -59602.515    30.661    19.82   10.87
 -59315.825    37.971    25.50   14.70
 -59029.148    47.638    33.72   20.55
 -58742.485    60.746    45.73   29.18
 -58455.836    79.242    64.53   39.87
 -58169.200    98.420    66.91   45.30
 -57882.578   120.730    77.84   48.32
 -57595.969   142.053    74.40   49.76
 -57309.374   163.528    74.93   47.38
 -57022.792   182.853    67.43   46.68
 -56736.224   203.155    70.85   51.44
 -56449.669   220.231    59.59   54.26
 -56163.128   234.676    50.41   55.63
 -55876.601   254.173    68.05   59.38
 -55590.087   278.048    83.33   70.68
 -55303.586   307.084   101.35   76.39
 -55017.099   324.064    59.27   71.77
 -54730.626   334.231    35.49   62.60
 -54444.166   346.642    43.32   60.77
 -54157.720   357.573    38.16   63.05
 -53871.287   368.040    36.54   63.68
 -53584.867   367.751    -1.01   60.53
 -53298.462   359.727   -28.02   61.41
 -53012.069   349.009   -37.42   62.90
 -52725.690   339.827   -32.06   62.88
 -52439.325   328.146   -40.79   57.70
 -52152.973   328.367     0.77   58.85
 -51866.635   342.198    48.30   66.11
 -51580.310   361.524    67.50   65.29
 -51293.999   374.848    46.54   58.25
 -51007.701   379.084    14.80   60.03
 -50721.417   374.371   -16.46   72.19
 -50435.146   353.099   -74.31   85.85
 -50148.889   329.187   -83.53   84.29
 -49862.645   297.851  -109.48   79.20
 -49576.415   268.955  -100.96   74.95
 -49290.198   243.611   -88.55   69.17
 -49003.995   221.263   -78.08   65.23
 -48717.805   198.851   -78.31   65.38
 -48431.628   173.709   -87.86   63.03
 -48145.465   148.580   -87.81   55.84
 -47859.316   124.841   -82.96   47.02
 -47573.180   106.300   -64.80   35.88
 -47287.057    95.141   -39.00   30.21
 -47000.948    92.688    -8.57   32.42
 -46714.853    94.267     5.52   36.18
 -46428.770   100.794    22.82   40.13
 -46142.702   115.962    53.02   42.58
 -45856.646   131.263    53.49   40.68
 -45570.605   150.417    66.96   36.32
 -45284.576   161.651    39.28   34.05
 -44998.561   166.743    17.80   32.62
 -44712.560   173.636    24.10   34.41
 -44426.572   177.102    12.12   32.86
 -44140.597   178.720     5.66   34.93
 -43854.636   179.962     4.34   37.15
 -43568.688   178.165    -6.29   40.00
 -43282.754   176.335    -6.40   42.04
 -42996.833   172.394   -13.78   43.44
 -42710.926   168.392   -14.00   42.87
 -42425.032   163.327   -17.72   38.34
 -42139.151   160.150   -11.12   30.71
 -41853.284   160.580     1.51   24.23
 -41567.430   169.428    30.95   29.07
 -41281.590   186.024    58.06   31.34
 -40995.763   199.555    47.34   32.04
 -40709.950   214.054    50.73   33.20
 -40424.150   226.624    43.98   38.04
 -40138.363   242.144    54.31   41.51
 -39852.590   256.878    51.56   45.63
 -39566.830   272.205    53.63   48.85
 -39281.083   289.078    59.05   48.35
 -38995.350   307.426    64.21   48.99
 -38709.631   330.978    82.43   51.55
 -38423.924   359.547    99.99   57.03
 -38138.231   394.448   122.17   64.21
 -37852.552   421.159    93.50   63.15
 -37566.886   437.911    58.64   54.84
 -37281.233   445.178    25.44   52.51
 -36995.594   447.926     9.62   55.38
 -36709.968   447.101    -2.89   59.38
 -36424.355   435.373   -41.07   64.53
 -36138.756   424.447   -38.26   65.08
 -35853.170   409.107   -53.71   66.56
 -35567.597   402.355   -23.64   67.59
 -35282.038   402.054    -1.05   65.67
 -34996.493   409.132    24.79   64.64
 -34710.960   422.663    47.39   61.29
 -34425.441   444.432    76.24   58.41
 -34139.935   460.490    56.25   59.49
 -33854.443   474.601    49.43   64.09
 -33568.964   490.235    54.76   66.55
 -33283.498   501.606    39.83   70.72
 -32998.046   521.744    70.55   74.45
 -32712.607   550.924   102.23   81.50
 -32427.182   580.573   103.88   78.48
 -32141.769   585.559    17.47   71.86
 -31856.370   584.430    -3.96   70.01
 -31570.985   564.704   -69.12   70.71
 -31285.613   543.890   -72.94   76.26
 -31000.254   520.639   -81.48   76.91
 -30714.908   489.461  -109.27   72.47
 -30429.576   463.431   -91.23   62.38
 -30144.257   453.561   -34.59   55.73
 -29858.951   440.947   -44.21   55.80
 -29573.659   429.744   -39.27   57.67
 -29288.380   419.876   -34.59   58.74
 -29003.114   417.737    -7.50   64.11
 -28717.862   415.322    -8.47   66.07
 -28432.623   407.788   -26.41   69.75
 -28147.397   394.142   -47.85   72.66
 -27862.185   390.720   -12.00   73.99
 -27576.986   378.454   -43.01   69.76
 -27291.800   368.439   -35.12   58.36
 -27006.628   353.403   -52.73   53.48
 -26721.468   354.778     4.82   53.85
 -26436.322   356.954     7.63   58.38
 -26151.190   366.716    34.24   62.12
 -25866.070   365.908    -2.83   61.11
 -25580.964   355.555   -36.32   60.23
 -25294.835   342.025   -47.29   62.43
 -25006.770   321.618   -70.84   70.58
 -24718.719   301.454   -70.00   72.61
 -24430.682   278.221   -80.66   62.36
 -24142.660   270.280   -27.57   53.94
 -23854.653   273.452    11.01   62.80
 -23566.660   289.805    56.78   77.00
 -23278.681   317.378    95.75   84.73
 -22990.716   350.225   114.07   85.45
 -22702.766   393.172   149.15   82.88
 -22414.831   426.099   114.36   75.65
 -22126.910   446.501    70.86   66.71
 -21839.003   451.949    18.92   62.93
 -21551.110   453.125     4.08   63.74
 -21263.232   447.851   -18.32   69.69
 -20975.369   436.681   -38.80   74.32
 -20687.520   420.666   -55.64   69.59
 -20399.685   402.971   -61.48   63.53
 -20111.864   386.078   -58.69   58.79
 -19824.058   375.415   -37.05   59.07
 -19536.266   369.532   -20.44   56.78
 -19248.489   357.445   -42.00   53.19
 -18960.726   339.862   -61.10   49.13
 -18672.977   321.024   -65.47   38.55
 -18385.243   306.204   -51.51   30.19
 -18097.523   301.806   -15.29   35.73
 -17809.817   295.288   -22.65   38.74
 -17522.126   285.448   -34.20   46.63
 -17234.449   267.828   -61.25   53.47
 -16946.787   250.076   -61.71   47.42
 -16659.138   239.401   -37.11   37.12
 -16371.504   239.582     0.63   34.99
 -16083.885   249.332    33.90   40.89
 -15796.280   262.726    46.57   48.68
 -15508.689   285.926    80.67   51.72
 -15221.112   304.187    63.50   50.16
 -14933.550   321.797    61.24   42.56
 -14646.002   334.955    45.76   35.60
 -14358.469   341.415    22.47   32.66
 -14070.949   341.658     0.84   31.47
 -13783.444   337.755   -13.57   35.75
 -13495.954   330.286   -25.98   43.22
 -13208.477   314.535   -54.79   52.82
 -12921.015   291.924   -78.66   56.49
 -12633.568   264.176   -96.54   56.22
 -12346.134   238.924   -87.85   54.92
 -12058.715   213.163   -89.63   55.05
 -11771.311   189.701   -81.63   47.75
 -11483.920   174.755   -52.01   42.99
 -11196.544   166.039   -30.33   36.19
 -10909.182   160.366   -19.74   31.75
 -10621.834   164.375    13.95   40.40
 -10334.501   163.861    -1.79   44.37
 -10047.182   162.614    -4.34   46.35
  -9759.877   154.618   -27.83   46.62
  -9472.587   147.031   -26.41   45.63
  -9185.310   138.040   -31.30   43.29
  -8898.048   128.001   -34.95   33.95
  -8610.801   119.932   -28.09   26.79
  -8323.567   116.418   -12.23   25.59
  -8036.348   117.574     4.02   30.26
  -7749.143   118.814     4.32   34.86
  -7461.953   119.889     3.74   35.20
  -7174.776   119.226    -2.31   35.66
  -6887.614   111.603   -26.55   36.33
  -6600.466   103.755   -27.33   37.82
  -6313.333    94.738   -31.40   36.39
  -6026.213    85.102   -33.56   27.90
  -5739.108    81.092   -13.97   23.07
  -5452.017    80.761    -1.15   22.47
  -5164.941    93.731    45.18   35.51
  -4877.878   112.009    63.67   44.20
  -4590.830   132.438    71.17   47.69
  -4303.796   151.350    65.89   43.04
  -4016.776   165.191    48.22   34.00
  -3729.771   172.643    25.96   22.20
  -3442.779   170.548    -7.30   23.27
  -3155.802   162.782   -27.06   26.57
  -2868.839   151.767   -38.38   27.77
  -2581.891   141.513   -35.73   29.49
  -2294.956   133.329   -28.52   31.97
  -2008.036   120.332   -45.30   33.76
  -1721.130   107.907   -43.31   33.13
  -1434.238    93.753   -49.34   31.78
  -1147.361    78.837   -52.00   32.58
   -860.497    59.782   -66.43   36.97
   -573.648    43.119   -58.09   38.48
   -286.813    26.829   -56.79   37.38
      0.008    16.314   -36.66   34.44
    286.814     4.765   -40.27   24.73
    573.607    -2.435   -25.10    8.11
    860.385    -2.810    -1.31    3.19
   1147.149    -1.773     3.62    2.94
   1433.899    -0.723     3.66    2.02
   1720.635    -0.135     2.05    1.17
   2007.356    -0.820    -2.39    2.42
   2294.064    -1.938    -3.90    3.11
   2580.757    -3.186    -4.35    3.41
   2867.436    -4.349    -4.06    3.32
   3154.101    -5.616    -4.42    2.61
   3440.752    -5.487     0.45    2.95
   3727.388    -4.810     2.36    3.43
   4014.011    -3.544     4.42    3.75
   4300.619    -2.208     4.66    3.53
   4587.213    -1.052     4.04    2.87
   4873.793    -0.074     3.41    1.50
   5160.359     0.127     0.70    0.35
   5446.911     0.017    -0.39    0.09
   5733.448     0.017     0.00    0.09
   6019.972     0.009    -0.03    0.00
   6306.481     0.009     0.00    0.00
   6592.976     0.009     0.00    0.00
   6879.457     0.009     0.00    0.00
   7165.924     0.009     0.00    0.00
   7452.377     0.009     0.00    0.00
   7738.816     0.009     0.00    0.00
   8025.240     0.009     0.00    0.00
   8311.651     0.009     0.00    0.00
   8598.047     0.001    -0.03    0.09
   8884.429    -0.044    -0.16    0.23
   9170.797    -0.044     0.00    0.23
   9457.151    -0.038     0.02    0.21
   9743.491    -0.021     0.06    0.17
  10029.817     0.001     0.08    0.09
  10316.129     0.009     0.03    0.00
  10602.426     0.009     0.00    0.00
  10888.710     0.009     0.00    0.00
  11174.979     0.009     0.00    0.00
  11461.235     0.009     0.00    0.00
  11747.476     0.009     0.00    0.00
  12033.703     0.009     0.00    0.00
  12319.916     0.009     0.00    0.00
  12606.115     0.009     0.00    0.00
  12892.300     0.009     0.00    0.00
  13178.471     0.009     0.00    0.00
  13464.628     0.009     0.00    0.00
  13750.770     0.009     0.00    0.00
  14036.899     0.047     0.13    0.19
  14323.014     0.171     0.43    0.37
  14609.114     0.380     0.73    0.58
  14895.201     0.663     0.99    0.85
  15181.273     1.161     1.74    1.24
  15467.331     1.931     2.69    1.85
  15753.376     3.068     3.97    2.51
  16039.406     4.493     4.98    3.08
  16325.422     6.501     7.02    3.96
  16611.425     8.954     8.57    4.94
  16897.413    12.789    13.41    7.34
  17183.387    17.748    17.34   10.19
  17469.347    22.887    17.97   11.87
  17755.293    29.808    24.20   14.23
  18041.225    37.309    26.24   15.49
  18327.143    44.269    24.34   15.04
  18613.047    50.126    20.49   12.82
  18898.937    54.182    14.19   10.92
  19184.813    58.775    16.07    9.88
  19470.675    63.191    15.45   11.22
  19756.523    65.528     8.18   12.17
  20042.357    64.888    -2.24   12.95
  20328.177    62.431    -8.60   14.45
  20613.983    60.783    -5.76   15.67
  20899.774    58.870    -6.70   15.55
  21185.552    55.229   -12.74   14.73
  21471.316    51.631   -12.59   12.55
  21757.066    48.327   -11.56   13.43
  22042.802    47.521    -2.82   13.26
  22328.524    48.055     1.87   12.43
  22614.232    48.501     1.56   12.31
  22899.926    48.424    -0.27   14.01
  23185.606    49.130     2.47   16.05
  23471.272    51.552     8.48   16.92
  23756.924    54.844    11.52   17.64
  24042.562    56.439     5.58   20.20
  24328.186    57.123     2.39   21.95
  24613.796    55.180    -6.80   21.38
  24899.392    51.964   -11.26   21.19
  25184.974    47.863   -14.36   17.60
  25470.542    45.191    -9.36   15.76
  25756.097    41.548   -12.76   12.19
  26041.637    38.718    -9.91   10.59
  26327.163    36.140    -9.03    7.62
  26612.676    35.971    -0.59    8.47
  26898.174    37.683     6.00   12.60
  27183.659    41.608    13.75   16.42
  27469.129    43.257     5.78   17.59
  27754.586    45.414     7.55   17.92
  28040.028    48.803    11.87   18.49
  28325.457    54.642    20.46   20.19
  28610.872    59.681    17.65   20.07
  28896.273    65.220    19.41   20.92
  29181.660    70.198    17.44   20.77
  29467.033    75.474    18.48   20.04
  29752.392    79.047    12.52   17.47
  30037.737    81.947    10.16   15.03
  30323.068    79.641    -8.08   16.53
  30608.385    75.327   -15.12   18.54
  30893.689    69.123   -21.75   18.38
  31178.978    61.544   -26.56   16.74
  31464.254    55.062   -22.72   14.31
  31749.516    49.757   -18.60   11.58
  32034.763    45.653   -14.39    7.23
  32319.997    43.683    -6.90    6.29
  32605.217    42.223    -5.12    6.75
  32890.423    40.655    -5.50    6.97
  33175.615    37.901    -9.66    8.29
  33460.794    34.750   -11.05    9.28
  33745.958    31.650   -10.87    9.83
  34031.109    29.183    -8.65    9.34
  34316.245    28.513    -2.35    8.39
  34601.368    28.002    -1.79    8.02
  34886.477    27.858    -0.50    7.33
  35171.572    28.648     2.77    7.74
  35456.653    30.324     5.88    8.20
  35741.720    32.100     6.23    8.75
  36026.773    34.298     7.71    9.71
  36311.813    36.253     6.86   10.12
  36598.210    37.434     4.12    9.98
  36886.345    40.192     9.57   11.19
  37174.466    42.131     6.73   12.16
  37462.571    43.230     3.81   11.75
  37750.661    44.009     2.71   10.76
  38038.737    46.056     7.11   11.43
  38326.797    50.085    13.98   14.07
  38614.842    57.915    27.18   21.12
  38902.873    65.596    26.67   23.98
  39190.888    74.079    29.46   23.69
  39478.888    81.428    25.51   21.53
  39766.873    87.971    22.72   20.20
  40054.843    89.745     6.16   20.18
  40342.799    87.282    -8.56   22.23
  40630.739    80.187   -24.64   25.06
  40918.664    70.645   -33.14   25.85
  41206.575    63.009   -26.52   23.80
  41494.470    55.791   -25.07   19.56
  41782.350    49.862   -20.60   16.27
  42070.216    45.848   -13.94   15.69
  42358.066    42.482   -11.69   16.70
  42645.901    38.096   -15.24   16.75
  42933.722    33.708   -15.24   15.73
  43221.527    29.111   -15.97   13.54
  43509.318    25.926   -11.06   11.44
  43797.093    23.025   -10.08    9.07
  44084.854    21.528    -5.20    7.57
  44372.599    19.745    -6.19    6.44
  44660.330    18.676    -3.72    6.02
  44948.046    17.774    -3.13    5.28
  45235.747    16.607    -4.06    3.94
  45523.432    15.850    -2.63    2.70
  45811.103    15.342    -1.76    1.41
  46098.759    15.305    -0.13    1.42
  46386.400    15.056    -0.86    1.50
  46674.026    14.801    -0.89    1.55
  46961.638    14.455    -1.20    1.51
  47249.234    14.198    -0.89    1.52
  47536.815    14.078    -0.42    1.55
  47824.382    13.978    -0.35    1.60
  48111.933    13.806    -0.60    1.64
  48399.470    13.422    -1.34    1.75
  48686.991    12.888    -1.86    2.02
  48974.498    12.236    -2.27    2.18
  49261.990    11.373    -3.00    2.43
  49549.467    10.543    -2.89    2.52
  49836.929     9.611    -3.24    2.49
  50124.376     8.971    -2.22    2.64
  50411.808     8.134    -2.91    2.32
  50699.226     7.630    -1.75    2.21
  50986.628     7.195    -1.51    2.12
  51274.016     7.365     0.59    2.88
  51561.388     7.513     0.51    3.44
  51848.746     8.589     3.75    4.48
  52136.089     9.635     3.64    5.12
  52423.417    11.434     6.26    5.59
  52710.730    13.152     5.98    6.05
  52998.029    15.876     9.48    5.64
  53285.312    17.658     6.20    4.92
  53572.581    18.863     4.19    3.44
  53859.835    19.370     1.77    2.82
  54147.073    19.419     0.17    2.88
  54434.297    18.267    -4.01    3.85
  54721.507    16.009    -7.86    5.63
  55008.701    13.135   -10.01    6.58
  55295.880    11.521    -5.62    6.66
  55583.045    10.462    -3.69    6.54
  55870.195    10.332    -0.45    6.36
  56157.330    10.218    -0.40    6.19
  56444.450    10.979     2.65    6.10
  56731.555    12.584     5.59    5.45
  57018.646    13.933     4.70    4.50
  57305.721    14.624     2.41    4.29
  57592.782    14.947     1.12    4.67
  57879.828    15.698     2.62    5.51
  58166.859    17.245     5.39    4.97
  58453.876    18.711     5.11    5.13
  58740.877    19.922     4.22    5.02
  59027.864    21.108     4.13    4.98
  59314.836    22.151     3.64    4.94
  59601.793    23.517     4.76    4.83
  59888.735    25.771     7.85    5.16
  60175.663    28.939    11.04    7.44
  60462.576    33.661    16.46   12.12
  60749.474    39.509    20.38   17.22
  61036.357    47.433    27.62   22.77
  61323.225    56.684    32.25   25.28
  61610.079    64.524    27.33   23.73
  61896.917    68.592    14.18   21.94
  62183.742    66.401    -7.64   25.07
  62470.551    57.513   -30.99   32.06
  62757.345    42.922   -50.87   33.39
  63044.125    28.671   -49.69   28.24
  63330.890    17.104   -40.34   21.10
  63617.640     9.917   -25.06   15.76
  63904.375     4.477   -18.97   10.76
  64191.096     1.433   -10.62    8.34
  64477.802    -0.660    -7.30    5.03
  64764.493    -1.510    -2.97    3.32
  65051.170    -1.976    -1.62    1.85
  65337.831    -1.921     0.19    1.73
  65624.478    -1.711     0.73    1.63
  65911.110    -1.408     1.05    1.43
  66197.728    -0.758     2.27    0.73
  66484.330    -0.420     1.18    0.76
  66770.918     0.070     1.71    1.11
  67057.491     0.607     1.88    1.38
  67344.050     1.397     2.75    1.63
  67630.594     2.063     2.33    1.61
  67917.123     2.712     2.26    1.47
  68203.637     3.212     1.74    1.30
  68490.137     3.513     1.05    1.17
  68776.622     3.653     0.49    1.26
  69063.092     3.595    -0.20    1.30
  69349.547     3.385    -0.73    1.48
  69635.988     3.009    -1.31    1.41
  69922.414     2.668    -1.19    1.37
  70208.825     2.304    -1.27    1.26
  70495.222     1.845    -1.60    1.09
  70781.604     1.362    -1.68    0.99
  71067.971     1.017    -1.21    0.90
  71354.324     0.676    -1.19    0.78
  71640.662     0.431    -0.85    0.65
  71926.985     0.174    -0.90    0.37
  72213.294     0.041    -0.47    0.18
  72499.587     0.009    -0.11    0.00
  72785.867     0.009     0.00    0.00
  73072.131     0.071     0.21    0.24
  73358.381     0.124     0.19    0.32
  73644.616     0.206     0.29    0.40
  73930.837     0.250     0.15    0.43
  74217.043     0.288     0.13    0.45
  74503.234     0.302     0.05    0.46
  74789.410     0.269    -0.12    0.44
  75075.572     0.208    -0.21    0.40
  75361.719     0.144    -0.22    0.34
  75647.852     0.071    -0.26    0.24
  75933.970     0.024    -0.16    0.12
  76220.073     0.009    -0.05    0.00
  76506.162     0.009     0.00    0.00
  76792.236     0.009     0.00    0.00
  77078.295     0.009     0.00    0.00
  77364.340     0.009     0.00    0.00
  77650.370     0.009     0.00    0.00
  77936.386     0.009     0.00    0.00
  78222.387     0.009     0.00    0.00
  78508.373     0.009     0.00    0.00
  78794.344     0.009     0.00    0.00
  79080.301     0.009     0.00    0.00
  79366.244     0.009     0.00    0.00
  79652.172     0.009     0.00    0.00
  79938.085     0.009     0.00    0.00
  80223.984     0.009     0.00    0.00
  80509.868     0.009     0.00    0.00
  80795.737     0.009     0.00    0.00
  81081.592     0.009     0.00    0.00
  81367.432     0.086     0.27    0.27
  81653.258     0.146     0.21    0.44
  81939.069     0.269     0.43    0.65
  82224.865     0.496     0.79    1.11
  82510.647     0.742     0.86    1.40
  82796.414     1.190     1.56    2.11
