# NaN NaN NaN ;Mean Elev.(m), Avg Gradient(m/km), RMS Gradient(m/km) - SRTM1     
#   91.894  -0.215   4.951 ;Mean Elev.(m), Avg Gradient(m/km), RMS Gradient(m/km) - ASTER GDEM
#   91.216  -0.037   1.738 ;Mean Elev.(m), Avg Gradient(m/km), RMS Gradient(m/km) - GMTED2010 
   1    90.611 54662.99895112 43.19 210.998705  66.044320 28.824 -100.00 -100.00 -100.00
   1    90.866 54662.99895171 43.14 211.005138  66.044075 28.480 -100.00 -100.00 -100.00
   2    90.437 54672.91459588 27.76 210.996540  66.045076 23.430 -100.00 -100.00 -100.00
   2    90.605 54672.91459647 28.57 211.002973  66.044832 25.975 -100.00 -100.00 -100.00
   3     5.417 54682.83023929  1.22 210.995077  66.046285  2.024 -100.00 -100.00 -100.00
   3     4.076 54682.83023988  1.52 211.001510  66.046040  1.942 -100.00 -100.00 -100.00
   3     2.686 54682.83024047  1.50 211.007942  66.045796  1.818 -100.00 -100.00 -100.00
   4    89.818 54692.74588205 30.81 211.000251  66.046799 26.181 -100.00 -100.00 -100.00
   4    89.999 54692.74588264 32.96 211.006684  66.046554   -100 -100.00 -100.00 -100.00
   5     0.219 54702.66152175  0.30 210.998501  66.046430  2.081 -100.00 -100.00 -100.00
   5     0.682 54702.66152234  0.28 211.004934  66.046185  2.032 -100.00 -100.00 -100.00
   6    90.512 54712.57717061 43.06 210.999202  66.044585   -100 -100.00 -100.00 -100.00
   6    90.534 54712.57717120 49.14 211.005634  66.044341   -100 -100.00 -100.00 -100.00
   8    89.744 54732.40846970 41.89 210.995496  66.042069 21.511 -100.00 -100.00 -100.00
   8    88.783 54732.40847029 47.28 211.001927  66.041824   -100 -100.00 -100.00 -100.00
   8    88.649 54732.40847088 42.38 211.008358  66.041579 27.293 -100.00 -100.00 -100.00
   9    89.462 54742.32411646 36.65 210.994815  66.042693 24.791 -100.00 -100.00 -100.00
   9    88.783 54742.32411705 41.06 211.001247  66.042448  9.126 -100.00 -100.00 -100.00
   9    88.623 54742.32411764 37.96 211.007678  66.042203   -100 -100.00 -100.00 -100.00
  10    88.489 54752.23976344 23.84 210.998485  66.043237 10.353 -100.00 -100.00 -100.00
  10    88.466 54752.23976403 22.65 211.004916  66.042992  8.067 -100.00 -100.00 -100.00
  11    88.307 54762.15540976 43.57 210.997915  66.043148   -100 -100.00 -100.00 -100.00
  11    88.034 54762.15541035 47.13 211.004347  66.042903  9.091 -100.00 -100.00 -100.00
  12    87.091 54772.07105330 39.64 210.993618  66.042072 28.279 -100.00 -100.00 -100.00
  12    87.022 54772.07105389 43.84 211.000050  66.041827   -100 -100.00 -100.00 -100.00
  12    86.623 54772.07105448 44.02 211.006482  66.041582  7.607 -100.00 -100.00 -100.00
  13    88.140 54781.98669446 36.55 210.995861  66.040974   -100 -100.00 -100.00 -100.00
  13    87.737 54781.98669505 34.78 211.002293  66.040729   -100 -100.00 -100.00 -100.00
  13    87.669 54781.98669564 32.04 211.008724  66.040484   -100 -100.00 -100.00 -100.00
  14    88.779 54791.90233266 35.07 210.993372  66.041029 26.411 -100.00 -100.00 -100.00
  14    88.424 54791.90233325 28.30 210.999804  66.040784 17.351 -100.00 -100.00 -100.00
  14    88.262 54791.90233384 29.99 211.006236  66.040539 18.936 -100.00 -100.00 -100.00
  16    88.893 54811.73360741 33.26 210.995238  66.043649 22.795 -100.00 -100.00 -100.00
  16    88.204 54811.73360800 33.14 211.001670  66.043404   -100 -100.00 -100.00 -100.00
  16    88.076 54811.73360859 28.53 211.008103  66.043160   -100 -100.00 -100.00 -100.00
  17    88.046 54821.64924897 35.27 210.996844  66.044239   -100 -100.00 -100.00 -100.00
  17    87.748 54821.64924956 33.65 211.003276  66.043994  7.797 -100.00 -100.00 -100.00
  18    87.541 54831.56490136 36.03 210.999559  66.043710 23.889 -100.00 -100.00 -100.00
  18    87.667 54831.56490195 27.41 211.005991  66.043465   -100 -100.00 -100.00 -100.00
  19    87.514 54841.48053976 23.67 210.996596  66.043798 18.909 -100.00 -100.00 -100.00
  19    87.349 54841.48054036 30.05 211.003028  66.043553   -100 -100.00 -100.00 -100.00
  20    87.387 54851.39618866 29.35 210.996177  66.044757   -100 -100.00 -100.00 -100.00
  20    87.262 54851.39618925 26.69 211.002609  66.044512   -100 -100.00 -100.00 -100.00
  21    87.164 54861.31183737 29.27 210.998113  66.046146   -100 -100.00 -100.00 -100.00
  21    86.938 54861.31183796 25.55 211.004545  66.045901 29.333 -100.00 -100.00 -100.00
  22    87.386 54871.22748572 27.78 210.995495  66.046937 28.907 -100.00 -100.00 -100.00
  22    86.797 54871.22748631 30.93 211.001928  66.046692   -100 -100.00 -100.00 -100.00
  22    87.252 54871.22748690 18.83 211.008361  66.046447 10.839 -100.00 -100.00 -100.00
  23    86.843 54881.14313303 25.26 210.998159  66.045638 27.119 -100.00 -100.00 -100.00
  23    87.260 54881.14313362 20.47 211.004591  66.045393 13.746 -100.00 -100.00 -100.00
  24    87.624 54891.05877693 16.42 210.998829  66.043108  7.059 -100.00 -100.00 -100.00
  24    87.600 54891.05877752 17.81 211.005261  66.042863  9.717 -100.00 -100.00 -100.00
  25    89.308 54900.97441759 15.37 210.996387  66.041073  7.402 -100.00 -100.00 -100.00
  25    87.918 54900.97441819 14.26 211.002819  66.040828  5.936 -100.00 -100.00 -100.00
  26    89.750 54910.89005667  9.74 210.997100  66.041139  3.476 -100.00 -100.00 -100.00
  26    89.240 54910.89005726 10.21 211.003532  66.040894  3.690 -100.00 -100.00 -100.00
  27    89.021 54920.80569449  8.37 210.997210  66.042711  2.788 -100.00 -100.00 -100.00
  27    88.016 54920.80569508  8.79 211.003642  66.042466  3.453 -100.00 -100.00 -100.00
  28    90.076 54930.72133193  8.82 210.998741  66.043821  3.047 -100.00 -100.00 -100.00
  28    88.298 54930.72133252  9.02 211.005173  66.043576  3.345 -100.00 -100.00 -100.00
  29    91.831 54940.63696786  8.46 210.997450  66.043209  3.198 -100.00 -100.00 -100.00
  29    90.287 54940.63696845  8.59 211.003882  66.042964  3.507 -100.00 -100.00 -100.00
  30    86.183 54950.55260218 34.09 210.996313  66.041552   -100 -100.00 -100.00 -100.00
  30    86.326 54950.55260277 35.04 211.002744  66.041307   -100 -100.00 -100.00 -100.00
  31    91.288 54960.46824215 41.67 210.996279  66.040285   -100 -100.00 -100.00 -100.00
  31    91.456 54960.46824274 42.69 211.002710  66.040041   -100 -100.00 -100.00 -100.00
  32    91.277 54970.38389064 47.99 210.994861  66.040963 31.354 -100.00 -100.00 -100.00
  32    91.280 54970.38389123 50.06 211.001292  66.040719 32.389 -100.00 -100.00 -100.00
  32    90.847 54970.38389182 51.42 211.007723  66.040474  3.433 -100.00 -100.00 -100.00
  33    91.419 54980.29953811 50.32 210.995604  66.042645 15.930 -100.00 -100.00 -100.00
  33    91.367 54980.29953870 51.22 211.002036  66.042400  7.825 -100.00 -100.00 -100.00
  33    91.244 54980.29953929 54.37 211.008467  66.042156   -100 -100.00 -100.00 -100.00
  34    76.388 54990.21518544 20.98 210.997475  66.044018  7.816 -100.00 -100.00 -100.00
  34    75.061 54990.21518603 17.14 211.003907  66.043774  4.181 -100.00 -100.00 -100.00
  35    94.306 55000.13083241 30.06 210.996570  66.044134 15.725 -100.00 -100.00 -100.00
  35    90.599 55000.13083300 38.06 211.003002  66.043889   -100 -100.00 -100.00 -100.00
  36    94.434 55010.04647760 30.01 210.995621  66.043893 13.528 -100.00 -100.00 -100.00
  36    94.073 55010.04647819 28.13 211.002053  66.043648 10.565 -100.00 -100.00 -100.00
  36    93.763 55010.04647878 28.55 211.008485  66.043403 11.286 -100.00 -100.00 -100.00
  37    94.065 55019.96212161 27.86 210.999292  66.043595 10.362 -100.00 -100.00 -100.00
  37    93.331 55019.96212220 28.54 211.005724  66.043350 12.043 -100.00 -100.00 -100.00
  38    89.150 55029.87776382 48.36 210.997009  66.044706   -100 -100.00 -100.00 -100.00
  38    88.877 55029.87776441 52.24 211.003442  66.044462 13.204 -100.00 -100.00 -100.00
  39    88.890 55039.79340591 47.11 211.000114  66.045949   -100 -100.00 -100.00 -100.00
  39    88.430 55039.79340650 51.40 211.006547  66.045704 24.000 -100.00 -100.00 -100.00
  40    88.480 55049.70904615 43.05 210.997624  66.046819   -100 -100.00 -100.00 -100.00
  40    88.246 55049.70904674 42.73 211.004057  66.046574   -100 -100.00 -100.00 -100.00
  41    88.257 55059.62468439 33.61 210.995922  66.045729 31.835 -100.00 -100.00 -100.00
  41    88.090 55059.62468498 35.28 211.002354  66.045484   -100 -100.00 -100.00 -100.00
  42    88.444 55069.54032491 43.80 210.999474  66.043060 28.360 -100.00 -100.00 -100.00
  42    88.517 55069.54032550 40.12 211.005905  66.042815   -100 -100.00 -100.00 -100.00
  43    89.759 55079.45597447 46.03 210.998878  66.040792 24.057 -100.00 -100.00 -100.00
  43    88.851 55079.45597506 50.47 211.005309  66.040547   -100 -100.00 -100.00 -100.00
  44    89.209 55089.37162187 47.93 210.997421  66.040658 25.966 -100.00 -100.00 -100.00
  44    88.350 55089.37162246 50.46 211.003852  66.040413   -100 -100.00 -100.00 -100.00
  45    89.342 55099.28726802 46.18 210.996356  66.042311   -100 -100.00 -100.00 -100.00
  45    89.349 55099.28726861 50.23 211.002787  66.042066   -100 -100.00 -100.00 -100.00
  46    88.390 55109.20291399 46.06 210.999000  66.043862   -100 -100.00 -100.00 -100.00
  46    88.591 55109.20291458 51.42 211.005432  66.043617   -100 -100.00 -100.00 -100.00
  47    87.713 55119.11855845 45.12 210.998817  66.043563   -100 -100.00 -100.00 -100.00
  47    88.027 55119.11855904 50.34 211.005250  66.043318   -100 -100.00 -100.00 -100.00
  48    87.046 55129.03420034 42.85 210.997022  66.041553   -100 -100.00 -100.00 -100.00
  48    87.049 55129.03420093 48.42 211.003454  66.041308   -100 -100.00 -100.00 -100.00
  49    87.281 55138.94984052 42.79 210.998981  66.039623   -100 -100.00 -100.00 -100.00
  49    86.934 55138.94984111 47.31 211.005412  66.039378  9.264 -100.00 -100.00 -100.00
  50    87.040 55148.86547885 38.70 210.995845  66.040142   -100 -100.00 -100.00 -100.00
  50    86.991 55148.86547945 39.84 211.002276  66.039897   -100 -100.00 -100.00 -100.00
  50    86.915 55148.86548004 39.43 211.008708  66.039652   -100 -100.00 -100.00 -100.00
  51    86.927 55158.78111710 31.28 210.996639  66.042493 19.686 -100.00 -100.00 -100.00
  51    86.800 55158.78111769 30.01 211.003071  66.042249 15.028 -100.00 -100.00 -100.00
  52    87.149 55168.69675501 31.33 210.996802  66.044678 18.301 -100.00 -100.00 -100.00
  52    87.310 55168.69675560 30.86 211.003234  66.044433 15.830 -100.00 -100.00 -100.00
  53    87.385 55178.61239195 30.37 210.995604  66.045356 16.472 -100.00 -100.00 -100.00
  53    87.521 55178.61239254 31.31 211.002037  66.045112 17.796 -100.00 -100.00 -100.00
  53    87.087 55178.61239313 32.20 211.008469  66.044867 23.754 -100.00 -100.00 -100.00
  54    87.000 55188.52803727 27.05 210.993874  66.044444 12.931 -100.00 -100.00 -100.00
  54    87.223 55188.52803786 28.90 211.000306  66.044200 13.787 -100.00 -100.00 -100.00
  54    87.195 55188.52803845 25.89 211.006738  66.043955  9.611 -100.00 -100.00 -100.00
  55    91.619 55198.44368850 20.14 210.999656  66.043701  5.575 -100.00 -100.00 -100.00
  55    91.399 55198.44368909 19.83 211.006088  66.043456  5.395 -100.00 -100.00 -100.00
  56    90.761 55208.35933799 19.55 210.996961  66.044543  5.771 -100.00 -100.00 -100.00
  56    91.530 55208.35933858 19.03 211.003393  66.044298  6.001 -100.00 -100.00 -100.00
  57    92.129 55218.27498700 18.04 210.994924  66.046013  5.406 -100.00 -100.00 -100.00
  57    91.400 55218.27498759 18.37 211.001356  66.045768  5.543 -100.00 -100.00 -100.00
  57    91.169 55218.27498818 17.44 211.007789  66.045523  4.324 -100.00 -100.00 -100.00
  58    92.012 55228.19063561 17.68 210.996610  66.046165  4.633 -100.00 -100.00 -100.00
  58    91.634 55228.19063620 18.49 211.003043  66.045921  5.591 -100.00 -100.00 -100.00
  59    91.993 55238.10628106 17.78 210.995981  66.044749  4.983 -100.00 -100.00 -100.00
  59    91.899 55238.10628165 18.06 211.002413  66.044504  5.342 -100.00 -100.00 -100.00
  60    92.421 55248.02192338 18.39 210.999528  66.042038  6.187 -100.00 -100.00 -100.00
  60    91.875 55248.02192397 18.07 211.005959  66.041793  5.826 -100.00 -100.00 -100.00
  61    92.668 55257.93756274 17.55 210.997412  66.040289  5.712 -100.00 -100.00 -100.00
  61    92.191 55257.93756333 17.60 211.003844  66.040044  5.696 -100.00 -100.00 -100.00
  62    92.604 55267.85320154 16.99 210.998245  66.040459  4.486 -100.00 -100.00 -100.00
  62    92.266 55267.85320213 17.38 211.004677  66.040214  4.973 -100.00 -100.00 -100.00
  63    92.300 55277.76883954 18.04 210.995250  66.042367  6.294 -100.00 -100.00 -100.00
  63    92.123 55277.76884013 17.64 211.001682  66.042122  5.413 -100.00 -100.00 -100.00
  63    91.565 55277.76884072 18.08 211.008113  66.041877  7.411 -100.00 -100.00 -100.00
  64    92.493 55287.68447655 15.82 210.994524  66.043708  7.283 -100.00 -100.00 -100.00
  64    92.151 55287.68447714 14.52 211.000956  66.043464  4.821 -100.00 -100.00 -100.00
  64    91.703 55287.68447773 14.58 211.007388  66.043219  5.404 -100.00 -100.00 -100.00
  65    92.643 55297.60011123 14.08 210.993904  66.043533  4.822 -100.00 -100.00 -100.00
  65    92.263 55297.60011182 14.24 211.000336  66.043289  4.948 -100.00 -100.00 -100.00
  65    91.791 55297.60011241 14.32 211.006767  66.043044  4.993 -100.00 -100.00 -100.00
  66    86.622 55307.51575315 30.03 210.993830  66.041660   -100 -100.00 -100.00 -100.00
  66    86.717 55307.51575374 30.59 211.000261  66.041416   -100 -100.00 -100.00 -100.00
  66    86.070 55307.51575433 29.23 211.006691  66.041171 25.600 -100.00 -100.00 -100.00
  67    87.586 55317.43139960 41.33 210.993338  66.040155   -100 -100.00 -100.00 -100.00
  67    87.478 55317.43140019 41.20 210.999768  66.039911   -100 -100.00 -100.00 -100.00
  67    87.444 55317.43140078 44.35 211.006198  66.039666   -100 -100.00 -100.00 -100.00
  68    90.249 55327.34704518 47.37 210.996240  66.040378 20.294 -100.00 -100.00 -100.00
  68    89.315 55327.34704577 50.33 211.002670  66.040133   -100 -100.00 -100.00 -100.00
  69    88.741 55337.26268947 44.13 210.994897  66.042438   -100 -100.00 -100.00 -100.00
  69    88.285 55337.26269006 46.52 211.001328  66.042193 17.023 -100.00 -100.00 -100.00
  69    88.072 55337.26269065 44.07 211.007759  66.041948  6.746 -100.00 -100.00 -100.00
  70    90.108 55347.17833336 44.24 210.994180  66.044452 19.731 -100.00 -100.00 -100.00
  70    89.155 55347.17833395 47.18 211.000612  66.044207   -100 -100.00 -100.00 -100.00
  70    89.150 55347.17833454 52.36 211.007043  66.043963  8.231 -100.00 -100.00 -100.00
  71    88.736 55357.09397616 26.00 210.998200  66.044985 15.845 -100.00 -100.00 -100.00
  71    88.807 55357.09397675 32.34 211.004633  66.044740   -100 -100.00 -100.00 -100.00
  72    91.904 55367.00961667 21.65 210.999095  66.044615  8.593 -100.00 -100.00 -100.00
  72    92.020 55367.00961726 22.99 211.005527  66.044371 11.591 -100.00 -100.00 -100.00
  73    89.724 55376.92525529 43.09 210.995210  66.044315 28.798 -100.00 -100.00 -100.00
  73    89.631 55376.92525588 47.34 211.001642  66.044071   -100 -100.00 -100.00 -100.00
  73    89.283 55376.92525647 52.75 211.008074  66.043826   -100 -100.00 -100.00 -100.00
  74    90.784 55386.84089377 45.29 210.999503  66.044522 29.946 -100.00 -100.00 -100.00
  74    90.098 55386.84089436 51.68 211.005935  66.044278 30.101 -100.00 -100.00 -100.00
  75    89.864 55396.75653071 30.44 210.996842  66.045400 24.007 -100.00 -100.00 -100.00
  75    89.742 55396.75653130 33.22 211.003275  66.045155   -100 -100.00 -100.00 -100.00
  76    89.783 55406.67217298 29.39 210.996713  66.045622 21.217 -100.00 -100.00 -100.00
  76    90.027 55406.67217357 34.47 211.003145  66.045378   -100 -100.00 -100.00 -100.00
  77    89.932 55416.58782423 43.33 210.996829  66.044376   -100 -100.00 -100.00 -100.00
  77    89.927 55416.58782482 48.43 211.003261  66.044132   -100 -100.00 -100.00 -100.00
  78    90.378 55426.50347239 33.15 210.999873  66.042030   -100 -100.00 -100.00 -100.00
  78    90.276 55426.50347298 35.49 211.006304  66.041785   -100 -100.00 -100.00 -100.00
  79    91.758 55436.41911745 44.13 210.998698  66.040530 14.759 -100.00 -100.00 -100.00
  79    90.308 55436.41911804 49.33 211.005128  66.040285   -100 -100.00 -100.00 -100.00
  80    89.337 55446.33476087 42.90 210.994563  66.040794   -100 -100.00 -100.00 -100.00
  80    89.697 55446.33476146 47.17 211.000994  66.040550 27.894 -100.00 -100.00 -100.00
  80    88.907 55446.33476205 51.36 211.007425  66.040305   -100 -100.00 -100.00 -100.00
  81    88.892 55456.25040455 46.44 210.999830  66.041924  1.550 -100.00 -100.00 -100.00
  81    88.993 55456.25040514 52.41 211.006261  66.041679   -100 -100.00 -100.00 -100.00
  82    87.892 55466.16604685 37.21 210.997580  66.043287   -100 -100.00 -100.00 -100.00
  82    87.922 55466.16604744 38.07 211.004012  66.043042   -100 -100.00 -100.00 -100.00
  83    87.302 55476.08168595 38.37 210.993816  66.043254   -100 -100.00 -100.00 -100.00
  83    87.399 55476.08168654 40.42 211.000248  66.043009   -100 -100.00 -100.00 -100.00
  83    87.525 55476.08168713 42.26 211.006680  66.042764   -100 -100.00 -100.00 -100.00
  84    87.060 55485.99732274 42.25 210.999074  66.041669   -100 -100.00 -100.00 -100.00
  84    86.676 55485.99732333 47.47 211.005506  66.041425 10.222 -100.00 -100.00 -100.00
  85    87.547 55495.91295676 42.27 210.997328  66.040482 18.004 -100.00 -100.00 -100.00
  85    86.357 55495.91295735 47.58 211.003760  66.040238 14.745 -100.00 -100.00 -100.00
  86    86.474 55505.82859135 40.21 210.995456  66.041189 25.707 -100.00 -100.00 -100.00
  86    86.187 55505.82859194 44.32 211.001888  66.040945   -100 -100.00 -100.00 -100.00
  86    85.776 55505.82859253 42.48 211.008320  66.040700  0.720 -100.00 -100.00 -100.00
  87    86.242 55515.74424204 41.36 210.997348  66.042835   -100 -100.00 -100.00 -100.00
  87    85.933 55515.74424263 47.54 211.003780  66.042590  7.557 -100.00 -100.00 -100.00
  88    87.425 55525.65989150 34.45 210.995787  66.044673   -100 -100.00 -100.00 -100.00
  88    87.458 55525.65989209 34.33 211.002220  66.044428   -100 -100.00 -100.00 -100.00
  88    87.324 55525.65989268 34.89 211.008652  66.044183   -100 -100.00 -100.00 -100.00
  89    87.182 55535.57553900 25.80 210.994289  66.045344 16.595 -100.00 -100.00 -100.00
  89    90.359 55535.57553959 24.63 211.000721  66.045100 12.294 -100.00 -100.00 -100.00
  89    87.202 55535.57554018 24.00 211.007154  66.044855 12.033 -100.00 -100.00 -100.00
  90    87.459 55545.49118503 25.05 210.999417  66.044788 13.678 -100.00 -100.00 -100.00
  90    90.630 55545.49118562 24.63 211.005850  66.044544 11.715 -100.00 -100.00 -100.00
  91    87.545 55555.40682857 32.59 210.997622  66.044599 30.135 -100.00 -100.00 -100.00
  91    87.510 55555.40682916 33.35 211.004054  66.044354   -100 -100.00 -100.00 -100.00
  92    87.636 55565.32247107 22.03 210.994725  66.045035  8.153 -100.00 -100.00 -100.00
  92    87.385 55565.32247166 24.40 211.001157  66.044790 13.556 -100.00 -100.00 -100.00
  92    87.364 55565.32247225 22.67 211.007590  66.044545  9.733 -100.00 -100.00 -100.00
  93    91.059 55575.23811351 22.45 210.998016  66.045139  8.479 -100.00 -100.00 -100.00
  93    90.701 55575.23811411 22.50 211.004448  66.044895  9.190 -100.00 -100.00 -100.00
  94    87.780 55585.15375396 21.75 210.997156  66.044419  6.877 -100.00 -100.00 -100.00
  94    87.686 55585.15375455 21.64 211.003589  66.044175  6.502 -100.00 -100.00 -100.00
  95    91.109 55595.06939100 21.51 210.995393  66.043059  7.056 -100.00 -100.00 -100.00
  95    88.674 55595.06939159 21.05 211.001825  66.042814  7.174 -100.00 -100.00 -100.00
  95    90.570 55595.06939218 21.54 211.008258  66.042569  8.616 -100.00 -100.00 -100.00
  96    91.495 55604.98502528 20.80 210.998914  66.041656  6.564 -100.00 -100.00 -100.00
  96    87.435 55604.98502587 22.20 211.005346  66.041412  9.170 -100.00 -100.00 -100.00
  97    91.650 55614.90065680 19.47 210.995156  66.041463  8.133 -100.00 -100.00 -100.00
  97    91.665 55614.90065739 17.99 211.001588  66.041218  6.491 -100.00 -100.00 -100.00
  97    91.179 55614.90065798 18.04 211.008020  66.040974  6.072 -100.00 -100.00 -100.00
  98    91.629 55624.81629635 15.93 210.993720  66.042120  5.726 -100.00 -100.00 -100.00
  98    91.328 55624.81629694 15.99 211.000152  66.041876  6.032 -100.00 -100.00 -100.00
  98    91.188 55624.81629753 16.39 211.006584  66.041631  6.249 -100.00 -100.00 -100.00
  99    91.359 55634.73194914 15.67 210.997673  66.042554  5.598 -100.00 -100.00 -100.00
  99    91.217 55634.73194973 15.69 211.004105  66.042309  5.546 -100.00 -100.00 -100.00
 100    91.543 55644.64759930 14.48 210.996717  66.042687  5.224 -100.00 -100.00 -100.00
 100    91.056 55644.64759989 14.70 211.003149  66.042442  5.849 -100.00 -100.00 -100.00
 101    91.426 55654.56324691 14.55 210.998482  66.042098  5.107 -100.00 -100.00 -100.00
 101    91.062 55654.56324750 14.92 211.004913  66.041854  5.826 -100.00 -100.00 -100.00
 102    91.619 55664.47888975 13.77 210.997589  66.041327  4.634 -100.00 -100.00 -100.00
 102    91.282 55664.47889034 14.17 211.004020  66.041082  5.436 -100.00 -100.00 -100.00
 103    91.704 55674.39452981  8.59 210.998963  66.041069  4.223 -100.00 -100.00 -100.00
 103    91.248 55674.39453040  9.32 211.005394  66.040824  5.016 -100.00 -100.00 -100.00
 104    87.438 55684.31016819 32.78 210.999767  66.041806 30.775 -100.00 -100.00 -100.00
 104    87.283 55684.31016878 33.45 211.006198  66.041561   -100 -100.00 -100.00 -100.00
 105    89.247 55694.22580493 41.51 210.996325  66.043353   -100 -100.00 -100.00 -100.00
 105    89.120 55694.22580552 40.42 211.002757  66.043108   -100 -100.00 -100.00 -100.00
 106    89.611 55704.14144084 44.45 210.998918  66.044537   -100 -100.00 -100.00 -100.00
 106    89.585 55704.14144143 49.58 211.005351  66.044292   -100 -100.00 -100.00 -100.00
 107    93.329 55714.05708685 35.46 210.999347  66.044906 30.826 -100.00 -100.00 -100.00
 107    93.698 55714.05708744 39.18 211.005780  66.044662   -100 -100.00 -100.00 -100.00
 108    90.944 55723.97273554 42.57 210.994818  66.044979 26.385 -100.00 -100.00 -100.00
 108    91.192 55723.97273613 47.56 211.001250  66.044735 27.146 -100.00 -100.00 -100.00
 108    90.618 55723.97273672 52.89 211.007683  66.044490   -100 -100.00 -100.00 -100.00
 109    90.489 55733.88838270 42.16 210.994830  66.045067   -100 -100.00 -100.00 -100.00
 109    90.861 55733.88838329 48.48 211.001263  66.044823 26.636 -100.00 -100.00 -100.00
 109    90.201 55733.88838388 52.61 211.007695  66.044578  5.977 -100.00 -100.00 -100.00
 110    91.204 55743.80402871 30.14 210.996055  66.045258 29.916 -100.00 -100.00 -100.00
 110    91.191 55743.80402930 33.73 211.002487  66.045014   -100 -100.00 -100.00 -100.00
 111    90.398 55753.71967342 32.57 210.998756  66.044899 30.529 -100.00 -100.00 -100.00
 111    90.724 55753.71967401 33.72 211.005189  66.044654 27.763 -100.00 -100.00 -100.00
 112    91.224 55763.63531517 38.40 210.993946  66.043853 29.043 -100.00 -100.00 -100.00
 112    91.002 55763.63531576 40.19 211.000377  66.043609   -100 -100.00 -100.00 -100.00
 112    91.059 55763.63531635 43.37 211.006809  66.043364   -100 -100.00 -100.00 -100.00
 113    90.375 55773.55095454 31.41 210.993665  66.042257 21.272 -100.00 -100.00 -100.00
 113    90.084 55773.55095513 32.15 211.000096  66.042013 28.633 -100.00 -100.00 -100.00
 113    90.065 55773.55095572 32.54 211.006527  66.041768 29.336 -100.00 -100.00 -100.00
 114    89.965 55783.46659095 31.45 210.998319  66.040925 24.014 -100.00 -100.00 -100.00
 114    89.879 55783.46659154 31.14 211.004749  66.040680 25.587 -100.00 -100.00 -100.00
 115    91.932 55793.38222444 21.62 210.998665  66.041420 10.352 -100.00 -100.00 -100.00
 115    91.745 55793.38222503 19.71 211.005096  66.041176  8.185 -100.00 -100.00 -100.00
 116    90.869 55803.29785973 43.44 210.996444  66.042760 20.199 -100.00 -100.00 -100.00
 116    90.547 55803.29786032 46.48 211.002876  66.042516 24.737 -100.00 -100.00 -100.00
 117    89.662 55813.21350955 42.38 210.997233  66.043339 24.195 -100.00 -100.00 -100.00
 117    89.428 55813.21351014 48.62 211.003665  66.043095   -100 -100.00 -100.00 -100.00
 118    90.085 55823.12915753 41.50 210.997853  66.042750 17.650 -100.00 -100.00 -100.00
 118    88.844 55823.12915812 53.92 211.004285  66.042506   -100 -100.00 -100.00 -100.00
 119    89.061 55833.04480080 44.26 210.998747  66.041617   -100 -100.00 -100.00 -100.00
 119    88.451 55833.04480139 55.75 211.005180  66.041372 21.279 -100.00 -100.00 -100.00
 120    88.815 55842.96043955 43.61 210.997129  66.041099 21.680 -100.00 -100.00 -100.00
 120    88.318 55842.96044014 49.50 211.003561  66.040855   -100 -100.00 -100.00 -100.00
 121    87.631 55852.87607544 44.57 210.997657  66.041754   -100 -100.00 -100.00 -100.00
 121    87.725 55852.87607603 48.78 211.004090  66.041509   -100 -100.00 -100.00 -100.00
 122    87.772 55862.79171102 43.58 210.999873  66.043378 25.272 -100.00 -100.00 -100.00
 122    87.022 55862.79171161 46.80 211.006306  66.043134   -100 -100.00 -100.00 -100.00
 123    86.369 55872.70736473 40.43 210.994454  66.044704 32.038 -100.00 -100.00 -100.00
 123    86.346 55872.70736532 44.58 211.000886  66.044459   -100 -100.00 -100.00 -100.00
 123    85.952 55872.70736591 47.86 211.007319  66.044215 21.896 -100.00 -100.00 -100.00
 124    87.007 55882.62301409 34.67 210.995864  66.044960 26.063 -100.00 -100.00 -100.00
 124    86.557 55882.62301468 41.68 211.002296  66.044715  5.861 -100.00 -100.00 -100.00
 125    86.721 55892.53865690 32.57 210.996039  66.044748 32.265 -100.00 -100.00 -100.00
 125    87.303 55892.53865749 33.58 211.002472  66.044504 22.109 -100.00 -100.00 -100.00
 126    87.237 55902.45429418 31.46 210.997592  66.044681 29.520 -100.00 -100.00 -100.00
 126    87.605 55902.45429477 32.55 211.004024  66.044437 22.714 -100.00 -100.00 -100.00
 127    88.760 55912.36993012 34.78 211.000209  66.045204 15.646 -100.00 -100.00 -100.00
 127    87.736 55912.36993071 37.75 211.006641  66.044960   -100 -100.00 -100.00 -100.00
 128    88.043 55922.28558415 32.49 210.997189  66.045755 21.066 -100.00 -100.00 -100.00
 128    87.542 55922.28558475 35.70 211.003622  66.045510   -100 -100.00 -100.00 -100.00
 129    87.799 55932.20123548 30.14 210.994831  66.045344 23.337 -100.00 -100.00 -100.00
 129    87.636 55932.20123607 31.75 211.001264  66.045100 26.037 -100.00 -100.00 -100.00
 129    87.243 55932.20123666 37.57 211.007697  66.044855   -100 -100.00 -100.00 -100.00
 130    87.242 55942.11688307 29.87 210.997291  66.043345 22.356 -100.00 -100.00 -100.00
 130    87.068 55942.11688366 30.56 211.003724  66.043100 29.845 -100.00 -100.00 -100.00
 131    91.240 55952.03252586 16.84 210.995067  66.041194  4.669 -100.00 -100.00 -100.00
 131    90.757 55952.03252645 16.74 211.001498  66.040949  3.909 -100.00 -100.00 -100.00
 131    90.331 55952.03252704 17.45 211.007930  66.040704  5.824 -100.00 -100.00 -100.00
 132    90.713 55961.94816573 17.44 210.999399  66.040240  5.717 -100.00 -100.00 -100.00
 132    90.348 55961.94816632 17.29 211.005831  66.039995  5.907 -100.00 -100.00 -100.00
 133    90.468 55971.86380295 16.72 210.998301  66.041372  5.249 -100.00 -100.00 -100.00
 133    90.312 55971.86380354 16.82 211.004733  66.041127  4.806 -100.00 -100.00 -100.00
 134    90.341 55981.77943902 16.59 210.998296  66.043275  5.223 -100.00 -100.00 -100.00
 134    89.932 55981.77943961 16.19 211.004728  66.043031  5.164 -100.00 -100.00 -100.00
 135    90.200 55991.69507344 15.79 210.995458  66.044010  5.052 -100.00 -100.00 -100.00
 135    89.986 55991.69507403 15.34 211.001890  66.043766  4.738 -100.00 -100.00 -100.00
 135    89.669 55991.69507462 15.29 211.008322  66.043521  4.268 -100.00 -100.00 -100.00
 136    90.149 56001.61072034 16.66 210.997037  66.042914  6.990 -100.00 -100.00 -100.00
 136    89.816 56001.61072093 15.46 211.003468  66.042670  4.641 -100.00 -100.00 -100.00
 137    89.728 56011.52637035 15.13 210.995877  66.041153  5.218 -100.00 -100.00 -100.00
 137    90.349 56011.52637094 15.61 211.002307  66.040909  5.619 -100.00 -100.00 -100.00
 137    87.032 56011.52637153 15.91 211.008738  66.040664  5.841 -100.00 -100.00 -100.00
 138    90.789 56021.44201694 14.48 210.998327  66.040565  4.429 -100.00 -100.00 -100.00
 138    90.232 56021.44201753 15.50 211.004757  66.040320  5.495 -100.00 -100.00 -100.00
 139    85.752 56031.35766029 17.48 210.997708  66.041806 12.683 -100.00 -100.00 -100.00
 139    85.678 56031.35766088 22.12 211.004139  66.041561 24.627 -100.00 -100.00 -100.00
 140    87.195 56041.27330182 27.00 210.999783  66.043896 25.802 -100.00 -100.00 -100.00
 140    86.991 56041.27330241 27.02 211.006214  66.043651 27.986 -100.00 -100.00 -100.00
 141    88.806 56051.18894084 39.77 210.999477  66.045267 13.672 -100.00 -100.00 -100.00
 141    89.099 56051.18894143 40.80 211.005909  66.045022   -100 -100.00 -100.00 -100.00
 142    89.847 56061.10457703 35.61 210.997785  66.045502   -100 -100.00 -100.00 -100.00
 142    89.797 56061.10457762 32.76 211.004217  66.045257 29.191 -100.00 -100.00 -100.00
 143    90.696 56071.02021474 43.64 210.995475  66.044708 29.845 -100.00 -100.00 -100.00
 143    90.279 56071.02021533 45.68 211.001907  66.044463   -100 -100.00 -100.00 -100.00
 143    90.439 56071.02021592 50.15 211.008339  66.044219   -100 -100.00 -100.00 -100.00
 144    92.260 56080.93586568 36.97 210.998174  66.044092   -100 -100.00 -100.00 -100.00
 144    92.683 56080.93586627 37.00 211.004607  66.043847 26.273 -100.00 -100.00 -100.00
 145    90.963 56090.85151341 28.82 210.995066  66.044704 21.439 -100.00 -100.00 -100.00
 145    91.008 56090.85151400 33.80 211.001498  66.044459   -100 -100.00 -100.00 -100.00
 145    91.687 56090.85151459 33.77 211.007930  66.044215 24.220 -100.00 -100.00 -100.00
 146    91.402 56100.76715917 42.74 210.996599  66.045618 29.043 -100.00 -100.00 -100.00
 146    90.926 56100.76715976 50.03 211.003032  66.045373 11.350 -100.00 -100.00 -100.00
 147    91.361 56110.68279048 42.77 210.994857  66.045384 19.983 -100.00 -100.00 -100.00
 147    90.696 56110.68279107 45.93 211.001289  66.045139   -100 -100.00 -100.00 -100.00
 147    90.530 56110.68279166 51.75 211.007721  66.044894   -100 -100.00 -100.00 -100.00
 148    92.381 56120.59843023 42.73 210.994016  66.043548 18.668 -100.00 -100.00 -100.00
 148    92.024 56120.59843082 45.72 211.000448  66.043304 27.271 -100.00 -100.00 -100.00
 148    91.558 56120.59843141 50.71 211.006879  66.043059   -100 -100.00 -100.00 -100.00
 149    91.579 56130.51406669 43.66 210.997556  66.041104 19.893 -100.00 -100.00 -100.00
 149    90.778 56130.51406729 47.92 211.003987  66.040860   -100 -100.00 -100.00 -100.00
 150    90.599 56140.42969994 42.74 210.993398  66.040381 24.879 -100.00 -100.00 -100.00
 150    90.796 56140.42970053 44.83 210.999828  66.040137 20.542 -100.00 -100.00 -100.00
 150    89.953 56140.42970112 49.82 211.006258  66.039893  0.525 -100.00 -100.00 -100.00
 151    89.581 56150.34535144 42.72 210.999365  66.041398 27.548 -100.00 -100.00 -100.00
 151    89.439 56150.34535203 49.91 211.005796  66.041153  7.069 -100.00 -100.00 -100.00
 152    90.283 56160.26100051 23.09 210.999835  66.043478 13.414 -100.00 -100.00 -100.00
 152    89.142 56160.26100110 27.54 211.006267  66.043233 22.479 -100.00 -100.00 -100.00
 153    89.332 56170.17664781 40.63 210.997524  66.044400 19.589 -100.00 -100.00 -100.00
 153    88.451 56170.17664840 46.90 211.003956  66.044155  0.308 -100.00 -100.00 -100.00
 154    89.316 56180.09229177 43.79 210.999629  66.043058   -100 -100.00 -100.00 -100.00
 154    89.193 56180.09229236 49.97 211.006061  66.042813  1.214 -100.00 -100.00 -100.00
 155    88.856 56190.00793122 42.93 210.996585  66.041329 32.349 -100.00 -100.00 -100.00
 155    88.881 56190.00793181 48.89 211.003016  66.041084   -100 -100.00 -100.00 -100.00
 156    89.916 56199.92356794 42.71 210.996424  66.040744 17.169 -100.00 -100.00 -100.00
 156    88.731 56199.92356853 46.88 211.002856  66.040500  0.937 -100.00 -100.00 -100.00
 157    89.080 56209.83920188 40.61 210.993649  66.042589 20.492 -100.00 -100.00 -100.00
 157    88.811 56209.83920248 45.85 211.000081  66.042345 29.133 -100.00 -100.00 -100.00
 157    88.103 56209.83920307 51.10 211.006514  66.042100 20.301 -100.00 -100.00 -100.00
 158    88.591 56219.75483442 40.56 210.995501  66.045126 19.159 -100.00 -100.00 -100.00
 158    87.537 56219.75483501 46.90 211.001933  66.044881  4.394 -100.00 -100.00 -100.00
 158    87.281 56219.75483560 47.00 211.008366  66.044637 21.768 -100.00 -100.00 -100.00
 159    85.985 56229.67048331 43.62 210.996589  66.046610   -100 -100.00 -100.00 -100.00
 159    86.075 56229.67048390 44.64 211.003022  66.046365   -100 -100.00 -100.00 -100.00
 160    87.285 56239.58613710 38.71 210.999978  66.045947 17.414 -100.00 -100.00 -100.00
 160    86.218 56239.58613769 50.00 211.006411  66.045703 16.919 -100.00 -100.00 -100.00
 161    87.493 56249.50178653 39.88 210.998529  66.044783   -100 -100.00 -100.00 -100.00
 161    87.234 56249.50178712 45.70 211.004961  66.044538   -100 -100.00 -100.00 -100.00
 162    87.859 56259.41743097 34.97 210.995505  66.044006 24.224 -100.00 -100.00 -100.00
 162    87.420 56259.41743156 41.99 211.001937  66.043761 12.223 -100.00 -100.00 -100.00
 162    87.229 56259.41743215 37.64 211.008369  66.043516   -100 -100.00 -100.00 -100.00
 163    87.485 56269.33307310 35.90 210.997741  66.044432   -100 -100.00 -100.00 -100.00
 163    87.264 56269.33307369 39.04 211.004173  66.044188   -100 -100.00 -100.00 -100.00
 164    87.343 56279.24871312 35.83 210.995934  66.045193   -100 -100.00 -100.00 -100.00
 164    86.924 56279.24871371 45.63 211.002366  66.044949 25.109 -100.00 -100.00 -100.00
 165    87.642 56289.16436361 33.90 210.996861  66.045135 22.750 -100.00 -100.00 -100.00
 165    87.102 56289.16436420 42.06 211.003294  66.044890 18.278 -100.00 -100.00 -100.00
 166    86.997 56299.08001232 34.88 210.999183  66.043244   -100 -100.00 -100.00 -100.00
 166    86.906 56299.08001291 30.72 211.005615  66.043000 32.301 -100.00 -100.00 -100.00
 167    86.705 56308.99565661 32.91 210.996246  66.041085   -100 -100.00 -100.00 -100.00
 167    86.516 56308.99565720 29.16 211.002678  66.040840 25.691 -100.00 -100.00 -100.00
 168    86.561 56318.91129850 30.03 210.993869  66.040118   -100 -100.00 -100.00 -100.00
 168    86.659 56318.91129909 28.14 211.000301  66.039873   -100 -100.00 -100.00 -100.00
 168    86.481 56318.91129968 22.61 211.006733  66.039628 16.188 -100.00 -100.00 -100.00
 169    86.972 56328.82693968 27.74 210.995640  66.041371 21.975 -100.00 -100.00 -100.00
 169    86.448 56328.82694027 26.70 211.002072  66.041126 28.907 -100.00 -100.00 -100.00
 169    86.429 56328.82694086 19.10 211.008504  66.040881  9.248 -100.00 -100.00 -100.00
 170    86.473 56338.74258013 34.92 210.999377  66.043375 10.653 -100.00 -100.00 -100.00
 170    86.429 56338.74258072 28.69 211.005809  66.043130   -100 -100.00 -100.00 -100.00
 171    86.515 56348.65821801 31.22 210.996796  66.044636   -100 -100.00 -100.00 -100.00
 171    86.441 56348.65821860 28.24 211.003228  66.044392   -100 -100.00 -100.00 -100.00
 172    86.496 56358.57385333 30.03 210.997678  66.043642   -100 -100.00 -100.00 -100.00
 172    86.227 56358.57385392 27.33 211.004110  66.043397   -100 -100.00 -100.00 -100.00
 173    86.425 56368.48950351 23.42 210.993800  66.041780 21.657 -100.00 -100.00 -100.00
 173    86.340 56368.48950410 25.84 211.000231  66.041535 30.799 -100.00 -100.00 -100.00
 173    86.340 56368.48950469 21.83 211.006662  66.041291 16.593 -100.00 -100.00 -100.00
 175    86.213 56388.32079720 27.06 210.997597  66.042575   -100 -100.00 -100.00 -100.00
 175    86.037 56388.32079779 20.87 211.004028  66.042330 19.675 -100.00 -100.00 -100.00
 176    86.301 56398.23644057 25.78 210.998036  66.045089 30.223 -100.00 -100.00 -100.00
 176    86.355 56398.23644116 18.21 211.004468  66.044844 11.005 -100.00 -100.00 -100.00
 177    86.400 56408.15208134 27.80 210.996124  66.046684   -100 -100.00 -100.00 -100.00
 177    86.275 56408.15208193 19.30 211.002557  66.046439 16.294 -100.00 -100.00 -100.00
 178    86.190 56418.06771827 27.33 210.997162  66.046347  1.943 -100.00 -100.00 -100.00
 178    87.062 56418.06771886 14.39 211.003595  66.046103 10.574 -100.00 -100.00 -100.00
 179    86.379 56427.98335036 28.91 210.995893  66.045116   -100 -100.00 -100.00 -100.00
 179    86.393 56427.98335095 26.89 211.002326  66.044871   -100 -100.00 -100.00 -100.00
 180    93.132 56437.89900401 46.85 210.994069  66.044125   -100 -100.00 -100.00 -100.00
 180    93.191 56437.89900460 47.14 211.000502  66.043881   -100 -100.00 -100.00 -100.00
 180    92.811 56437.89900519 48.95 211.006934  66.043636   -100 -100.00 -100.00 -100.00
 181    94.929 56447.81465561 40.22 210.996465  66.044082   -100 -100.00 -100.00 -100.00
 181    95.071 56447.81465620 40.37 211.002897  66.043837   -100 -100.00 -100.00 -100.00
 182    93.536 56457.73030492 50.32 210.998166  66.044678   -100 -100.00 -100.00 -100.00
 182    93.462 56457.73030551 53.13 211.004598  66.044433   -100 -100.00 -100.00 -100.00
 183    90.886 56467.64595075 47.16 210.997235  66.044407   -100 -100.00 -100.00 -100.00
 183    90.583 56467.64595134 52.30 211.003667  66.044162 25.632 -100.00 -100.00 -100.00
 184    90.226 56477.56159283 38.31 210.999374  66.043042   -100 -100.00 -100.00 -100.00
 184    90.217 56477.56159342 37.27 211.005805  66.042797 32.747 -100.00 -100.00 -100.00
 185    90.625 56487.47723054 44.74 210.994907  66.041502 24.741 -100.00 -100.00 -100.00
 185    90.205 56487.47723113 47.14 211.001337  66.041257   -100 -100.00 -100.00 -100.00
 185    89.857 56487.47723172 51.08 211.007768  66.041012 31.132 -100.00 -100.00 -100.00
 186    94.068 56497.39286639 26.97 210.998856  66.040880 12.382 -100.00 -100.00 -100.00
 186    93.605 56497.39286698 27.03 211.005287  66.040635 13.310 -100.00 -100.00 -100.00
 187    90.348 56507.30850047 46.08 210.997787  66.041920   -100 -100.00 -100.00 -100.00
 187    90.170 56507.30850106 51.24 211.004218  66.041676   -100 -100.00 -100.00 -100.00
 188    89.149 56517.22413677 45.93 210.995576  66.043804   -100 -100.00 -100.00 -100.00
 188    88.843 56517.22413736 50.22 211.002008  66.043560 12.336 -100.00 -100.00 -100.00
 188    88.708 56517.22413795 54.36 211.008440  66.043315   -100 -100.00 -100.00 -100.00
 189    89.109 56527.13979124 45.06 210.997035  66.044377   -100 -100.00 -100.00 -100.00
 189    88.767 56527.13979183 48.22 211.003467  66.044133  6.862 -100.00 -100.00 -100.00
 190    93.457 56537.05544135 22.63 210.996994  66.043783  8.072 -100.00 -100.00 -100.00
 190    93.087 56537.05544194 23.11 211.003426  66.043538  9.523 -100.00 -100.00 -100.00
 192    89.126 56556.88673150 39.82 210.999792  66.042098   -100 -100.00 -100.00 -100.00
 192    89.298 56556.88673209 38.11 211.006224  66.041853   -100 -100.00 -100.00 -100.00
 193    89.561 56566.80237405 46.08 210.999381  66.043323 23.283 -100.00 -100.00 -100.00
 193    88.958 56566.80237464 50.98 211.005814  66.043078   -100 -100.00 -100.00 -100.00
 194    88.365 56576.71801489 42.72 210.994942  66.045558   -100 -100.00 -100.00 -100.00
 194    88.275 56576.71801548 48.16 211.001375  66.045313  5.797 -100.00 -100.00 -100.00
 194    88.359 56576.71801607 49.53 211.007808  66.045068   -100 -100.00 -100.00 -100.00
 195    87.786 56586.63365314 44.82 210.999235  66.046684   -100 -100.00 -100.00 -100.00
 195    87.645 56586.63365373 50.49 211.005668  66.046439   -100 -100.00 -100.00 -100.00
 196    88.175 56596.54929237 40.96 210.997133  66.046535 19.102 -100.00 -100.00 -100.00
 196    87.498 56596.54929296 46.21 211.003566  66.046291   -100 -100.00 -100.00 -100.00
 197    87.499 56606.46494453 42.05 210.998134  66.045165 28.105 -100.00 -100.00 -100.00
 197    87.234 56606.46494512 46.25 211.004566  66.044920   -100 -100.00 -100.00 -100.00
 198    87.371 56616.38059138 34.87 210.994697  66.044341 32.468 -100.00 -100.00 -100.00
 198    87.017 56616.38059197 34.46 211.001129  66.044097   -100 -100.00 -100.00 -100.00
 198    87.117 56616.38059256 30.96 211.007561  66.043852 23.227 -100.00 -100.00 -100.00
 199    89.802 56626.29623522 24.06 210.996964  66.044120  8.370 -100.00 -100.00 -100.00
 199    89.997 56626.29623581 23.25 211.003397  66.043875  8.427 -100.00 -100.00 -100.00
 200    87.623 56636.21187589 31.35 210.994795  66.044364 23.834 -100.00 -100.00 -100.00
 200    87.618 56636.21187648 34.06 211.001228  66.044120   -100 -100.00 -100.00 -100.00
 200    87.754 56636.21187707 35.36 211.007660  66.043875 29.806 -100.00 -100.00 -100.00
 201    89.882 56646.12751604 22.69 210.996334  66.044058  6.943 -100.00 -100.00 -100.00
 201    88.040 56646.12751663 22.63 211.002767  66.043813  6.428 -100.00 -100.00 -100.00
 202    90.267 56656.04316816 20.64 210.993822  66.043045  5.702 -100.00 -100.00 -100.00
 202    89.663 56656.04316875 20.45 211.000254  66.042800  5.282 -100.00 -100.00 -100.00
 202    89.551 56656.04316934 20.19 211.006687  66.042556  4.994 -100.00 -100.00 -100.00
 203    89.991 56665.95881659 19.72 210.998115  66.041584  6.475 -100.00 -100.00 -100.00
 203    89.528 56665.95881718 18.99 211.004547  66.041339  5.052 -100.00 -100.00 -100.00
 204    90.379 56675.87446169 17.84 210.995058  66.041460  4.816 -100.00 -100.00 -100.00
 204    89.693 56675.87446228 18.32 211.001490  66.041216  5.325 -100.00 -100.00 -100.00
 204    89.768 56675.87446287 17.71 211.007922  66.040970  4.609 -100.00 -100.00 -100.00
 205    90.242 56685.79010628 18.66 210.998355  66.042190  4.993 -100.00 -100.00 -100.00
 205    90.019 56685.79010687 18.59 211.004787  66.041945  4.953 -100.00 -100.00 -100.00
 206    89.450 56695.70574873 19.77 210.999874  66.043306  7.098 -100.00 -100.00 -100.00
 206    89.134 56695.70574932 18.21 211.006306  66.043061  4.503 -100.00 -100.00 -100.00
 207    89.392 56705.62138653 17.82 211.000085  66.043823  4.865 -100.00 -100.00 -100.00
 207    89.304 56705.62138712 17.55 211.006517  66.043579  4.913 -100.00 -100.00 -100.00
 208    89.623 56715.53701883 17.79 210.999845  66.043460  4.995 -100.00 -100.00 -100.00
 208    88.827 56715.53701942 17.60 211.006277  66.043215  5.148 -100.00 -100.00 -100.00
 209    75.973 56725.45267157 14.11 210.994426  66.042938  2.868 -100.00 -100.00 -100.00
 209    74.601 56725.45267216 14.48 211.000858  66.042694  3.484 -100.00 -100.00 -100.00
 209    73.643 56725.45267275 14.48 211.007289  66.042449  3.644 -100.00 -100.00 -100.00
 210    89.895 56735.36832147 16.03 210.997303  66.043082  4.519 -100.00 -100.00 -100.00
 210    89.460 56735.36832206 16.90 211.003735  66.042837  5.102 -100.00 -100.00 -100.00
 211    89.732 56745.28396785 16.76 210.998734  66.044479  5.588 -100.00 -100.00 -100.00
 211    88.586 56745.28396844 16.30 211.005166  66.044234  4.512 -100.00 -100.00 -100.00
 212    89.637 56755.19960980 15.95 210.998391  66.045848  4.646 -100.00 -100.00 -100.00
 212    89.293 56755.19961039 15.75 211.004823  66.045603  5.676 -100.00 -100.00 -100.00
 213    85.948 56765.11524637 15.65 211.000338  66.046208 19.106 -100.00 -100.00 -100.00
 213    86.290 56765.11524696 16.94 211.006771  66.045963 21.909 -100.00 -100.00 -100.00
 214    86.616 56775.03088394 33.14 210.995402  66.045747   -100 -100.00 -100.00 -100.00
 214    86.425 56775.03088453 34.21 211.001835  66.045502   -100 -100.00 -100.00 -100.00
 214    91.547 56775.03088512 32.21 211.008268  66.045257 27.188 -100.00 -100.00 -100.00
 215    91.569 56784.94654104 45.22 210.998091  66.044806   -100 -100.00 -100.00 -100.00
 215    91.266 56784.94654164 47.39 211.004523  66.044561  7.758 -100.00 -100.00 -100.00
 216    91.499 56794.86219415 41.03 210.996895  66.044493   -100 -100.00 -100.00 -100.00
 216    91.383 56794.86219474 40.75 211.003328  66.044248   -100 -100.00 -100.00 -100.00
 217    90.019 56804.77784360 33.55 210.996734  66.044412 28.103 -100.00 -100.00 -100.00
 217    90.163 56804.77784419 36.40 211.003166  66.044167   -100 -100.00 -100.00 -100.00
 218    91.235 56814.69348580 44.14 210.994373  66.044066   -100 -100.00 -100.00 -100.00
 218    90.892 56814.69348639 45.33 211.000805  66.043821   -100 -100.00 -100.00 -100.00
 218    90.638 56814.69348698 49.16 211.007236  66.043576 19.084 -100.00 -100.00 -100.00
 219    90.445 56824.60912479 42.11 210.994682  66.043061   -100 -100.00 -100.00 -100.00
 219    91.074 56824.60912538 44.94 211.001113  66.042817 26.649 -100.00 -100.00 -100.00
 219    90.277 56824.60912597 49.24 211.007545  66.042572 31.786 -100.00 -100.00 -100.00
 220    75.355 56834.52476009 20.94 210.997124  66.042085  7.655 -100.00 -100.00 -100.00
 220    73.961 56834.52476068 20.33 211.003554  66.041840  7.594 -100.00 -100.00 -100.00
 221    91.423 56844.44039148 42.25 210.994340  66.042163 19.827 -100.00 -100.00 -100.00
 221    91.698 56844.44039207 45.14 211.000771  66.041919 18.269 -100.00 -100.00 -100.00
 221    90.481 56844.44039266 51.60 211.007202  66.041674 28.306 -100.00 -100.00 -100.00
 222    89.866 56854.35603616 28.40 210.998440  66.042667 20.891 -100.00 -100.00 -100.00
 222    89.915 56854.35603675 31.29 211.004871  66.042422 31.554 -100.00 -100.00 -100.00
 223    89.627 56864.27168973 38.98 210.996972  66.043409   -100 -100.00 -100.00 -100.00
 223    89.726 56864.27169032 38.93 211.003404  66.043164   -100 -100.00 -100.00 -100.00
 224    89.775 56874.18734276 32.98 210.996743  66.043607 23.318 -100.00 -100.00 -100.00
 224    89.411 56874.18734335 37.42 211.003175  66.043362   -100 -100.00 -100.00 -100.00
 225    89.328 56884.10299280 35.33 210.998445  66.043275   -100 -100.00 -100.00 -100.00
 225    89.298 56884.10299340 37.98 211.004877  66.043030   -100 -100.00 -100.00 -100.00
 226    89.261 56894.01863916 24.03 210.994886  66.043071 14.899 -100.00 -100.00 -100.00
 226    90.144 56894.01863976 21.42 211.001319  66.042826  9.929 -100.00 -100.00 -100.00
 226    89.600 56894.01864035 22.62 211.007750  66.042581 12.661 -100.00 -100.00 -100.00
 227    93.919 56903.93428290 20.49 210.997590  66.043171  6.818 -100.00 -100.00 -100.00
 227    89.897 56903.93428349 23.96 211.004022  66.042927 14.780 -100.00 -100.00 -100.00
 228    89.645 56913.84992433 43.17 210.997244  66.044291 31.987 -100.00 -100.00 -100.00
 228    89.260 56913.84992492 49.30 211.003676  66.044046  4.887 -100.00 -100.00 -100.00
 229    93.873 56923.76556385 26.09 210.994874  66.045687 20.119 -100.00 -100.00 -100.00
 229    88.869 56923.76556444 23.76 211.001307  66.045443 14.263 -100.00 -100.00 -100.00
 229    89.096 56923.76556503 23.07 211.007740  66.045197 11.623 -100.00 -100.00 -100.00
 230    88.800 56933.68120120 36.45 210.996532  66.046436   -100 -100.00 -100.00 -100.00
 230    88.561 56933.68120179 34.92 211.002965  66.046192   -100 -100.00 -100.00 -100.00
 231    89.353 56943.59683302 39.14 210.995265  66.046282 19.543 -100.00 -100.00 -100.00
 231    88.329 56943.59683361 45.07 211.001698  66.046037   -100 -100.00 -100.00 -100.00
 231    88.267 56943.59683420 46.85 211.008130  66.045793  4.019 -100.00 -100.00 -100.00
 232    88.643 56953.51247981 40.88 210.996115  66.045187 25.748 -100.00 -100.00 -100.00
 232    88.613 56953.51248040 47.30 211.002547  66.044942 31.608 -100.00 -100.00 -100.00
 233    88.127 56963.42813005 39.72 210.995209  66.044401   -100 -100.00 -100.00 -100.00
 233    87.867 56963.42813064 43.03 211.001641  66.044156   -100 -100.00 -100.00 -100.00
 233    87.662 56963.42813123 42.83 211.008073  66.043912   -100 -100.00 -100.00 -100.00
 234    86.738 56973.34377580 44.08 210.998001  66.044457   -100 -100.00 -100.00 -100.00
 234    86.495 56973.34377639 46.80 211.004433  66.044213 17.960 -100.00 -100.00 -100.00
 235    86.987 56983.25941686 36.29 210.996670  66.044982   -100 -100.00 -100.00 -100.00
 235    86.850 56983.25941745 38.14 211.003103  66.044737   -100 -100.00 -100.00 -100.00
 236    87.702 56993.17505329 35.65 210.996367  66.044654 32.232 -100.00 -100.00 -100.00
 236    87.538 56993.17505388 37.60 211.002799  66.044410   -100 -100.00 -100.00 -100.00
 237    87.753 57003.09068965 31.16 210.997815  66.043131 27.239 -100.00 -100.00 -100.00
 237    87.523 57003.09069024 32.49 211.004247  66.042887   -100 -100.00 -100.00 -100.00
 238    88.360 57013.00634629 30.25 210.997205  66.041526 18.727 -100.00 -100.00 -100.00
 238    88.361 57013.00634688 32.32 211.003637  66.041281 19.180 -100.00 -100.00 -100.00
 239    88.051 57022.92199763 31.31 210.998127  66.041212 23.485 -100.00 -100.00 -100.00
 239    87.885 57022.92199822 33.51 211.004559  66.040968 31.428 -100.00 -100.00 -100.00
 240    87.327 57032.83764588 22.30 210.994529  66.042833 10.580 -100.00 -100.00 -100.00
 240    87.394 57032.83764647 21.21 211.000961  66.042588  8.845 -100.00 -100.00 -100.00
 240    87.341 57032.83764706 21.74 211.007393  66.042343  8.879 -100.00 -100.00 -100.00
 241    87.090 57042.75329262 22.75 210.998577  66.044116 11.725 -100.00 -100.00 -100.00
 241    86.987 57042.75329322 22.93 211.005009  66.043871 12.837 -100.00 -100.00 -100.00
 242    87.102 57052.66893683 22.85 210.999375  66.044361 12.759 -100.00 -100.00 -100.00
 242    86.746 57052.66893742 22.64 211.005808  66.044116 12.555 -100.00 -100.00 -100.00
 243    87.123 57062.58457619 22.99 210.995216  66.043495 11.100 -100.00 -100.00 -100.00
 243    88.241 57062.58457678 22.28 211.001647  66.043250 11.535 -100.00 -100.00 -100.00
 243    87.442 57062.58457738 20.99 211.008079  66.043006  8.450 -100.00 -100.00 -100.00
 244    87.410 57072.50021093 20.77 210.998026  66.042692  8.744 -100.00 -100.00 -100.00
 244    88.226 57072.50021152 21.60 211.004457  66.042448 10.437 -100.00 -100.00 -100.00
 245    87.757 57082.41584135 21.27 210.997571  66.043475  9.135 -100.00 -100.00 -100.00
 245    86.067 57082.41584194 22.86 211.004002  66.043230 11.723 -100.00 -100.00 -100.00
 246    86.064 57092.33148780 26.20 210.999226  66.045296 19.397 -100.00 -100.00 -100.00
 246    86.118 57092.33148839 24.03 211.005658  66.045051 13.463 -100.00 -100.00 -100.00
 247    86.139 57102.24714486 25.00 210.998106  66.046958 15.717 -100.00 -100.00 -100.00
 247    87.058 57102.24714545 21.99 211.004539  66.046713 10.093 -100.00 -100.00 -100.00
 248    86.009 57112.16279861 23.77 210.999294  66.046985 14.758 -100.00 -100.00 -100.00
 248    87.112 57112.16279920 21.93 211.005726  66.046740  9.795 -100.00 -100.00 -100.00
 249    89.323 57122.07844638 16.30 210.999132  66.045511  8.585 -100.00 -100.00 -100.00
 249    88.017 57122.07844697 16.62 211.005564  66.045266  9.522 -100.00 -100.00 -100.00
 250    85.938 57131.99408832 22.47 210.995958  66.043965 18.765 -100.00 -100.00 -100.00
 250    85.772 57131.99408891 23.22 211.002390  66.043721 21.525 -100.00 -100.00 -100.00
 251    87.088 57141.90972542 36.41 210.994037  66.043736   -100 -100.00 -100.00 -100.00
 251    87.189 57141.90972601 37.08 211.000469  66.043491   -100 -100.00 -100.00 -100.00
 251    87.029 57141.90972661 38.54 211.006901  66.043246   -100 -100.00 -100.00 -100.00
 252    90.065 57151.82535963 41.21 210.994731  66.044760 21.192 -100.00 -100.00 -100.00
 252    89.385 57151.82536022 46.66 211.001164  66.044516   -100 -100.00 -100.00 -100.00
 252    89.458 57151.82536081 50.34 211.007596  66.044271   -100 -100.00 -100.00 -100.00
 253    92.289 57161.74099086 44.14 211.000354  66.045444   -100 -100.00 -100.00 -100.00
 253    92.293 57161.74099145 46.61 211.006786  66.045200   -100 -100.00 -100.00 -100.00
 254    92.536 57171.65664740 33.35 210.994710  66.044889 30.213 -100.00 -100.00 -100.00
 254    92.435 57171.65664799 37.45 211.001142  66.044645   -100 -100.00 -100.00 -100.00
 254    92.821 57171.65664858 36.78 211.007574  66.044400   -100 -100.00 -100.00 -100.00
 255    90.417 57181.57230215 40.50 210.995364  66.042871   -100 -100.00 -100.00 -100.00
 255    90.570 57181.57230274 43.44 211.001795  66.042626   -100 -100.00 -100.00 -100.00
 255    90.227 57181.57230333 46.77 211.008226  66.042381 23.899 -100.00 -100.00 -100.00
 256    89.676 57191.48795277 40.54 210.993556  66.041208   -100 -100.00 -100.00 -100.00
 256    90.095 57191.48795336 43.09 210.999986  66.040964 25.645 -100.00 -100.00 -100.00
 256    89.461 57191.48795395 49.15 211.006417  66.040719  4.009 -100.00 -100.00 -100.00
 257    91.523 57201.40360062 28.94 210.994820  66.041286 19.951 -100.00 -100.00 -100.00
 257    88.837 57201.40360121 26.10 211.001251  66.041042 14.845 -100.00 -100.00 -100.00
 257    90.755 57201.40360181 25.85 211.007681  66.040797 13.240 -100.00 -100.00 -100.00
 258    91.645 57211.31923507 21.95 210.999015  66.042823  8.208 -100.00 -100.00 -100.00
 258    91.103 57211.31923566 23.77 211.005446  66.042578 13.383 -100.00 -100.00 -100.00
 259    89.608 57221.23487878 23.88 210.998214  66.044594 16.125 -100.00 -100.00 -100.00
 259    89.925 57221.23487937 23.22 211.004646  66.044350 14.591 -100.00 -100.00 -100.00
 260    89.291 57231.15052143 43.53 210.999683  66.044757   -100 -100.00 -100.00 -100.00
 260    89.023 57231.15052202 55.17 211.006115  66.044512   -100 -100.00 -100.00 -100.00
 261    89.502 57241.06616154 38.12 210.999811  66.043934   -100 -100.00 -100.00 -100.00
 261    89.314 57241.06616213 43.55 211.006243  66.043689  9.617 -100.00 -100.00 -100.00
 262    91.246 57250.98179853 20.32 210.994996  66.043185  7.549 -100.00 -100.00 -100.00
 262    90.984 57250.98179912 19.49 211.001428  66.042941  6.382 -100.00 -100.00 -100.00
 262    89.473 57250.98179971 22.92 211.007860  66.042696 12.073 -100.00 -100.00 -100.00
 263    94.009 57260.89743398 23.48 210.995494  66.043822 14.047 -100.00 -100.00 -100.00
 263    89.897 57260.89743457 23.03 211.001926  66.043578 11.645 -100.00 -100.00 -100.00
 263    89.947 57260.89743516 27.67 211.008359  66.043333 24.959 -100.00 -100.00 -100.00
 264    91.009 57270.81306852 46.54 211.000092  66.045599   -100 -100.00 -100.00 -100.00
 264    90.966 57270.81306911 50.81 211.006525  66.045355 18.102 -100.00 -100.00 -100.00
 265    90.631 57280.72872305 41.27 210.997067  66.047469 26.169 -100.00 -100.00 -100.00
 265    90.055 57280.72872364 47.58 211.003500  66.047224  6.116 -100.00 -100.00 -100.00
 266    91.008 57290.64437857 42.36 210.999274  66.047424 19.814 -100.00 -100.00 -100.00
 266    90.197 57290.64437917 49.59 211.005707  66.047179   -100 -100.00 -100.00 -100.00
 267    89.236 57300.56003045 38.43 210.994235  66.045916 25.869 -100.00 -100.00 -100.00
 267    89.516 57300.56003104 43.38 211.000668  66.045672   -100 -100.00 -100.00 -100.00
 267    89.047 57300.56003163 54.60 211.007100  66.045427 14.785 -100.00 -100.00 -100.00
 268    88.773 57310.47567962 43.32 210.999863  66.043456   -100 -100.00 -100.00 -100.00
 268    89.006 57310.47568021 48.67 211.006294  66.043211   -100 -100.00 -100.00 -100.00
 269    89.156 57320.39132480 42.43 210.999400  66.042585 18.448 -100.00 -100.00 -100.00
 269    87.942 57320.39132539 52.37 211.005831  66.042340   -100 -100.00 -100.00 -100.00
 270    87.848 57330.30696713 42.35 210.997715  66.043510   -100 -100.00 -100.00 -100.00
 270    88.104 57330.30696772 46.63 211.004146  66.043265   -100 -100.00 -100.00 -100.00
 271    86.773 57340.22260760 45.31 210.999389  66.044971   -100 -100.00 -100.00 -100.00
 271    86.423 57340.22260819 47.08 211.005821  66.044726 21.718 -100.00 -100.00 -100.00
 272    87.879 57350.13825748 33.72 210.997293  66.044861 31.771 -100.00 -100.00 -100.00
 272    87.800 57350.13825808 35.46 211.003726  66.044616   -100 -100.00 -100.00 -100.00
 273    89.210 57360.05390285 32.48 210.998018  66.042929 14.082 -100.00 -100.00 -100.00
 273    87.990 57360.05390344 34.30 211.004450  66.042685   -100 -100.00 -100.00 -100.00
 274    88.974 57369.96954507 31.44 210.998909  66.040744 28.154 -100.00 -100.00 -100.00
 274    89.068 57369.96954566 33.59 211.005341  66.040499 27.952 -100.00 -100.00 -100.00
 275    88.639 57379.88518457 31.49 210.996328  66.040746 27.285 -100.00 -100.00 -100.00
 275    88.579 57379.88518517 32.30 211.002760  66.040502   -100 -100.00 -100.00 -100.00
 276    88.504 57389.80082297 29.32 210.994639  66.042907 21.885 -100.00 -100.00 -100.00
 276    88.303 57389.80082356 30.45 211.001072  66.042663   -100 -100.00 -100.00 -100.00
 276    88.033 57389.80082415 34.97 211.007504  66.042418   -100 -100.00 -100.00 -100.00
 277    88.316 57399.71646101 21.71 210.999528  66.044995  8.631 -100.00 -100.00 -100.00
 277    87.975 57399.71646160 25.48 211.005960  66.044750 14.724 -100.00 -100.00 -100.00
 278    89.533 57409.63209904 18.78 210.994848  66.045758  5.483 -100.00 -100.00 -100.00
 278    88.347 57409.63209963 19.21 211.001281  66.045514  6.427 -100.00 -100.00 -100.00
 278    88.290 57409.63210022 19.78 211.007713  66.045270  6.604 -100.00 -100.00 -100.00
 279    89.610 57419.54775186 17.77 210.996626  66.044343  4.521 -100.00 -100.00 -100.00
 279    88.584 57419.54775245 18.15 211.003059  66.044099  5.288 -100.00 -100.00 -100.00
 280    89.481 57429.46340172 18.58 210.994359  66.043321  5.341 -100.00 -100.00 -100.00
 280    89.186 57429.46340231 18.12 211.000790  66.043076  5.525 -100.00 -100.00 -100.00
 280    88.256 57429.46340290 19.28 211.007222  66.042832  7.399 -100.00 -100.00 -100.00
 281    89.145 57439.37904957 18.69 210.995226  66.043821  6.490 -100.00 -100.00 -100.00
 281    88.678 57439.37905016 18.33 211.001658  66.043577  5.890 -100.00 -100.00 -100.00
 281    88.363 57439.37905075 18.34 211.008090  66.043332  5.701 -100.00 -100.00 -100.00
 282    88.687 57449.29469636 17.28 210.997242  66.045669  4.502 -100.00 -100.00 -100.00
 282    88.568 57449.29469695 17.59 211.003674  66.045424  5.135 -100.00 -100.00 -100.00
 283    89.347 57459.21034168 16.77 210.997753  66.047143  4.798 -100.00 -100.00 -100.00
 283    87.758 57459.21034227 17.29 211.004186  66.046899  5.849 -100.00 -100.00 -100.00
 284    89.501 57469.12598371 16.22 210.995442  66.047132  4.943 -100.00 -100.00 -100.00
 284    88.563 57469.12598430 15.89 211.001875  66.046887  4.734 -100.00 -100.00 -100.00
 284    88.195 57469.12598489 15.48 211.008308  66.046642  3.950 -100.00 -100.00 -100.00
 285    89.470 57479.04162201 15.64 210.996284  66.045372  5.233 -100.00 -100.00 -100.00
 285    89.429 57479.04162260 15.29 211.002716  66.045127  5.002 -100.00 -100.00 -100.00
 286    89.017 57488.95725706 16.83 210.995012  66.043601  6.602 -100.00 -100.00 -100.00
 286    88.388 57488.95725765 16.73 211.001445  66.043357  6.923 -100.00 -100.00 -100.00
 286    89.301 57488.95725824 16.14 211.007877  66.043112  6.801 -100.00 -100.00 -100.00
 287    87.292 57498.87289008 23.67 210.993694  66.043063   -100 -100.00 -100.00 -100.00
 287    87.516 57498.87289067 24.39 211.000126  66.042819   -100 -100.00 -100.00 -100.00
 287    87.437 57498.87289126 24.82 211.006558  66.042574   -100 -100.00 -100.00 -100.00
 288    88.639 57508.78853235 38.57 210.993838  66.043963  1.075 -100.00 -100.00 -100.00
 288    88.821 57508.78853294 38.57 211.000271  66.043718   -100 -100.00 -100.00 -100.00
 288    89.064 57508.78853353 40.57 211.006703  66.043474   -100 -100.00 -100.00 -100.00
 289    90.930 57518.70418849 44.56 210.995325  66.044614 24.540 -100.00 -100.00 -100.00
 289    90.214 57518.70418908 49.61 211.001757  66.044370  4.949 -100.00 -100.00 -100.00
 289    90.393 57518.70418967 52.64 211.008189  66.044125   -100 -100.00 -100.00 -100.00
 290    92.656 57528.61984180 44.40 210.996775  66.044521 28.798 -100.00 -100.00 -100.00
 290    92.341 57528.61984239 49.83 211.003207  66.044277   -100 -100.00 -100.00 -100.00
 291    91.690 57538.53549172 38.09 210.993670  66.043131   -100 -100.00 -100.00 -100.00
 291    91.406 57538.53549231 39.31 211.000102  66.042886   -100 -100.00 -100.00 -100.00
 291    91.536 57538.53549290 42.39 211.006533  66.042641   -100 -100.00 -100.00 -100.00
 292    93.979 57548.45113963 25.48 210.997486  66.041418  9.806 -100.00 -100.00 -100.00
 292    91.747 57548.45114022 26.02 211.003916  66.041173 11.606 -100.00 -100.00 -100.00
 293    91.706 57558.36678552 41.32 210.994794  66.041173 15.182 -100.00 -100.00 -100.00
 293    90.471 57558.36678611 45.15 211.001225  66.040928   -100 -100.00 -100.00 -100.00
 293    90.215 57558.36678670 50.34 211.007655  66.040683  9.534 -100.00 -100.00 -100.00
 294    90.311 57568.28243079 25.53 210.995434  66.042644 10.468 -100.00 -100.00 -100.00
 294    89.631 57568.28243138 26.65 211.001865  66.042399 13.408 -100.00 -100.00 -100.00
 294    89.585 57568.28243197 25.85 211.008296  66.042154 10.412 -100.00 -100.00 -100.00
 295    89.482 57578.19807582 36.49 211.000175  66.044289   -100 -100.00 -100.00 -100.00
 295    89.696 57578.19807641 39.63 211.006607  66.044045   -100 -100.00 -100.00 -100.00
 296    90.160 57588.11371888 25.85 210.998602  66.045251 14.097 -100.00 -100.00 -100.00
 296    90.264 57588.11371947 25.29 211.005034  66.045006 14.827 -100.00 -100.00 -100.00
 297    90.346 57598.02935967 23.06 210.999651  66.044759  7.623 -100.00 -100.00 -100.00
 297    90.027 57598.02936026 29.96 211.006083  66.044515 27.006 -100.00 -100.00 -100.00
