# NaN NaN NaN ;Mean Elev.(m), Avg Gradient(m/km), RMS Gradient(m/km) - SRTM1     
#   10.005  -0.023   0.877 ;Mean Elev.(m), Avg Gradient(m/km), RMS Gradient(m/km) - ASTER GDEM
#    0.554   0.049   0.492 ;Mean Elev.(m), Avg Gradient(m/km), RMS Gradient(m/km) - GMTED2010 
   1 195.757305  62.713562     2.494     2.312  9 54661.12760284 35.242
   2 195.753647  62.713899     2.469     2.340  9 54671.04324787 35.914
   3 195.757179  62.713650     2.552     2.442  9 54680.95889208 33.675
   4 195.757110  62.714997     2.404     2.422  8 54690.87453468 38.569
   5 195.758734  62.715565     2.226     2.194  7 54700.79017525 39.933
   6 195.758898  62.714321     2.359     2.336  8 54710.70582172 37.423
   7 195.755813  62.712657     2.281     2.116  9 54720.62147291 37.753
   8 195.749123  62.711841     2.232     2.079 10 54730.53712101 35.879
   9 195.746612  62.711509     1.781     1.760 10 54740.45276777 37.507
  10 195.745196  62.712046     1.762     1.676 10 54750.36841447 37.751
  11 195.746093  62.712261     1.567     1.598 10 54760.28406124 41.060
  12 195.747970  62.711710     1.627     1.628  9 54770.19970579 33.905
  13 195.746988  62.711523     0.640     0.620  9 54780.11534678 28.329
  14 195.747218  62.710991     0.826     0.846 10 54790.03098541 27.537
  15 195.746763  62.711711     0.820     0.646  9 54799.94662284 25.133
  16 195.749052  62.712693     1.828     1.828  9 54809.86226064 18.347
  17 195.755351  62.713086     1.042     1.028  9 54819.77789986 27.106
  18 195.755934  62.713053     2.358     2.331  9 54829.69355229 12.852
  19 195.754345  62.712979     1.896     1.900  9 54839.60919102 12.690
  20 195.752798  62.713008     2.511     2.510  9 54849.52483997 13.800
  21 195.753608  62.713172     2.592     2.635 10 54859.44048859 14.594
  22 195.753553  62.713688     2.498     2.505  9 54869.35613719 14.926
  23 195.752070  62.713463     2.652     2.682  9 54879.27178469 12.862
  24 195.748710  62.712662     2.736     2.753  9 54889.18742895 13.581
  25 195.746080  62.711184     3.057     3.059 10 54899.10307017 12.598
  26 195.743782  62.711057     2.903     2.923 10 54909.01870898 13.331
  27 195.747588  62.711076     2.982     3.042 10 54918.93434712 12.334
  28 195.748658  62.712212     3.257     3.201  9 54928.84998470 12.593
  29 195.749788  62.712359     3.142     3.075  9 54938.76562159 12.305
  30 195.748369  62.712415     1.589     1.472 10 54948.68125657 31.137
  31 195.748832  62.711896     1.503     1.492 10 54958.59689351 35.027
  32 195.748314  62.711838     2.675     2.690 10 54968.51254201 40.590
  33 195.748668  62.712594     3.910     3.969 10 54978.42818933 30.260
  34 195.750730  62.712875     3.505     3.437  9 54988.34383680 28.561
  35 195.752034  62.712699     2.999     2.951 10 54998.25948438 35.574
  36 195.752266  62.712626     2.840     2.688  9 55008.17513007 35.559
  37 195.752944  62.712713     2.585     2.620  9 55018.09077387 48.445
  38 195.755405  62.712984     2.443     2.410  9 55028.00641647 37.536
  39 195.757340  62.713712     2.430     2.290  9 55037.92205852 34.465
  40 195.758786  62.714210     2.180     2.172  9 55047.83769947 34.802
  41 195.759003  62.713590     2.037     2.014  9 55057.75333847 38.396
  42 195.751755  62.713508     2.252     2.147  9 55067.66897560 36.395
  43 195.746824  62.712047     2.002     1.853 10 55077.58462555 37.156
  44 195.747079  62.710999     2.297     2.242 10 55087.50027342 32.927
  45 195.745707  62.712097     2.353     2.292 10 55097.41591925 34.450
  46 195.750473  62.711963     2.064     2.144 10 55107.33156531 36.014
  47 195.748249  62.712251     1.953     1.828 10 55117.24721003 46.604
  48 195.746162  62.711200     2.534     2.507 10 55127.16285261 28.948
  49 195.744947  62.710240     1.185     1.234 10 55137.07849300 41.844
  50 195.742922  62.711300     2.426     2.404 10 55146.99413129 32.531
  51 195.749263  62.712107     1.605     1.631  9 55156.90976974 18.363
  52 195.755637  62.712730     1.915     1.899  9 55166.82540824 16.474
  53 195.756628  62.713684     2.083     2.091  9 55176.74104584 25.857
  54 195.753740  62.713819     2.132     2.209  9 55186.65668849 29.711
  55 195.751223  62.713431     2.360     2.527  9 55196.57233935 28.743
  56 195.753731  62.712971     2.467     2.460 10 55206.48798941 23.009
  57 195.756995  62.713328     2.450     2.440  9 55216.40363882 22.784
  58 195.757380  62.713438     2.476     2.449  9 55226.31928735 22.611
  59 195.751633  62.713110     2.434     2.411  9 55236.23493294 21.298
  60 195.746857  62.711415     2.329     2.330 10 55246.15057539 20.963
  61 195.741556  62.710468     2.229     2.276 10 55256.06621508 18.736
  62 195.742858  62.710456     2.247     2.254 10 55265.98185409 16.996
  63 195.746961  62.711868     2.218     2.238 10 55275.89749251 17.230
  64 195.751818  62.712750     2.422     2.413 10 55285.81313016 15.807
  65 195.751922  62.712885     2.396     2.425  9 55295.72876545 16.392
  66 195.746853  62.712152     2.571     2.543 10 55305.64440470  8.393
  67 195.742352  62.711156     2.110     2.134 10 55315.56005151 10.519
  68 195.743615  62.711296     2.198     2.156 10 55325.47569711 24.229
  69 195.750217  62.711970     3.040     3.085  9 55335.39134187 33.431
  70 195.752353  62.713480     2.410     2.350  9 55345.30698573 40.797
  71 195.754879  62.713166     2.091     1.896  9 55355.22262884 33.605
  72 195.754271  62.712801     2.400     2.320  9 55365.13826966 31.799
  73 195.753412  62.712800     2.139     1.970 10 55375.05390888 34.361
  74 195.754922  62.713557     2.002     1.714  9 55384.96954720 36.708
  75 195.758440  62.714248     2.458     2.361  9 55394.88518489 31.519
  76 195.758611  62.715242     2.319     2.338  7 55404.80082394 35.716
  77 195.754748  62.714159     2.377     2.179  9 55414.71647531 36.178
  78 195.750346  62.711899     2.732     2.769 10 55424.63212366 34.572
  79 195.741141  62.711550     2.360     2.367 10 55434.54776869 33.236
  80 195.743352  62.710744     2.706     2.694 10 55444.46341327 33.211
  81 195.745311  62.711976     2.752     2.793 10 55454.37905643 32.834
  82 195.752776  62.712232     1.861     1.905  9 55464.29469939 36.781
  83 195.753549  62.712290     1.780     1.798  9 55474.21033921 48.818
  84 195.747938  62.712139     1.609     1.649  9 55484.12597555 39.679
  85 195.743073  62.711723     1.421     1.442 10 55494.04160993 43.595
  86 195.746768  62.711810     0.850     0.850 10 55503.95724396 38.376
  87 195.751019  62.712812     0.932     0.932 10 55513.87289284 32.995
  88 195.757091  62.713404     1.684     1.757  9 55523.78854301 33.989
  89 195.758700  62.713335     1.997     2.023  9 55533.70419115 19.909
  90 195.751916  62.713752     1.596     1.602  9 55543.61983663 19.506
  91 195.750967  62.712873     1.886     1.875  9 55553.53548078 18.676
  92 195.752354  62.712802     2.456     2.479  9 55563.45112388 11.952
  93 195.753415  62.713809     1.666     1.644  9 55573.36676617 28.380
  94 195.758318  62.712961     1.710     1.737  9 55583.28240763 24.670
  95 195.752243  62.713368     1.510     1.492  9 55593.19804456 29.967
  96 195.748785  62.712425     2.274     2.266  9 55603.11367856 14.246
  97 195.748179  62.711736     2.362     2.347 10 55613.02931075 14.802
  98 195.750110  62.712073     2.039     1.963  9 55622.94494695 18.155
  99 195.751560  62.712528     2.238     2.223  9 55632.86059998 16.856
 100 195.750965  62.713235     1.967     1.874  9 55642.77625057 16.381
 101 195.751973  62.712400     2.490     2.562  9 55652.69189860 15.120
 102 195.746387  62.711932     2.750     2.752 10 55662.60754175 12.151
 103 195.744400  62.711261     2.693     2.687 10 55672.52318215 12.018
 104 195.745748  62.711550     1.798     1.854  9 55682.43882118 36.912
 105 195.752478  62.712490     2.314     2.023 10 55692.35445907 23.697
 106 195.755801  62.714425     3.083     3.084  9 55702.27009493 52.335
 107 195.758903  62.714553     2.544     2.524  8 55712.18573787 35.299
 108 195.755341  62.714286     3.132     3.142  9 55722.10138704 23.879
 109 195.756710  62.712829     2.655     2.637  9 55732.01703481 33.082
 110 195.752049  62.713655     2.482     2.447  9 55741.93268058 36.475
 111 195.752643  62.713587     2.666     2.742  9 55751.84832568 35.228
 112 195.753588  62.713149     2.590     2.629  9 55761.76396855 35.852
 113 195.750552  62.713059     2.579     2.631  9 55771.67960817 34.965
 114 195.749262  62.711880     2.642     2.619 10 55781.59524455 34.976
 115 195.747452  62.712029     2.641     2.632  9 55791.51087807 40.646
 116 195.751727  62.712201     2.378     2.303  9 55801.42651084 34.583
 117 195.751523  62.712942     2.273     2.187 10 55811.34216081 34.360
 118 195.753852  62.712823     2.390     2.351  9 55821.25780957 36.054
 119 195.752829  62.712765     2.037     2.006 10 55831.17345327 39.922
 120 195.751268  62.712123     2.037     2.054  9 55841.08909242 35.440
 121 195.748148  62.712449     1.849     1.836 10 55851.00472834 40.217
 122 195.751308  62.713078     1.273     1.223  9 55860.92036284 32.490
 123 195.753976  62.713454     0.907     0.752  9 55870.83601555 37.555
 124 195.756106  62.714077     0.696     0.698  9 55880.75166625 20.596
 125 195.758096  62.713935     1.539     1.630  8 55890.66731034 15.337
 126 195.759546  62.713551     1.777     1.807  9 55900.58294853 28.674
 127 195.757055  62.714625     2.100     2.124  9 55910.49858145 17.813
 128 195.756571  62.713901     2.532     2.555  9 55920.41423467 14.953
 129 195.753775  62.713697     2.486     2.488  9 55930.32988667 15.581
 130 195.752285  62.712603     2.368     2.400 10 55940.24553504 14.172
 131 195.747908  62.711748     2.436     2.407 10 55950.16117847 14.774
 132 195.745616  62.711341     2.287     2.347  9 55960.07681796 14.636
 133 195.747735  62.711351     2.011     2.046 10 55969.99245554 13.757
 134 195.750718  62.712328     2.370     2.358 10 55979.90809211 14.045
 135 195.753553  62.712968     2.656     2.652 10 55989.82372787 12.041
 136 195.754500  62.712500     2.518     2.527  9 55999.73937152 11.189
 137 195.750460  62.711921     2.559     2.546  9 56009.65502210 10.656
 138 195.746501  62.711984     2.618     2.592 10 56019.57066847 11.211
 139 195.748030  62.711752     2.929     2.921  9 56029.48631234  9.696
 140 195.749816  62.712629     2.921     2.945 10 56039.40195419  9.605
 141 195.752782  62.713478     2.026     2.192  9 56049.31759413 12.124
 142 195.755320  62.714321     1.606     1.650  9 56059.23323133 27.951
 143 195.757071  62.714681     3.316     3.320  8 56069.14886586 36.232
 144 195.756888  62.713751     3.501     3.596  8 56079.06451704 27.376
 145 195.755421  62.713551     3.217     3.131  9 56088.98016535 32.844
 146 195.756799  62.713343     3.422     3.435  9 56098.89581147 24.484
 147 195.753765  62.713646     2.910     2.896  9 56108.81145481 51.769
 148 195.753539  62.712345     2.713     2.476  9 56118.72708412 35.516
 149 195.749992  62.711853     2.837     2.782 10 56128.64272095 52.570
 150 195.747795  62.712050     3.159     3.224  9 56138.55835433 22.955
 151 195.748050  62.712399     2.460     2.450  9 56148.47400201 45.042
 152 195.751034  62.712912     2.395     2.454  9 56158.38965123 38.405
 153 195.753206  62.712920     2.419     2.297 10 56168.30529930 37.823
 154 195.749850  62.712751     2.296     2.308 10 56178.22094397 38.549
 155 195.749407  62.711524     2.893     2.958 10 56188.13658453 34.966
 156 195.746704  62.711952     2.448     2.388  9 56198.05222130 33.943
 157 195.751169  62.712747     2.432     2.466 10 56207.96785587 36.799
 158 195.758418  62.713924     2.211     2.143  9 56217.88348909 34.144
 159 195.756445  62.715897     1.548     1.466  7 56227.79913315 44.791
 160 195.759591  62.714146     1.047     0.974  8 56237.71478807 32.955
 161 195.756353  62.713402     1.922     1.847  9 56247.63043843 21.507
 162 195.753720  62.713228     2.293     2.267 10 56257.54608375 18.472
 163 195.753738  62.713879     2.418     2.419  9 56267.46172581 16.936
 164 195.756226  62.714033     1.460     1.437  9 56277.37736644 27.360
 165 195.756021  62.713411     2.362     2.358  9 56287.29301443 14.904
 166 195.750634  62.712285     2.376     2.391 10 56297.20866337 15.124
 167 195.742269  62.711754     1.461     1.449 10 56307.12430804 27.319
 168 195.742369  62.710795     2.302     2.326 11 56317.03995071 12.681
 169 195.745424  62.711747     2.510     2.495 10 56326.95559198 11.566
 170 195.752585  62.712527     2.715     2.735 10 56336.87123269 11.827
 171 195.757080  62.712830     2.659     2.618  9 56346.78687167 10.997
 172 195.755524  62.712594     3.053     3.080  9 56356.70250763 14.988
 173 195.749061  62.711696     2.861     2.869  9 56366.61815507  9.865
 176 195.755179  62.713122     2.948     2.931  9 56396.36509324 10.939
 177 195.756631  62.714536     3.138     3.144  9 56406.28073452 10.441
 178 195.758314  62.714342     3.045     3.039  9 56416.19637250 11.214
 179 195.758859  62.713570     1.874     1.843  9 56426.11200570 21.413
 180 195.754141  62.713195     2.188     2.272 10 56436.02765510 46.760
 181 195.754223  62.712615     3.165     3.108  9 56445.94330699 39.104
 182 195.754481  62.713243     3.257     3.424  9 56455.85895645 39.258
 183 195.752345  62.713482     3.647     3.723  9 56465.77460268 26.229
 184 195.749782  62.712392     3.102     3.010  9 56475.69024517 34.726
 185 195.744648  62.711562     2.484     2.469 10 56485.60588388 39.980
 186 195.744458  62.711182     2.744     2.659  9 56495.52152003 33.776
 187 195.749372  62.712172     2.364     2.357  9 56505.43715475 37.263
 188 195.755182  62.714331     2.234     2.208  9 56515.35278790 44.042
 189 195.756741  62.714352     2.256     2.328  9 56525.26844173 43.521
 190 195.752140  62.713793     2.228     2.095  9 56535.18409214 44.320
 192 195.746337  62.711721     2.323     2.315  9 56555.01538310 37.098
 193 195.751480  62.712170     2.204     2.064 10 56564.93102633 35.314
 194 195.757399  62.713709     2.370     2.472  9 56574.84666822 42.225
 195 195.756057  62.716269     2.397     2.410  7 56584.76230647 41.238
 196 195.757244  62.716199     2.270     2.270  7 56594.67794238 45.808
 197 195.755941  62.713847     2.278     2.370  9 56604.59359557 39.592
 198 195.751668  62.713047     1.461     1.397  9 56614.50924348 42.930
 199 195.752398  62.713006     1.384     0.971  9 56624.42488786 31.670
 200 195.755058  62.713173     1.924     1.768  9 56634.34052955 44.657
 201 195.757481  62.713430     1.425     1.425  9 56644.25616633 39.462
 202 195.752333  62.712556     1.931     1.980  9 56654.17181887 22.985
 203 195.746653  62.711498     1.391     1.366 10 56664.08746716 31.475
 204 195.745033  62.710665     1.995     1.925 10 56674.00311316 21.727
 205 195.744495  62.711986     1.729     1.716 10 56683.91875789 41.959
 206 195.751176  62.712547     2.087     2.285  9 56693.83440131 30.857
 207 195.756832  62.713046     2.627     2.686  9 56703.75004032 24.148
 208 195.757299  62.713030     2.295     2.514  9 56713.66567359 24.758
 209 195.749908  62.712612     2.324     2.305 10 56723.58132223 18.306
 210 195.747229  62.711880     2.054     2.038  9 56733.49697268 17.443
 211 195.749488  62.712620     2.478     2.447 10 56743.41261993 18.707
 212 195.755905  62.713659     2.685     2.671  9 56753.32826317 21.185
 213 195.758599  62.715100     2.309     2.577  8 56763.24390065 40.300
 214 195.757737  62.715622     2.031     2.171  8 56773.15953344 38.769
 215 195.755250  62.713346     1.919     1.869  9 56783.07519098 39.587
 216 195.750095  62.712484     2.322     2.356 10 56792.99084451 36.294
 217 195.747380  62.712404     2.697     2.660 10 56802.90649545 35.909
 218 195.748771  62.712688     2.598     2.618  9 56812.82213881 52.325
 219 195.750844  62.712424     2.667     2.651 10 56822.73777874 34.690
 220 195.748612  62.712626     2.574     2.584  9 56832.65341401 37.867
 221 195.750242  62.711944     2.514     2.522  9 56842.56904629 37.809
 222 195.749872  62.712128     2.777     2.696  9 56852.48468612 32.287
 223 195.748587  62.712529     2.698     2.692 10 56862.40034004 37.708
 224 195.750120  62.712891     2.655     2.676  9 56872.31599364 39.581
 225 195.752273  62.712536     2.628     2.669  9 56882.23164429 37.348
 226 195.749687  62.712674     2.359     2.339 10 56892.14729085 51.697
 227 195.748218  62.712016     2.352     2.311 10 56902.06293458 35.868
 228 195.748618  62.712096     2.156     2.201 10 56911.97857651 39.550
 229 195.750771  62.713027     2.187     2.171  9 56921.89421697 45.379
 230 195.755563  62.714147     2.186     2.164  9 56931.80985545 41.358
 231 195.758795  62.714994     2.442     2.314  8 56941.72548864 31.245
 232 195.755862  62.715411     1.582     1.488  8 56951.64113037 42.453
 233 195.756007  62.713283     1.698     1.655  9 56961.55678184 41.804
 234 195.753553  62.712662     1.597     1.561  9 56971.47242792 44.847
 235 195.752467  62.712943     1.886     1.863  9 56981.38806990 44.578
 236 195.752800  62.713486     1.183     1.097  9 56991.30370751 37.300
 237 195.753235  62.713992     1.056     0.977  9 57001.21933877 26.520
 238 195.749479  62.712889     1.879     1.913  9 57011.13499610 23.942
 239 195.748261  62.711700     1.319     1.289 10 57021.05064786 28.692
 240 195.747899  62.711800     1.449     1.395 10 57030.96629674 22.119
 241 195.748221  62.712517     1.637     1.609 10 57040.88194381 18.282
 242 195.750041  62.713082     2.002     2.033  9 57050.79758895 16.189
 243 195.753487  62.712663     2.056     2.082  9 57060.71323021 15.351
 244 195.753227  62.713064     2.342     2.353  9 57070.62886544 16.420
 245 195.757005  62.712896     1.606     1.636  9 57080.54449674 34.856
 246 195.757217  62.713900     2.327     2.334  9 57090.46013738 21.603
 247 195.757225  62.714210     2.369     2.373  9 57100.37579505 20.013
 248 195.757777  62.714240     2.366     2.335  9 57110.29144968 20.219
 249 195.758165  62.713483     2.737     2.759  9 57120.20709879 16.288
 250 195.752058  62.713753     2.496     2.471  9 57130.12274139 14.809
 251 195.753485  62.712978     2.662     2.648  9 57140.03837949 32.993
 252 195.754871  62.713511     2.272     2.231  9 57149.95401399 42.467
 253 195.758500  62.713965     3.649     3.635  9 57159.86964578 37.111
 254 195.757171  62.713162     2.946     2.900  9 57169.78529795 33.703
 255 195.751372  62.712386     3.160     3.105 10 57179.70095316 32.674
 256 195.748541  62.711206     2.747     2.708 10 57189.61660464 33.843
 257 195.744670  62.712037     2.257     2.290 10 57199.53225208 37.143
 258 195.750318  62.711825     2.114     2.152 10 57209.44788674 35.978
 259 195.753060  62.712543     2.230     2.186  9 57219.36353096 40.584
 260 195.753094  62.712919     2.115     2.158 10 57229.27917393 38.793
 261 195.750982  62.713290     2.107     2.215  9 57239.19481448 37.326
 262 195.752963  62.712831     2.058     1.996 10 57249.11045248 37.727
 263 195.754061  62.713804     2.210     2.351  9 57259.02608791 35.073
 264 195.756340  62.715429     2.360     2.342  8 57268.94172217 46.935
 265 195.757503  62.716156     2.736     2.714  6 57278.85737271 36.805
 266 195.758170  62.715353     2.387     2.387  8 57288.77302885 37.087
 267 195.756754  62.713815     2.622     2.645  8 57298.68868201 40.469
 268 195.752190  62.712777     2.450     2.403 10 57308.60433120 51.476
 269 195.750665  62.712093     2.215     2.281  9 57318.51997697 37.963
 270 195.750299  62.712472     2.347     2.375 10 57328.43561956 40.098
 271 195.751649  62.713447     1.822     1.705  9 57338.35126002 43.266
 272 195.752741  62.712582     0.743     0.701 10 57348.26690866 32.802
 273 195.749284  62.711671     1.543     1.606 10 57358.18255460 21.006
 274 195.745648  62.710871     1.772     1.760 10 57368.09819723 19.041
 275 195.747020  62.710813     1.578     1.642 10 57378.01383741 30.620
 276 195.750579  62.712489     1.930     1.915 10 57387.92947600 38.321
 277 195.756099  62.713857     1.927     1.947  9 57397.84511404 21.845
 278 195.756957  62.714909     2.105     2.130  8 57407.76075021 19.265
 279 195.754033  62.713607     2.066     2.161  9 57417.67640282 19.295
 280 195.751351  62.712523     2.182     2.174 10 57427.59205351 18.388
 281 195.750768  62.712830     2.153     2.160  9 57437.50770148 17.807
 282 195.754153  62.714004     2.404     2.379  9 57447.42334822 17.971
 283 195.759104  62.714575     2.252     2.339  8 57457.33899408 17.402
 284 195.759325  62.714639     2.193     2.251  8 57467.25463699 16.661
 285 195.755723  62.714009     2.158     2.122  9 57477.17027568 15.945
 286 195.753038  62.712993     1.604     1.795  9 57487.08591130 19.384
 287 195.751468  62.713479     2.271     2.611  9 57497.00154469 34.724
 288 195.757272  62.713818     2.162     2.148  8 57506.91718269 41.424
 289 195.759110  62.713420     2.172     2.153  9 57516.83283927 40.891
 290 195.757308  62.712896     2.510     2.506  9 57526.74849275 35.514
 291 195.751018  62.711960     2.828     2.806  9 57536.66414327 54.547
 292 195.743711  62.711620     2.617     2.600 10 57546.57979091 36.343
 293 195.744783  62.711153     2.518     2.511  9 57556.49543757 35.731
 294 195.748049  62.712478     2.323     2.291  9 57566.41108289 42.000
 295 195.755696  62.712763     2.252     2.271  9 57576.32672795 42.056
 296 195.754139  62.713928     2.253     2.298  9 57586.24237109 37.297
 297 195.753369  62.713322     2.359     2.362  9 57596.15801224 38.403
