-119777.725   340.519     0.00   54.81
-119490.276   347.229    23.34   60.70
-119202.844   358.191    38.14   70.76
-118915.427   360.902     9.43   71.40
-118628.026   365.290    15.27   67.95
-118340.642   372.906    26.50   62.96
-118053.273   384.964    41.96   55.18
-117765.920   394.170    32.04   52.94
-117478.584   387.899   -21.83   48.69
-117191.263   370.880   -59.23   44.56
-116903.959   350.108   -72.30   54.90
-116616.670   330.893   -66.89   64.34
-116329.398   308.850   -76.74   59.69
-116042.141   290.797   -62.85   44.27
-115754.901   283.452   -25.57   30.41
-115467.676   286.733    11.42   31.11
-115180.468   301.076    49.94   39.10
-114893.276   323.754    78.97   51.88
-114606.099   351.235    95.70   59.76
-114318.939   372.774    75.01   58.59
-114031.794   388.210    53.76   53.15
-113744.665   395.805    26.45   51.14
-113457.553   396.661     2.98   52.22
-113170.456   386.131   -36.68   60.89
-112883.376   358.615   -95.85   66.37
-112596.311   331.742   -93.62   55.48
-112309.262   313.305   -64.23   43.62
-112022.230   309.661   -12.70   45.82
-111735.213   303.972   -19.82   46.90
-111448.212   300.094   -13.51   48.64
-111161.227   297.146   -10.28   48.35
-110874.258   303.195    21.08   47.38
-110587.305   303.655     1.60   44.94
-110300.368   298.183   -19.07   40.01
-110013.447   288.499   -33.75   36.46
-109726.542   281.440   -24.60   41.11
-109439.653   273.057   -29.22   46.67
-109152.780   261.321   -40.91   49.63
-108865.922   240.984   -70.90   42.97
-108579.081   223.004   -62.69   32.77
-108292.255   207.461   -54.19   32.64
-108005.446   194.450   -45.37   35.92
-107718.652   183.663   -37.62   37.04
-107431.874   171.435   -42.64   30.93
-107145.112   164.432   -24.42   23.03
-106858.366   161.938    -8.70   19.42
-106571.636   168.222    21.92   26.02
-106284.922   180.083    41.37   31.23
-105998.224   197.643    61.25   38.34
-105711.541   215.693    62.96   42.80
-105424.875   238.479    79.49   51.24
-105138.224   261.259    79.47   60.23
-104851.590   281.002    68.88   64.23
-104564.971   297.591    57.88   62.23
-104278.368   318.610    73.34   61.56
-103991.781   340.181    75.27   58.42
-103705.209   356.623    57.38   53.17
-103418.654   363.870    25.29   49.18
-103132.114   364.654     2.74   46.05
-102845.591   357.623   -24.54   47.81
-102559.083   353.102   -15.78   49.76
-102272.591   341.917   -39.04   43.39
-101986.115   331.956   -34.77   36.86
-101699.655   324.381   -26.44   37.48
-101413.210   324.964     2.04   36.92
-101126.782   325.820     2.99   38.48
-100840.369   333.502    26.82   39.23
-100553.972   334.596     3.82   39.69
-100267.591   328.221   -22.26   41.13
 -99981.226   323.567   -16.25   43.45
 -99694.876   312.917   -37.19   47.77
 -99408.543   293.669   -67.23   53.81
 -99122.225   274.417   -67.24   54.65
 -98835.923   250.623   -83.11   52.58
 -98549.637   231.322   -67.42   44.74
 -98263.366   215.149   -56.50   32.18
 -97977.112   210.544   -16.09   25.41
 -97690.873   212.445     6.64   27.42
 -97404.650   219.007    22.93   31.09
 -97118.443   232.378    46.72   32.32
 -96832.252   247.490    52.80   31.01
 -96546.076   263.274    55.16   34.17
 -96259.916   275.398    42.37   35.96
 -95973.772   279.610    14.72   34.13
 -95687.644   279.028    -2.03   34.53
 -95401.532   275.045   -13.92   36.50
 -95115.435   273.866    -4.12   38.57
 -94829.354   276.461     9.07   46.55
 -94543.289   289.445    45.39   63.71
 -94257.239   310.602    73.97   79.15
 -93971.206   336.605    90.91   78.84
 -93685.188   354.273    61.78   69.66
 -93399.186   370.725    57.52   57.41
 -93113.199   370.477    -0.87   53.41
 -92827.229   363.940   -22.86   53.90
 -92541.274   344.586   -67.68   58.72
 -92255.335   319.822   -86.61   69.18
 -91969.411   295.344   -85.61   74.51
 -91683.504   275.530   -69.31   71.59
 -91397.612   256.658   -66.01   61.46
 -91111.736   251.096   -19.46   58.89
 -90825.875   260.639    33.38   64.61
 -90540.030   266.564    20.73   63.78
 -90254.201   273.241    23.36   60.80
 -89968.388   275.345     7.36   58.95
 -89682.590   260.603   -51.59   68.84
 -89396.809   234.082   -92.80   80.32
 -89111.042   194.113  -139.87   70.64
 -88825.292   162.032  -112.27   53.83
 -88539.557   138.536   -82.23   37.86
 -88253.838   125.235   -46.55   24.76
 -87968.135   119.814   -18.98   15.83
 -87682.447   123.707    13.63   24.18
 -87396.775   136.999    46.53   34.75
 -87111.119   152.073    52.77   40.79
 -86825.478   169.790    62.03   41.78
 -86539.853   186.558    58.71   38.21
 -86254.244   203.057    57.77   34.32
 -85968.650   223.499    71.58   38.92
 -85683.072   242.015    64.84   52.33
 -85397.510   266.234    84.82   64.77
 -85111.963   285.314    66.82   65.08
 -84826.432   295.894    37.06   59.04
 -84540.917   298.861    10.39   54.97
 -84255.417   292.274   -23.07   58.54
 -83969.933   280.411   -41.56   67.31
 -83684.465   252.067   -99.29   70.38
 -83399.012   223.790   -99.07   60.51
 -83113.575   202.814   -73.49   43.88
 -82828.153   191.415   -39.94   31.26
 -82542.748   196.050    16.24   37.11
 -82257.357   207.127    38.82   43.43
 -81971.983   215.642    29.84   42.95
 -81686.624   217.427     6.26   37.64
 -81401.281   213.762   -12.84   38.04
 -81115.953   202.546   -39.31   34.11
 -80830.641   194.465   -28.32   32.83
 -80545.344   183.734   -37.62   24.67
 -80260.064   174.098   -33.78   14.68
 -79974.798   168.145   -20.87   13.33
 -79689.549   165.393    -9.65   13.94
 -79404.315   162.460   -10.28   15.16
 -79119.096   159.490   -10.42   13.12
 -78833.893   157.177    -8.11   10.04
 -78548.706   159.352     7.63   11.62
 -78263.534   164.935    19.58   17.24
 -77978.378   173.003    28.29   21.25
 -77693.238   180.034    24.66   22.02
 -77408.113   187.514    26.24   23.94
 -77123.004   191.401    13.63   23.78
 -76837.910   188.999    -8.42   27.74
 -76552.832   181.274   -27.10   32.04
 -76267.769   171.170   -35.45   34.54
 -75982.722   159.329   -41.54   34.77
 -75697.690   147.151   -42.72   32.43
 -75412.674   133.983   -46.20   27.69
 -75127.674   120.646   -46.80   25.82
 -74842.689   111.806   -31.02   25.55
 -74557.720    99.586   -42.88   24.37
 -74272.766    90.133   -33.17   20.57
 -73987.828    82.131   -28.09   15.84
 -73702.905    77.008   -17.98   10.25
 -73417.998    74.322    -9.43    7.06
 -73133.106    75.111     2.77    7.88
 -72847.334    76.943     6.41   10.09
 -72558.990    81.562    16.02   13.30
 -72270.663    86.997    18.85   15.26
 -71982.353    92.626    19.52   14.17
 -71694.060    96.082    11.99   12.13
 -71405.783    97.680     5.54   11.12
 -71117.523    96.714    -3.35   12.42
 -70829.279    92.206   -15.64   14.71
 -70541.053    86.250   -20.66   14.92
 -70252.843    79.930   -21.93   10.55
 -69964.650    77.659    -7.88    9.68
 -69676.474    76.686    -3.37   10.20
 -69388.314    78.172     5.16   12.39
 -69100.171    80.561     8.29   12.83
 -68812.045    85.162    15.97   13.57
 -68523.935    90.187    17.44   14.30
 -68235.843    94.064    13.46   14.53
 -67947.766    97.502    11.94   13.65
 -67659.707    98.442     3.26   13.21
 -67371.664    96.241    -7.64   15.06
 -67083.638    94.406    -6.37   15.71
 -66795.629    90.403   -13.90   15.24
 -66507.637    86.688   -12.90   15.77
 -66219.661    85.057    -5.66   16.07
 -65931.702    82.273    -9.67   15.44
 -65643.759    78.767   -12.18   15.57
 -65355.833    78.187    -2.01   15.33
 -65067.924    77.138    -3.65   15.22
 -64780.031    74.786    -8.17   14.42
 -64492.156    70.962   -13.28   14.93
 -64204.296    66.338   -16.06   15.77
 -63916.454    63.198   -10.91   15.89
 -63628.628    59.548   -12.68   13.57
 -63340.819    57.329    -7.71    9.89
 -63053.026    58.045     2.49    9.32
 -62765.250    60.826     9.66   10.58
 -62477.491    65.864    17.51   12.89
 -62189.748    73.298    25.83   15.18
 -61902.022    80.581    25.31   17.11
 -61614.313    83.802    11.19   15.63
 -61326.620    83.741    -0.21   15.28
 -61038.944    81.680    -7.16   14.44
 -60751.285    78.086   -12.49   13.77
 -60463.642    72.298   -20.13   13.43
 -60176.015    66.879   -18.84   12.41
 -59888.406    61.838   -17.53    9.54
 -59600.813    59.854    -6.90    8.86
 -59313.236    58.044    -6.30    7.78
 -59025.676    57.282    -2.65    8.35
 -58738.133    57.916     2.20   10.52
 -58450.606    60.026     7.34   12.87
 -58163.096    60.178     0.53   15.38
 -57875.603    58.519    -5.77   17.81
 -57588.126    56.394    -7.39   20.44
 -57300.665    52.455   -13.70   21.99
 -57013.222    46.688   -20.06   19.79
 -56725.795    39.353   -25.52   15.21
 -56438.384    34.518   -16.82   10.32
 -56150.990    30.056   -15.53    3.58
 -55863.612    28.141    -6.66    3.00
 -55576.251    26.663    -5.15    2.84
 -55288.907    25.753    -3.17    2.63
 -55001.579    25.228    -1.83    2.62
 -54714.268    25.225    -0.01    2.75
 -54426.973    25.809     2.03    3.18
 -54139.695    26.915     3.85    3.46
 -53852.433    28.266     4.70    3.61
 -53565.188    30.032     6.15    3.54
 -53277.960    31.642     5.60    3.31
 -52990.748    32.773     3.94    3.03
 -52703.552    33.605     2.90    2.92
 -52416.373    34.443     2.92    2.62
 -52129.210    35.209     2.67    2.01
 -51842.064    35.738     1.84    1.61
 -51554.935    36.241     1.75    1.30
 -51267.822    36.821     2.02    1.31
 -50980.726    37.491     2.33    1.64
 -50693.646    38.042     1.92    1.98
 -50406.582    38.596     1.93    2.14
 -50119.535    39.098     1.75    2.25
 -49832.505    39.421     1.13    2.33
 -49545.491    39.599     0.62    2.29
 -49258.493    39.386    -0.74    2.16
 -48971.512    39.259    -0.44    2.15
 -48684.547    39.104    -0.54    2.01
 -48397.599    39.086    -0.06    2.01
 -48110.668    39.071    -0.05    2.14
 -47823.752    39.241     0.59    2.41
 -47536.854    39.724     1.68    2.76
 -47249.972    40.193     1.64    2.98
 -46963.106    40.857     2.31    3.02
 -46676.256    41.369     1.79    2.90
 -46389.424    42.088     2.51    2.50
 -46102.607    42.259     0.59    2.14
 -45815.807    41.883    -1.31    2.85
 -45529.023    40.104    -6.20    4.73
 -45242.256    37.894    -7.71    5.83
 -44955.506    35.564    -8.13    6.14
 -44668.771    33.096    -8.61    5.87
 -44382.053    30.655    -8.51    4.59
 -44095.352    28.854    -6.28    3.19
 -43808.667    27.662    -4.16    2.19
 -43521.998    26.916    -2.60    1.63
 -43235.346    26.258    -2.30    1.49
 -42948.710    25.832    -1.48    1.38
 -42662.091    25.556    -0.96    1.24
 -42375.488    25.485    -0.25    1.25
 -42088.902    25.610     0.44    1.31
 -41802.331    26.090     1.68    1.86
 -41515.778    27.187     3.83    2.93
 -41229.240    28.830     5.73    3.91
 -40942.719    30.638     6.31    4.26
 -40656.214    32.338     5.93    3.94
 -40369.726    33.444     3.86    3.42
 -40083.254    32.694    -2.62    5.34
 -39796.799    31.413    -4.47    7.17
 -39510.360    28.746    -9.31    8.53
 -39223.937    26.136    -9.11    8.91
 -38937.530    22.842   -11.50    8.30
 -38651.140    20.242    -9.08    7.13
 -38364.767    18.192    -7.16    5.22
 -38078.409    16.956    -4.32    3.45
 -37792.068    16.417    -1.88    2.61
 -37505.743    16.322    -0.33    2.73
 -37219.435    16.102    -0.77    2.93
 -36933.143    15.693    -1.43    2.96
 -36646.867    15.074    -2.16    2.86
 -36360.608    14.731    -1.20    2.80
 -36074.365    14.088    -2.25    2.12
 -35788.138    13.563    -1.83    1.01
 -35501.928    13.368    -0.68    0.35
 -35215.734    13.314    -0.19    0.24
 -34929.556    13.297    -0.06    0.24
 -34643.395    13.265    -0.11    0.15
 -34357.250    13.250    -0.05    0.26
 -34071.121    13.594     1.20    1.17
 -33785.008    14.459     3.02    2.54
 -33498.912    15.455     3.48    3.54
 -33212.832    17.161     5.96    5.04
 -32926.768    19.762     9.09    6.46
 -32640.721    22.071     8.07    6.79
 -32354.690    24.056     6.94    6.18
 -32068.675    25.731     5.86    6.38
 -31782.677    26.451     2.52    6.11
 -31496.694    27.964     5.29    7.04
 -31210.728    29.486     5.32    8.61
 -30924.779    31.056     5.49    9.02
 -30638.845    33.337     7.98    9.19
 -30352.928    35.377     7.14    8.84
 -30067.027    37.745     8.28    7.66
 -29781.142    39.104     4.75    6.99
 -29495.274    40.515     4.94    5.89
 -29209.422    42.157     5.74    6.30
 -28923.586    43.693     5.37    7.29
 -28637.766    44.898     4.22    7.28
 -28351.962    46.636     6.08    7.76
 -28066.175    49.027     8.37    8.08
 -27780.404    52.514    12.20    7.55
 -27494.649    54.623     7.38    6.22
 -27208.911    55.806     4.14    5.52
 -26923.188    55.883     0.27    5.40
 -26637.482    55.946     0.22    5.21
 -26351.792    54.831    -3.90    5.31
 -26066.118    51.336   -12.23    7.45
 -25780.461    46.538   -16.80   11.27
 -25494.820    41.739   -16.80   13.41
 -25209.194    35.694   -21.16   13.65
 -24923.586    31.830   -13.53   12.10
 -24637.993    29.422    -8.43   10.31
 -24352.416    29.556     0.47   10.19
 -24066.856    32.567    10.55   12.62
 -23781.312    37.674    17.88   13.40
 -23495.784    44.290    23.17   12.09
 -23210.272    49.030    16.60    9.22
 -22924.776    52.509    12.19    6.59
 -22639.297    53.990     5.19    5.97
 -22353.833    54.868     3.07    6.20
 -22068.386    55.386     1.82    6.64
 -21782.955    55.886     1.75    6.48
 -21497.540    56.894     3.53    5.96
 -21212.142    57.160     0.93    5.56
 -20926.759    58.383     4.29    6.63
 -20641.393    59.644     4.42    7.96
 -20356.043    62.778    10.98    9.93
 -20070.708    67.946    18.11   14.22
 -19785.390    78.777    37.96   23.32
 -19500.089    91.079    43.12   32.35
 -19214.803   105.636    51.03   37.00
 -18929.533   116.034    36.45   37.68
 -18644.280   126.836    37.87   37.46
 -18359.042   131.943    17.90   37.11
 -18073.821   130.471    -5.16   37.68
 -17788.616   122.233   -28.88   35.31
 -17503.427   110.393   -41.52   30.84
 -17218.254   102.274   -28.47   25.68
 -16933.097    94.443   -27.46   23.70
 -16647.957    86.032   -29.50   24.30
 -16362.832    77.443   -30.12   25.27
 -16077.724    68.123   -32.69   24.05
 -15792.631    59.243   -31.15   20.05
 -15507.555    52.786   -22.65   14.52
 -15222.495    49.600   -11.18   10.23
 -14937.450    51.185     5.56   11.67
 -14652.422    57.111    20.79   17.40
 -14367.410    65.077    27.95   23.39
 -14082.414    76.346    39.54   29.97
 -13797.434    88.235    41.72   32.89
 -13512.471   100.066    41.52   34.22
 -13227.523   112.558    43.84   36.06
 -12942.591   121.150    30.16   38.40
 -12657.675   133.754    44.24   42.50
 -12372.776   143.538    34.34   48.16
 -12087.892   154.707    39.21   50.20
 -11803.025   161.588    24.16   49.12
 -11518.173   171.188    33.70   43.52
 -11233.338   169.290    -6.67   43.62
 -10947.278   163.226   -21.20   47.69
 -10658.871   150.226   -45.08   52.98
 -10370.482   128.322   -75.95   55.93
 -10082.110   105.797   -78.11   50.43
  -9793.755    86.472   -67.02   38.82
  -9505.417    71.831   -50.78   26.57
  -9217.097    64.790   -24.42   20.27
  -8928.794    61.620   -10.99   16.82
  -8640.508    58.983    -9.15   15.24
  -8352.240    57.259    -5.98   17.09
  -8063.989    52.013   -18.20   20.14
  -7775.755    44.946   -24.52   25.24
  -7487.538    35.429   -33.02   26.98
  -7199.339    25.056   -35.99   24.55
  -6911.156    14.456   -36.78   16.22
  -6622.991     8.378   -21.09    7.87
  -6334.844     5.701    -9.29    1.72
  -6046.713     5.290    -1.43    0.00
  -5758.600     5.290     0.00    0.00
  -5470.504     5.290     0.00    0.00
  -5182.425     5.290     0.00    0.00
  -4894.363     5.290     0.00    0.00
  -4606.319     5.290     0.00    0.00
  -4318.292     5.290     0.00    0.00
  -4030.282     5.290     0.00    0.00
  -3742.289     5.290     0.00    0.00
  -3454.314     5.290     0.00    0.00
  -3166.355     5.282    -0.03    0.09
  -2878.414     5.282     0.00    0.09
  -2590.490     5.282    -0.00    0.09
  -2302.583     5.142    -0.48    0.88
  -2014.694     4.573    -1.98    2.02
  -1726.821     3.951    -2.16    2.62
  -1438.966     3.455    -1.72    2.88
  -1151.128     2.935    -1.81    3.01
   -863.307     2.225    -2.47    3.15
   -575.503     1.522    -2.44    3.15
   -287.717     0.700    -2.85    2.99
      0.053     0.044    -2.28    2.73
    287.805    -0.561    -2.10    2.30
    575.540    -0.251     1.08    2.57
    863.258     0.225     1.65    2.92
   1150.959     0.589     1.27    3.17
   1438.643     1.604     3.53    3.42
   1726.309     2.754     4.00    3.29
   2013.959     3.852     3.82    2.75
   2301.591     4.644     2.75    1.91
   2589.206     5.235     2.05    0.40
   2876.805     5.290     0.19    0.00
   3164.386     5.290     0.00    0.00
   3451.949     5.290     0.00    0.00
   3739.496     5.290     0.00    0.00
   4027.026     5.290     0.00    0.00
   4314.538     5.290     0.00    0.00
   4602.034     5.290     0.00    0.00
   4889.512     5.290     0.00    0.00
   5176.973     5.290     0.00    0.00
   5464.418     5.290     0.00    0.00
   5751.845     5.290     0.00    0.00
   6039.255     5.290     0.00    0.00
   6326.648     5.290     0.00    0.00
   6614.023     5.290     0.00    0.00
   6901.382     5.290     0.00    0.00
   7188.724     5.290     0.00    0.00
   7476.049     5.290     0.00    0.00
   7763.356     5.290     0.00    0.00
   8050.647     5.290     0.00    0.00
   8337.920     5.282    -0.03    0.09
   8625.177     5.241    -0.14    0.22
   8912.416     5.180    -0.21    0.31
   9199.639     5.155    -0.09    0.34
   9486.844     5.143    -0.04    0.35
   9774.032     5.135    -0.03    0.36
  10061.204     5.136     0.01    0.36
  10348.358     5.128    -0.03    0.37
  10635.495     5.116    -0.04    0.38
  10922.615     5.104    -0.04    0.39
  11209.719     5.107     0.01    0.39
  11496.805     5.090    -0.06    0.40
  11783.874     5.120     0.11    0.38
  12070.926     5.141     0.07    0.36
  12357.961     5.161     0.07    0.34
  12644.980     5.191     0.11    0.30
  12931.981     5.181    -0.04    0.31
  13218.965     5.135    -0.16    0.36
  13505.932     5.146     0.04    0.35
  13792.883     5.140    -0.02    0.36
  14079.816     5.144     0.02    0.35
  14366.732     5.177     0.11    0.32
  14653.631     5.202     0.09    0.28
  14940.514     5.225     0.08    0.25
  15227.379     5.259     0.12    0.17
  15514.228     5.290     0.11    0.00
  15801.059     5.281    -0.03    0.09
  16087.874     5.266    -0.05    0.15
  16374.671     5.249    -0.06    0.20
  16661.452     5.218    -0.11    0.26
  16948.216     5.195    -0.08    0.29
  17234.962     5.185    -0.04    0.31
  17521.692     5.170    -0.05    0.33
  17808.405     5.194     0.09    0.29
  18095.101     5.225     0.11    0.25
  18381.780     5.282     0.20    0.09
  18668.442     5.290     0.03    0.00
  18955.087     5.290     0.00    0.00
  19241.716     5.290     0.00    0.00
  19528.327     5.290     0.00    0.00
  19814.922     5.290     0.00    0.00
  20101.499     5.110    -0.63    0.93
  20388.060     4.904    -0.72    1.36
  20674.604     4.742    -0.57    1.61
  20961.131     4.677    -0.23    1.68
  21247.641     4.634    -0.15    1.70
  21534.134     4.258    -1.31    1.94
  21820.610     4.103    -0.54    2.04
  22107.069     4.274     0.60    1.94
  22393.512     4.297     0.08    2.01
  22679.938     4.094    -0.71    2.15
  22966.346     3.970    -0.44    2.21
  23252.738     3.964    -0.02    2.22
  23539.113     4.191     0.79    2.17
  23825.471     4.171    -0.07    2.39
  24111.813     4.225     0.19    2.41
  24398.137     4.396     0.60    2.47
  24684.445     4.794     1.39    2.38
  24970.736     5.032     0.83    2.16
  25257.010     5.376     1.20    1.89
  25543.267     5.618     0.84    1.44
  25829.507     5.642     0.09    1.05
  26115.731     5.534    -0.38    0.89
  26401.937     5.410    -0.43    0.67
  26688.127     5.388    -0.08    0.54
  26974.300     5.321    -0.23    0.35
  27260.456     5.298    -0.08    0.27
  27546.596     5.274    -0.08    0.22
  27832.718     5.290     0.06    0.18
  28118.824     5.322     0.11    0.18
  28404.913     5.392     0.24    0.33
  28690.985     5.518     0.44    0.57
  28977.041     5.724     0.72    0.83
  29263.079     6.195     1.65    1.37
  29549.101     7.062     3.03    2.24
  29835.106     7.741     2.37    2.45
  30121.094     8.258     1.81    2.51
  30407.066     9.109     2.98    2.76
  30693.021     9.985     3.06    2.86
  30978.959    10.406     1.47    2.87
  31264.880    10.249    -0.55    3.25
  31550.784     9.841    -1.43    3.73
  31836.672     9.485    -1.25    3.97
  32122.543     8.699    -2.75    4.21
  32408.397     7.313    -4.85    3.67
  32694.235     6.075    -4.33    2.47
  32980.055     6.408     1.17    4.05
  33265.859     8.581     7.60    8.96
  33551.646    11.680    10.84   12.65
  33837.417    16.860    18.13   19.30
  34123.171    26.242    32.83   30.64
  34408.908    39.298    45.69   42.05
  34694.628    49.901    37.11   46.00
  34980.332    60.183    35.99   44.18
  35266.019    62.018     6.42   41.73
  35551.689    58.368   -12.77   41.79
  35837.342    52.372   -20.99   41.42
  36122.979    44.400   -27.91   37.01
  36408.599    37.274   -24.95   27.55
  36694.203    32.810   -15.63   19.33
  36979.789    32.607    -0.71   15.58
  37265.359    37.642    17.63   17.51
  37550.913    46.207    29.99   19.04
  37836.449    55.028    30.89   21.44
  38121.969    65.670    37.27   25.99
  38407.472    77.534    41.55   27.91
  38692.959    85.512    27.95   24.20
  38978.429    89.007    12.24   20.82
  39263.882    88.666    -1.20   19.79
  39549.319    85.617   -10.68   19.40
  39834.739    80.062   -19.46   21.12
  40120.142    68.234   -41.44   28.44
  40405.529    55.876   -43.30   31.16
  40690.899    42.551   -46.69   30.97
  40976.252    32.194   -36.30   27.34
  41261.589    23.175   -31.61   21.35
  41546.909    17.133   -21.17   13.62
  41832.212    13.680   -12.10    2.52
  42117.499    14.038     1.25    0.98
  42402.769    14.742     2.47    1.59
  42688.023    15.716     3.41    2.16
  42973.260    16.790     3.76    2.40
  43258.480    17.826     3.63    2.34
  43543.684    18.880     3.70    2.07
  43828.871    19.825     3.31    1.65
  44114.042    20.717     3.13    1.30
  44399.196    21.395     2.38    1.40
  44684.333    22.010     2.15    1.73
  44969.454    22.875     3.04    2.25
  45254.558    24.058     4.15    2.58
  45539.645    25.426     4.80    2.96
  45824.716    26.740     4.61    3.21
  46109.771    27.805     3.74    3.16
  46394.809    29.130     4.65    3.62
  46679.830    30.672     5.41    4.48
  46964.834    32.964     8.04    6.52
  47249.823    36.225    11.44    9.65
  47534.794    40.338    14.43   11.95
  47819.749    44.710    15.34   12.69
  48104.687    49.216    15.81   12.22
  48389.609    52.589    11.84   11.88
  48674.515    56.434    13.49   11.42
  48959.403    58.379     6.83   11.35
  49244.276    58.186    -0.68   11.90
  49529.131    59.413     4.30   11.81
  49813.970    60.048     2.23   11.64
  50098.793    62.036     6.98   11.29
  50383.599    64.781     9.64   11.63
  50668.389    68.710    13.80   12.22
  50954.787    72.837    14.41   13.53
  51243.252    78.306    18.96   17.14
  51531.700    84.234    20.55   21.60
  51820.130    92.526    28.75   25.18
  52108.542    99.199    23.14   27.05
  52396.936   107.210    27.78   29.60
  52685.312   114.201    24.24   31.27
  52973.671   117.777    12.40   32.18
  53262.012   117.570    -0.72   33.16
  53550.335   118.790     4.23   32.99
  53838.640   116.191    -9.01   30.61
  54126.928   114.825    -4.74   28.23
  54415.197   115.085     0.90   26.34
  54703.449   120.445    18.60   32.09
  54991.684   127.682    25.10   34.05
  55279.900   135.454    26.96   33.50
  55568.099   147.683    42.43   35.47
  55856.280   167.132    67.49   41.87
  56144.443   191.199    83.51   53.51
  56432.589   217.393    90.90   66.90
  56720.717   246.589   101.33   74.25
  57008.827   274.720    97.64   69.46
  57296.920   310.448   124.01   74.13
  57584.994   338.591    97.69   75.24
  57873.051   355.003    56.97   71.35
  58161.091   361.362    22.08   65.96
  58449.112   359.706    -5.75   61.95
  58737.116   352.773   -24.07   63.01
  59025.102   333.563   -66.70   68.41
  59313.071   309.306   -84.23   58.65
  59601.022   283.984   -87.94   47.57
  59888.955   260.496   -81.57   38.15
  60176.870   238.890   -75.04   33.25
  60464.768   222.166   -58.09   33.20
  60752.648   207.738   -50.11   33.50
  61040.511   196.959   -37.45   33.13
  61328.355   185.921   -38.35   27.80
  61616.183   178.313   -26.43   19.59
  61903.992   173.932   -15.22   18.11
  62191.784   176.601     9.27   28.40
  62479.558   181.995    18.74   38.90
  62767.315   184.192     7.63   41.69
  63055.054   188.281    14.21   46.27
  63342.775   184.833   -11.99   45.26
  63630.478   177.062   -27.01   43.13
  63918.164   166.023   -38.37   35.88
  64205.833   155.099   -37.97   27.37
  64493.484   147.157   -27.61   21.26
  64781.117   142.472   -16.29   16.83
  65068.732   140.699    -6.16   19.02
  65356.330   138.986    -5.96   20.95
  65643.910   136.655    -8.11   21.13
  65931.473   133.074   -12.45   20.81
  66219.018   127.183   -20.49   14.58
  66506.546   123.249   -13.68   14.87
  66794.056   120.018   -11.24   16.07
  67081.548   115.919   -14.26   17.88
  67369.023   111.392   -15.75   18.26
  67656.480   105.540   -20.36   15.33
  67943.920    99.686   -20.36    8.60
  68231.342    97.758    -6.71    6.90
  68518.746    96.136    -5.64    2.46
  68806.133    96.387     0.87    2.48
  69093.502    97.226     2.92    3.30
  69380.854    99.438     7.70    4.85
  69668.188   102.455    10.50    7.15
  69955.505   106.464    13.95   10.13
  70242.804   111.468    17.42   13.06
  70530.086   117.984    22.68   14.97
  70817.350   124.880    24.01   15.53
  71104.596   130.909    20.99   13.87
  71391.825   139.604    30.27   16.25
  71679.037   147.901    28.89   21.16
  71966.231   157.023    31.76   26.64
  72253.407   164.790    27.04   28.85
  72540.566   170.853    21.11   28.83
  72827.708   176.546    19.82   25.49
  73114.832   181.290    16.52   23.85
  73401.938   187.211    20.62   22.71
  73689.027   192.757    19.32   24.30
  73976.098   201.602    30.81   25.26
  74263.152   215.185    47.32   33.06
  74550.189   235.623    71.20   50.21
  74837.208   267.699   111.75   67.70
  75124.209   294.859    94.63   72.69
  75411.193   317.298    78.19   67.16
  75698.160   328.683    39.67   58.21
  75985.109   336.573    27.49   53.35
  76272.041   331.749   -16.81   56.50
  76558.955   325.996   -20.05   56.54
  76845.851   309.535   -57.37   51.83
  77132.731   293.529   -55.79   45.15
  77419.592   277.203   -56.91   44.41
  77706.437   261.923   -53.27   43.20
  77993.264   252.394   -33.22   42.74
  78280.073   238.686   -47.79   40.87
  78566.865   225.885   -44.64   32.75
  78853.640   218.475   -25.84   21.75
  79140.397   215.615    -9.97   17.78
  79427.137   213.927    -5.89   18.86
  79713.859   213.338    -2.05   21.45
  80000.564   212.532    -2.81   22.77
  80287.251   211.025    -5.25   25.08
  80573.922   211.032     0.02   26.56
  80860.574   206.483   -15.87   25.21
  81147.210   203.355   -10.91   23.87
  81433.828   202.448    -3.16   21.50
  81720.428   201.732    -2.50   18.99
  82007.011   205.173    12.01   22.72
  82293.577   208.440    11.40   28.33
  82580.125   212.281    13.40   30.34
  82866.656   221.390    31.79   30.97
  83153.170   230.628    32.24   29.95
  83439.666   239.769    31.90   27.58
  83726.145   247.127    25.68   24.73
  84012.607   249.628     8.73   21.82
  84299.051   252.661    10.59   19.79
  84585.478   256.394    13.03   21.35
  84871.887   259.282    10.08   25.30
  85158.279   265.715    22.46   28.80
  85444.654   270.480    16.64   31.49
  85731.011   278.964    29.63   29.10
  86017.351   281.199     7.80   29.05
  86303.674   274.901   -22.00   34.23
  86589.980   262.862   -42.05   40.17
  86876.268   248.680   -49.54   40.78
  87162.538   235.234   -46.97   38.14
  87448.792   227.085   -28.47   36.33
  87735.028   221.103   -20.90   42.64
  88021.247   217.266   -13.40   45.56
  88307.449   216.455    -2.83   48.08
  88593.633   211.523   -17.23   44.74
  88879.800   205.107   -22.42   39.74
  89165.949   192.331   -44.65   23.76
  89452.082   186.409   -20.70   16.10
  89738.197   183.877    -8.85   14.80
  90024.295   184.048     0.60   18.55
  90310.375   186.806     9.64   26.99
  90596.438   191.469    16.30   34.84
  90882.484   195.544    14.24   39.74
  91168.513   199.794    14.86   44.05
  91454.524   202.814    10.56   48.10
  91740.519   203.298     1.69   49.06
  92026.496   200.050   -11.36   49.16
  92312.455   195.642   -15.41   49.49
  92598.398   192.924    -9.51   49.55
  92884.323   193.002     0.27   51.32
  93170.231   199.573    22.98   58.55
  93456.121   197.852    -6.02   60.26
  93741.995   193.754   -14.33   62.01
  94027.851   188.615   -17.98   64.80
  94313.690   180.620   -27.97   63.64
  94599.512   167.664   -45.33   58.84
  94885.316   153.033   -51.19   41.87
  95171.104   144.548   -29.69   20.45
  95456.874   148.322    13.21   20.76
  95742.627   160.158    41.42   26.95
  96028.363   175.730    54.49   33.23
  96314.081   195.115    67.84   36.96
  96599.782   210.429    53.60   34.00
  96885.467   220.091    33.82   30.14
  97171.133   222.177     7.30   29.07
  97456.783   225.736    12.46   28.24
  97742.416   225.994     0.90   27.17
  98028.031   219.029   -24.38   28.28
  98313.629   205.640   -46.88   29.15
  98599.210   191.447   -49.69   31.76
  98884.774   182.736   -30.50   33.89
  99170.321   173.899   -30.94   32.13
  99455.851   166.620   -25.49   24.45
  99741.363   161.249   -18.81   13.66
 100026.858   158.099   -11.03   12.50
 100312.336   156.128    -6.90   14.58
 100597.797   150.567   -19.48   19.01
 100883.241   145.107   -19.13   20.66
 101168.668   139.168   -20.81   20.44
 101454.077   136.157   -10.55   18.83
 101739.470   135.742    -1.46   18.08
 102024.845   139.956    14.77   22.54
 102310.203   153.843    48.66   30.75
 102595.544   168.234    50.43   34.31
 102880.868   176.956    30.57   30.96
 103166.175   180.945    13.98   28.73
 103451.464   181.834     3.11   27.56
 103736.737   179.538    -8.05   28.26
 104021.993   176.867    -9.36   28.66
 104307.231   174.674    -7.69   28.95
 104592.452   176.098     4.99   31.21
 104877.656   186.498    36.46   36.76
 105162.844   199.010    43.87   38.71
 105448.014   209.454    36.62   42.75
 105733.167   216.845    25.92   44.92
 106018.302   228.048    39.29   47.23
 106303.421   244.480    57.63   50.29
 106588.523   252.943    29.68   52.23
 106873.608   256.190    11.39   55.24
 107158.675   252.224   -13.91   52.56
 107443.726   245.602   -23.23   52.52
 107728.759   237.562   -28.20   55.69
 108013.776   226.467   -38.93   57.46
 108298.775   217.456   -31.62   59.46
 108583.758   217.348    -0.38   61.00
 108868.723   204.943   -43.53   69.70
 109153.671   195.845   -31.93   76.88
 109438.602   189.372   -22.72   78.06
 109723.517   179.218   -35.64   76.38
 110008.414   162.652   -58.14   64.57
 110293.294   146.984   -55.00   50.43
 110578.157   138.530   -29.68   47.40
 110863.003   127.604   -38.36   41.80
 111147.832   112.970   -51.37   38.97
 111432.645    98.411   -51.12   39.79
 111717.440    83.706   -51.63   40.08
 112002.218    65.521   -63.85   34.37
 112286.979    52.546   -45.56   27.31
 112571.723    42.347   -35.81   19.04
 112858.497    35.770   -22.94   10.60
 113147.014    38.161     8.29   18.30
 113435.514    53.712    53.90   41.65
 113723.995    78.907    87.33   59.58
 114012.457   108.258   101.74   72.62
 114300.902   141.890   116.59   78.11
 114589.328   179.724   131.17   77.88
 114877.736   216.290   126.78   78.39
 115166.126   246.115   103.41   75.97
 115454.497   272.175    90.37   74.01
 115742.850   290.778    64.51   63.14
 116031.185   306.473    54.43   53.79
 116319.502   320.690    49.31   55.96
 116607.801   329.901    31.95   71.55
 116896.081   334.888    17.30   76.85
 117184.343   337.711     9.79   85.90
 117472.587   336.669    -3.62   85.17
 117760.812   344.565    27.39   79.39
 118049.020   355.973    39.58   67.84
 118337.209   358.932    10.27   67.24
 118625.380   362.339    11.82   66.85
 118913.533   354.711   -26.47   71.19
 119201.667   339.330   -53.38   66.29
 119489.784   330.620   -30.23   65.63
 119777.882   319.854   -37.37   65.54
 120065.962   310.723   -31.70   71.08
 120354.024   302.809   -27.47   81.04
