# NaN NaN NaN ;Mean Elev.(m), Avg Gradient(m/km), RMS Gradient(m/km) - SRTM1     
#   47.473   0.518  16.069 ;Mean Elev.(m), Avg Gradient(m/km), RMS Gradient(m/km) - ASTER GDEM
#   41.955  -0.350   1.404 ;Mean Elev.(m), Avg Gradient(m/km), RMS Gradient(m/km) - GMTED2010 
   1 203.318796  64.630981    42.836    42.966  4 54659.09659260 23.479
   2 203.314721  64.630653    47.431    44.241  5 54669.01223843 20.526
   4 203.323414  64.631643    41.448    41.404  3 54688.84352638 40.708
   6 203.325047  64.632036    40.783    40.761  3 54708.67481091 45.697
   8 203.307418  64.629509    39.931    39.916  6 54728.50611015 48.858
   9 203.301848  64.629269    39.725    39.641  5 54738.42175706 48.747
  10 203.305120  64.629383    87.307    87.574  5 54748.33740458 26.691
  11 203.309475  64.629781    39.433    39.399  5 54758.25305186 45.602
  12 203.311679  64.629748    39.449    39.510  5 54768.16869678 43.867
  13 203.304710  64.629814    39.340    39.267  5 54778.08433752 34.816
  14 203.300669  64.629129    39.053    39.090  5 54787.99997618 31.457
  15 203.302219  64.628749    39.324    39.366  6 54797.91561435 30.800
  16 203.306979  64.629792    38.901    38.883  5 54807.83125267 26.396
  17 203.317388  64.630457    39.526    39.494  5 54817.74689099 20.963
  18 203.318955  64.631034    38.987    39.022  4 54827.66254135 20.817
  19 203.316241  64.630826    39.037    38.820  5 54837.57818018 18.438
  20 203.315198  64.630454    42.747    42.754  4 54847.49382949 11.645
  21 203.316261  64.630431    45.554    44.816  5 54857.40947835 10.684
  22 203.317974  64.630982    43.378    43.361  5 54867.32512727 11.262
  23 203.318648  64.630919    43.912    43.864  5 54877.24077547 11.016
  24 203.313249  64.630785    45.590    44.588  5 54887.15642012 10.117
  25 203.307947  64.629585    46.356    46.501  6 54897.07206147 10.113
  26 203.303068  64.628843    47.334    47.340  6 54906.98770023 10.518
  27 203.303146  64.628870    47.152    47.168  6 54916.90333823  9.980
  28 203.305049  64.629634    45.093    44.591  5 54926.81897623 10.426
  29 203.311096  64.629649    46.143    47.292  5 54936.73461404 11.820
  30 203.309665  64.630185    40.704    40.476  5 54946.65024928 10.383
  31 203.308156  64.629982    40.864    40.331  5 54956.56588245 40.325
  32 203.305944  64.629251    44.651    44.650  6 54966.48153096 51.386
  33 203.305250  64.629353    41.270    41.267  6 54976.39717855 53.187
  35 203.311828  64.630460    43.199    42.958  5 54996.22847437 26.678
  36 203.313362  64.630847    43.112    42.976  5 55006.14412054 26.557
  37 203.315906  64.630629    41.858    41.821  4 55016.05976468 31.733
  38 203.316724  64.630698    40.843    40.802  4 55025.97540725 39.322
  39 203.319465  64.631090    40.861    40.445  4 55035.89104954 32.316
  40 203.320639  64.631567    42.612    42.618  4 55045.80669088 24.716
  41 203.319445  64.631550    42.686    42.715  4 55055.72233025 22.894
  42 203.316695  64.630499    42.900    43.004  5 55065.63796725 21.697
  43 203.308791  64.629756    43.752    43.565  6 55075.55361517 21.184
  44 203.305790  64.629162    44.150    43.908  5 55085.46926277 19.004
  45 203.303900  64.629717    39.929    39.197  5 55095.38490873 33.516
  46 203.309698  64.629313    43.222    44.154  5 55105.30055523 24.092
  47 203.307754  64.629555    43.591    43.919  6 55115.21620071 22.622
  48 203.305941  64.629080    38.498    38.497  5 55125.13184384 50.852
  49 203.302968  64.628918    38.132    38.209  5 55135.04748422 45.638
  50 203.300980  64.629230    39.224    39.289  5 55144.96312255 31.671
  51 203.307342  64.629371    39.796    39.817  5 55154.87876103 25.573
  52 203.311890  64.630005    40.866    41.119  5 55164.79439961 20.719
  53 203.315699  64.630757    41.927    42.361  4 55174.71003792 17.849
  54 203.319252  64.630676    42.380    42.377  4 55184.62567808 15.928
  55 203.316959  64.630774    41.766    41.745  5 55194.54132906 15.365
  56 203.317700  64.630774    41.863    41.907  4 55204.45697899 14.223
  57 203.318639  64.631333    41.737    41.868  4 55214.37262821 13.896
  58 203.321158  64.630990    41.820    41.641  5 55224.28827713 13.538
  59 203.314558  64.630582    41.574    41.285  5 55234.20392347 13.002
  60 203.306352  64.629567    40.943    40.966  5 55244.11956647 13.159
  61 203.300272  64.628682    40.838    40.693  5 55254.03520664 13.693
  62 203.299263  64.628874    41.415    41.420  5 55263.95084533 12.050
  63 203.305818  64.629622    42.908    42.203  5 55273.86648377 11.178
  64 203.313081  64.629876    39.853    40.590  5 55283.78212186 13.749
  65 203.310189  64.630091    43.521    41.935  5 55293.69775760 10.305
  66 203.304633  64.629547    42.412    42.438  6 55303.61339423 11.568
  67 203.299683  64.628887    39.540    40.047  5 55313.52904140 27.779
  68 203.303387  64.628887    40.838    40.354  5 55323.44468717 40.295
  69 203.310352  64.629562    40.444    39.763  5 55333.36033185 39.522
  70 203.314635  64.630325    39.496    39.464  4 55343.27597615 51.646
  71 203.313770  64.630620    40.519    39.961  5 55353.19161960 41.611
  72 203.311842  64.630677    42.804    42.696  5 55363.10726084 26.158
  73 203.315737  64.630269    42.640    42.521  5 55373.02290079 24.394
  74 203.317975  64.631113    42.532    42.630  5 55382.93853922 23.296
  75 203.322316  64.631791    42.434    42.379  4 55392.85417711 23.070
  76 203.324057  64.632134    40.969    40.924  4 55402.76981324 40.222
  77 203.317520  64.631127    42.611    42.649  4 55412.68546453 20.180
  78 203.308788  64.629517    41.508    41.217  5 55422.60111313 26.101
  79 203.299853  64.628777    41.147    41.105  6 55432.51675894 38.689
  80 203.301138  64.628849    40.856    40.875  6 55442.43240365 53.464
  81 203.305207  64.629841    40.255    40.171  5 55452.34804700 52.824
  82 203.313131  64.630144    44.626    45.008  5 55462.26368996 19.839
  83 203.307995  64.630457    38.865    38.845  5 55472.17932999 48.350
  84 203.303635  64.629520    39.607    39.900  6 55482.09496735 27.652
  85 203.298477  64.629075    37.429    37.319  6 55492.01060239 47.044
  86 203.303540  64.629423    39.635    39.634  5 55501.92623659 34.431
  87 203.310822  64.630457    39.240    39.337  5 55511.84188199 28.040
  88 203.319290  64.630813    39.437    39.422  5 55521.75753239 22.801
  89 203.318450  64.631131    42.430    42.427  5 55531.67318071 15.002
  90 203.314750  64.630662    42.249    42.387  4 55541.58882716 13.025
  91 203.313777  64.630084    42.343    42.266  5 55551.50447176 12.521
  92 203.316662  64.630178    42.196    42.151  5 55561.42011516 12.545
  93 203.318578  64.631286    42.199    42.100  4 55571.33575762 14.091
  94 203.321621  64.631278    42.640    42.649  4 55581.25139912 12.859
  95 203.316634  64.630511    42.151    42.143  5 55591.16703686 12.077
  96 203.306197  64.629679    41.720    41.577  5 55601.08267091 12.103
  97 203.301934  64.628939    42.332    42.285  6 55610.99830337 10.863
  98 203.306179  64.629419    42.735    42.696  5 55620.91393552 11.417
  99 203.312164  64.630223    43.020    43.077  5 55630.82958893 10.652
 100 203.317468  64.630453    43.288    43.230  5 55640.74524032 10.741
 101 203.310542  64.630520    42.620    42.698  5 55650.66088798 11.060
 102 203.302494  64.629254    44.870    43.019  6 55660.57653201  9.737
 103 203.295924  64.628872    42.291    42.287  6 55670.49217268 10.488
 104 203.302761  64.628884    37.805    37.829  6 55680.40781269 24.360
 105 203.314042  64.630036    40.879    40.894  5 55690.32345113 33.922
 106 203.323735  64.630961    42.227    42.153  4 55700.23908786 52.794
 107 203.322550  64.631679    42.433    42.427  4 55710.15472703 50.957
 108 203.319832  64.630757    42.522    42.435  5 55720.07037700 41.699
 109 203.317506  64.630221    41.119    41.212  5 55729.98602476 47.377
 110 203.314573  64.630792    41.253    41.243  5 55739.90167109 46.678
 111 203.318920  64.630743    42.113    42.043  4 55749.81731693 54.197
 112 203.317732  64.630974    41.652    41.687  5 55759.73295988 44.241
 113 203.313667  64.630528    42.352    42.309  5 55769.64859977 24.628
 114 203.306474  64.629646    41.482    41.476  6 55779.56423610 51.523
 115 203.301820  64.629188    40.919    40.945  5 55789.47987003 32.523
 116 203.305156  64.629496    41.946    41.596  5 55799.39550339 32.878
 117 203.311782  64.629961    44.103    44.117  5 55809.31115050 19.787
 118 203.317544  64.630380    40.190    40.141  5 55819.22679984 51.039
 119 203.313246  64.630776    44.781    45.188  5 55829.14244390 21.268
 120 203.307846  64.629953    39.554    39.574  5 55839.05808353 49.668
 121 203.303811  64.629185    43.612    42.520  5 55848.97372026 19.708
 122 203.307072  64.629681    38.227    38.339  5 55858.88935556 42.375
 123 203.313260  64.630816    37.549    37.514  5 55868.80500430 38.353
 124 203.322202  64.631282    39.786    38.684  4 55878.72065663 22.915
 125 203.320893  64.631941    39.377    38.714  4 55888.63630140 18.111
 126 203.321502  64.631163    42.206    42.182  4 55898.55194065 14.384
 127 203.319009  64.631090    43.698    43.802  4 55908.46757458 14.620
 128 203.317451  64.631014    39.505    39.136  4 55918.38322325 18.061
 129 203.318880  64.630699    43.660    43.607  4 55928.29887638 12.834
 130 203.317626  64.630375    43.535    43.341  5 55938.21452573 11.680
 131 203.311785  64.629617    42.996    42.910  5 55948.13016979 11.523
 132 203.302386  64.629440    42.375    42.463  6 55958.04580898 11.903
 133 203.302981  64.628850    42.562    42.541  6 55967.96144670 10.677
 134 203.307223  64.629261    42.520    42.610  5 55977.87708387 10.569
 135 203.311549  64.630191    42.161    42.347  5 55987.79272038 12.830
 136 203.317057  64.630149    42.585    42.658  5 55997.70836059 12.649
 137 203.311238  64.630113    42.976    42.924  5 56007.62401142 10.922
 138 203.306103  64.629496    42.766    42.820  6 56017.53965814 10.139
 139 203.303515  64.629379    46.423    47.317  5 56027.45530211 10.324
 140 203.308379  64.629473    38.642    37.793  5 56037.37094504 10.061
 141 203.315104  64.630284    39.183    39.153  5 56047.28658612 30.943
 142 203.321296  64.631022    41.525    41.444  5 56057.20222435 36.292
 143 203.322651  64.631770    40.571    40.563  3 56067.11785784 50.039
 144 203.321220  64.631252    42.392    42.430  5 56077.03350652 34.565
 145 203.319049  64.630840    89.335    89.270  4 56086.94915527 27.871
 146 203.318572  64.630608    42.761    42.652  4 56096.86480175 28.050
 147 203.317952  64.630384    42.806    42.610  5 56106.78044608 26.575
 148 203.312592  64.630354    43.230    43.090  5 56116.69607555 22.127
 149 203.309331  64.629996    41.813    41.728  5 56126.61171310 42.095
 150 203.308570  64.629492    41.750    41.638  5 56136.52734700 33.183
 151 203.306827  64.629694    41.009    41.016  5 56146.44299069 51.194
 152 203.307457  64.630038    42.347    42.561  5 56156.35864015 23.410
 153 203.311787  64.629954    43.683    44.217  5 56166.27428904 21.015
 154 203.312883  64.629716    44.284    44.373  5 56176.18993531 21.592
 155 203.309638  64.629784    40.129    40.091  5 56186.10557620 36.115
 156 203.307001  64.629687    45.768    45.805  5 56196.02121342 19.582
 157 203.312069  64.629514    45.212    45.726  5 56205.93684840 22.011
 158 203.316974  64.630525    39.160    39.133  4 56215.85248184 37.206
 159 203.322302  64.631533    38.397    38.370  4 56225.76812181 45.943
 160 203.324317  64.631338    38.904    38.924  4 56235.68377738 31.654
 161 203.321971  64.630988    41.909    42.240  4 56245.59942867 21.397
 162 203.319095  64.630707    43.809    43.442  5 56255.51507479 20.210
 163 203.319267  64.630817    41.454    41.341  4 56265.43071721 20.015
 164 203.319566  64.631151    42.298    42.324  5 56275.34635788 17.650
 165 203.318331  64.630750    42.676    42.784  4 56285.26200339 15.914
 166 203.313056  64.629659    42.203    42.384  5 56295.17765351 15.429
 167 203.301854  64.629260    41.947    41.646  5 56305.09329888 14.916
 168 203.298682  64.629121    41.501    41.457  6 56315.00894140 14.586
 169 203.305133  64.629380    42.096    42.230  5 56324.92458288 13.577
 170 203.311323  64.630226    42.404    42.367  5 56334.84022353 13.712
 171 203.312719  64.630646    42.349    42.399  5 56344.75586289 13.073
 172 203.314502  64.629781    42.258    42.145  5 56354.67150006 12.892
 173 203.306569  64.629664    42.234    42.283  5 56364.58714417 11.322
 174 203.303849  64.629646    42.923    42.670  5 56374.50279285 10.788
 176 203.316145  64.630707    43.071    43.172  4 56394.33408372 10.224
 177 203.321368  64.630994    42.822    42.880  4 56404.24972612  9.991
 178 203.319856  64.631494    42.654    42.695  4 56414.16536489  9.816
 179 203.319950  64.631138    38.327    37.724  5 56424.08099899 38.980
 180 203.318214  64.630913    39.391    38.792  5 56433.99664417 36.536
 181 203.318199  64.630551    44.844    44.713  5 56443.91229643 44.523
 182 203.317354  64.631049    44.619    44.617  5 56453.82794604 32.657
 183 203.315693  64.630665    42.457    42.441  5 56463.74359290 54.288
 184 203.309253  64.629937    41.520    41.455  5 56473.65923593 50.621
 185 203.302058  64.629147    44.088    44.124  6 56483.57487549 28.714
 186 203.301221  64.628999    44.376    44.437  6 56493.49051219 27.533
 187 203.308744  64.629665    41.131    41.128  5 56503.40614725 51.485
 188 203.319743  64.630682    43.853    43.979  4 56513.32178098 25.552
 189 203.321114  64.630937    40.254    40.258  4 56523.23743039 53.770
 190 203.313139  64.630575    40.338    40.356  5 56533.15308163 43.496
 192 203.306420  64.629150    44.235    44.047  5 56552.98437407 25.598
 193 203.312281  64.630041    43.547    43.653  5 56562.90001728 26.675
 194 203.319586  64.631456    44.637    44.435  4 56572.81565937 22.009
 195 203.324613  64.632255    39.341    39.336  3 56582.73129923 40.298
 196 203.324274  64.632104    39.170    39.035  4 56592.64693421 38.170
 197 203.319085  64.630874    38.186    38.249  5 56602.56258499 48.848
 198 203.311792  64.630690    40.277    40.537  5 56612.47823364 30.036
 199 203.315908  64.630635    45.632    45.695  5 56622.39387895 20.668
 200 203.319184  64.631051    44.187    44.212  4 56632.30952121 22.154
 201 203.320667  64.630979    44.121    44.158  5 56642.22515899 21.060
 202 203.314309  64.629750    44.042    44.077  5 56652.14080792 19.017
 203 203.301910  64.629148    43.736    43.894  5 56662.05645651 17.497
 204 203.300506  64.628473    43.686    43.657  6 56671.97210320 17.350
 205 203.304619  64.629603    43.945    43.966  6 56681.88774860 15.276
 206 203.315184  64.630171    43.528    43.644  5 56691.80339264 17.175
 207 203.319210  64.630733    43.812    43.863  4 56701.71903222 15.115
 208 203.313809  64.630688    43.764    43.684  5 56711.63466607 14.740
 210 203.304585  64.629567    43.439    43.488  5 56731.46596194 13.821
 211 203.309589  64.630544    43.462    43.439  5 56741.38161017 12.906
 212 203.321975  64.631146    43.456    43.405  4 56751.29725480 12.388
 213 203.325004  64.632215    46.187    44.231  3 56761.21289346 10.517
 214 203.325410  64.631952    42.700    42.795  4 56771.12852530 28.924
 215 203.316592  64.630907    39.738    39.708  4 56781.04417902 46.406
 216 203.309902  64.630205    43.763    43.506  5 56790.95983328 26.465
 217 203.308263  64.630238    43.394    42.755  5 56800.87548492 25.106
 218 203.316020  64.630017    44.447    44.877  5 56810.79113049 25.534
 219 203.316831  64.630235    41.638    41.631  5 56820.70677071 49.926
 221 203.306083  64.629372    43.269    43.259  5 56840.53803872 28.145
 222 203.305745  64.629151    41.895    41.837  5 56850.45367408 52.621
 223 203.307719  64.629668    41.923    41.918  6 56860.36932863 37.270
 224 203.313544  64.630554    41.121    41.118  5 56870.28498272 40.453
 225 203.317016  64.630708    41.361    41.360  4 56880.20063398 48.021
 226 203.313207  64.630270    42.725    42.823  5 56890.11628101 25.133
 227 203.305856  64.629671    42.241    42.144  6 56900.03192494 31.003
 228 203.305890  64.629525    42.246    42.370  5 56909.94756740 26.918
 229 203.314754  64.629952    40.376    40.332  5 56919.86320898 37.465
 230 203.321497  64.631543    43.166    43.391  4 56929.77884818 23.289
 231 203.328247  64.631965    39.478    39.416  3 56939.69448279 37.576
 232 203.323906  64.632209    39.168    39.236  3 56949.61011926 48.342
 233 203.317131  64.630947    38.299    38.304  5 56959.52577111 45.035
 234 203.312520  64.630234    38.768    38.877  5 56969.44141797 42.094
 235 203.312338  64.630372    38.608    38.590  5 56979.35706123 40.667
 236 203.317773  64.630448    39.099    39.135  5 56989.27270055 30.488
 237 203.319317  64.630796    38.603    38.604  5 56999.18833323 25.913
 238 203.313123  64.630368    39.101    39.265  5 57009.10398447 22.617
 239 203.306513  64.629492    39.256    38.954  6 57019.01963653 21.480
 240 203.303695  64.629198    39.672    39.927  6 57028.93528585 19.618
 241 203.305508  64.629758    39.434    39.288  5 57038.85093389 18.851
 242 203.311929  64.630296    38.877    38.643  5 57048.76658000 18.984
 243 203.315993  64.630740    39.349    38.505  4 57058.68222200 18.416
 244 203.317452  64.630500    39.105    38.581  5 57068.59785813 17.483
 245 203.314938  64.630708    41.600    41.789  5 57078.51348953 16.186
 246 203.316019  64.631030    41.432    41.506  5 57088.42912457 15.767
 247 203.318598  64.631231    42.147    42.237  4 57098.34478318 14.807
 248 203.325161  64.631198    42.255    42.488  4 57108.26043920 14.215
 249 203.324248  64.631516    42.204    42.078  4 57118.17608938 14.727
 250 203.319833  64.631205    42.343    42.546  5 57128.09173319 12.157
 251 203.317149  64.630455    37.948    37.922  5 57138.00737172 31.822
 252 203.315952  64.630418    39.623    39.619  5 57147.92300651 34.937
 253 203.317776  64.630798    41.050    41.028  5 57157.83863903 53.257
 254 203.316840  64.630908    43.685    43.407  4 57167.75428581 23.265
 255 203.312996  64.630498    42.174    42.136  5 57177.66994183 46.012
 256 203.307606  64.629966    40.857    40.851  5 57187.58559364 51.493
 257 203.305756  64.629481    41.618    41.505  5 57197.50124163 28.418
 258 203.306508  64.629548    40.032    40.014  6 57207.41687612 51.632
 259 203.309337  64.630085    40.497    40.502  5 57217.33252101 45.921
 260 203.313540  64.630331    40.721    40.718  4 57227.24816498 39.360
 261 203.315523  64.630489    40.573    40.569  4 57237.16380665 48.952
 262 203.315535  64.630640    42.213    42.764  4 57247.07944473 21.985
 263 203.316723  64.630866    40.475    40.470  4 57256.99508036 38.907
 264 203.321850  64.631362    41.806    41.823  4 57266.91071516 40.197
 265 203.325192  64.631884    43.230    42.554  3 57276.82636133 26.399
 266 203.324711  64.631984    41.141    41.139  3 57286.74201799 31.767
 267 203.321786  64.631356    40.806    40.818  4 57296.65767158 50.591
 268 203.317869  64.630538    43.324    43.305  4 57306.57332145 21.189
 269 203.315313  64.629942    39.317    39.324  5 57316.48896759 47.174
 270 203.310164  64.630537    38.791    38.741  5 57326.40461012 47.076
 271 203.313947  64.630356    38.222    38.223  5 57336.32025142 47.531
 272 203.314302  64.629892    37.822    37.859  5 57346.23589848 34.489
 273 203.307461  64.629793    38.394    38.384  6 57356.15154503 27.215
 274 203.303449  64.629492    38.783    38.807  6 57366.06718818 20.668
 275 203.304695  64.629390    39.495    39.434  6 57375.98282852 23.059
 276 203.307828  64.630291    40.928    40.955  5 57385.89846715 15.505
 277 203.316430  64.630454    42.518    42.554  4 57395.81410581 14.731
 278 203.318809  64.631065    42.641    42.637  4 57405.72974287 14.472
 279 203.315426  64.630929    41.960    42.031  5 57415.64539194 15.115
 280 203.313337  64.630513    41.598    41.476  5 57425.56104311 14.900
 281 203.315128  64.630398    42.134    42.064  4 57435.47669160 14.473
 282 203.319781  64.631020    42.120    42.231  4 57445.39233856 13.803
 283 203.324181  64.631576    42.386    42.426  4 57455.30798468 14.017
 284 203.325355  64.631507    42.266    42.412  4 57465.22362855 12.915
 285 203.319529  64.631172    42.260    42.259  4 57475.13926802 10.361
 286 203.313320  64.630774    50.476    51.549  5 57485.05490400  5.492
 287 203.316215  64.630166    37.844    37.921  5 57494.97053817 15.320
 288 203.319596  64.631210    39.581    38.864  4 57504.88617049 33.354
 289 203.319372  64.631364    41.615    41.593  4 57514.80182701 48.060
 290 203.317486  64.630579    44.480    44.332  5 57524.71748117 24.711
 291 203.309523  64.629651    41.514    41.446  5 57534.63313245 52.253
 292 203.301879  64.629155    42.375    42.429  5 57544.54878076 29.151
 293 203.303449  64.629185    40.983    40.944  6 57554.46442748 47.422
 294 203.312119  64.629699    45.192    45.733  5 57564.38007326 19.690
 295 203.315065  64.630843    40.542    40.328  5 57574.29571785 31.714
 296 203.316710  64.630736    41.632    41.552  5 57584.21136197 52.129
 297 203.315586  64.630176    41.840    41.875  5 57594.12700389 38.910
