# NaN NaN NaN ;Mean Elev.(m), Avg Gradient(m/km), RMS Gradient(m/km) - SRTM1     
#   29.754 -25.838  27.411 ;Mean Elev.(m), Avg Gradient(m/km), RMS Gradient(m/km) - ASTER GDEM
#   29.403  -3.062  27.140 ;Mean Elev.(m), Avg Gradient(m/km), RMS Gradient(m/km) - GMTED2010 
   1 201.071596  63.969674    83.757    82.265  7 54663.93302162 10.338
   2 201.089013  63.974450    29.491    29.446 13 54673.84866846 44.992
   3 201.090178  63.976348    19.228    19.184 13 54683.76431213 26.649
   4 201.091761  63.977139    29.399    29.424 13 54693.67995436 43.140
   5 201.090123  63.975358    19.803    19.762 12 54703.59559357 20.339
   6 201.088043  63.972808    28.730    28.663 13 54713.51124304 52.080
   7 201.092015  63.972013    11.331    11.399 13 54723.42689400 22.270
   8 201.092791  63.972348    28.023    27.970 13 54733.34254247 52.264
   9 201.090467  63.973816    27.831    27.805 12 54743.25818933 49.693
  10 201.090864  63.975247    27.143    27.133 13 54753.17383619 47.607
  11 201.088706  63.974388    74.331    74.109 13 54763.08948213 20.982
  12 201.090803  63.972632    27.554    27.530 13 54773.00512582 36.525
  13 201.083739  63.969557    75.846    75.984 11 54782.92076574 10.587
  14 201.088325  63.970368    27.720    27.700 13 54792.83640468 34.520
  15 201.088153  63.971853    27.857    27.823 13 54802.75204214 30.636
  16 201.090489  63.973460    27.409    27.379 13 54812.66767961 24.254
  17 201.090441  63.973694    27.619    27.601 13 54822.58332227 24.643
  18 201.090178  63.973345    27.714    27.392 13 54832.49896252 21.615
  19 201.090025  63.973852    27.143    27.159 12 54842.41461266 17.556
  20 201.089503  63.975603    29.352    28.971 13 54852.33026172 10.463
  21 201.091397  63.978217    28.646    28.577 12 54862.24591078 10.067
  22 201.091262  63.979146    28.840    28.341 12 54872.16155950 10.601
  23 201.090254  63.977464    31.422    31.560 13 54882.07720604 12.272
  24 201.090063  63.974330    31.198    31.298 13 54891.99284920 10.240
  25 201.091277  63.972235    28.405    28.712 13 54901.90848971 13.176
  26 201.091999  63.972623    31.513    31.507 13 54911.82412876  8.791
  27 201.090164  63.974023    31.119    31.211 13 54921.73976658  8.739
  28 201.090614  63.974975    31.394    31.476 12 54931.65540388  9.853
  29 201.090375  63.973331    31.744    31.816 13 54941.57103933  8.585
  30 201.088649  63.970051    26.480    26.462 13 54951.48667282 33.232
  31 201.085480  63.967699    31.314    31.318 12 54961.40231370 41.501
  32 201.085801  63.968902    32.051    32.043 11 54971.31796248 53.647
  33 201.090622  63.972137    31.942    32.183 13 54981.23361076 30.549
  34 201.088953  63.973831    30.876    30.780 13 54991.14925802 41.056
  35 201.089682  63.974444    30.552    30.595 13 55001.06490503 46.409
  36 201.089377  63.974239    31.050    31.026 13 55010.98055008 28.936
  37 201.090331  63.974107    29.890    29.707 13 55020.89619372 32.853
  38 201.090171  63.975074    28.850    28.623 13 55030.81183622 37.938
  39 201.089509  63.976329    29.170    28.535 13 55040.72747799 32.903
  40 201.090061  63.976787    28.148    27.859 13 55050.64311836 38.528
  41 201.089264  63.974826    27.902    27.612 13 55060.55875623 45.010
  42 201.090791  63.972273    27.590    27.526 13 55070.47439745 37.446
  43 201.088657  63.970061    27.702    27.677 13 55080.39004622 37.615
  44 201.088169  63.970467    28.108    28.009 13 55090.30569358 36.188
  45 201.088563  63.972798    78.254    77.284 13 55100.22134029 13.583
  46 201.104282  63.977772    28.656    28.384  8 55110.13698816 29.063
  47 201.088834  63.974313    27.211    27.169 13 55120.05263081 50.005
  48 201.090216  63.972122    26.606    26.549 12 55129.96827247 51.334
  49 201.090045  63.969964    26.697    26.648 12 55139.88391196 41.821
  50 201.087077  63.969679    27.493    27.368 12 55149.79955026 30.601
  51 201.092472  63.972766    26.964    26.919 13 55159.71518935 26.402
  52 201.088743  63.973796    26.837    26.849 13 55169.63082704 24.851
  53 201.090004  63.974206    26.850    26.828 13 55179.54646397 24.821
  54 201.090217  63.973725    27.153    27.155 12 55189.46211062 22.818
  55 201.091726  63.974465    26.885    26.917 13 55199.37776131 19.727
  56 201.089209  63.975282    26.911    26.861 13 55209.29341089 16.648
  57 201.091159  63.977101    26.955    26.964 12 55219.20906050 14.494
  58 201.088858  63.976733    27.387    27.141 13 55229.12470870 13.002
  59 201.091760  63.975878    27.160    27.050 13 55239.04035417 13.331
  60 201.091344  63.973436    31.216    31.331 13 55248.95599561 13.105
  61 201.089807  63.971647    30.334    30.164 13 55258.87163460 12.057
  62 201.087925  63.971356    29.863    29.962 13 55268.78727289 11.875
  63 201.088449  63.972657    29.971    29.943 13 55278.70291125 10.529
  64 201.091854  63.973770    30.552    30.656 13 55288.61854857 10.171
  65 201.092809  63.972926    30.813    30.514 13 55298.53418310 11.000
  66 201.088105  63.970293    27.209    26.887 13 55308.44982549 28.686
  67 201.085000  63.968799    30.188    30.625 12 55318.36547120 29.541
  68 201.088769  63.970220    30.078    30.067 12 55328.28111678 42.856
  69 201.089260  63.972325    28.221    28.183 13 55338.19676156 51.431
  70 201.091603  63.974553    28.637    28.653 13 55348.11240611 50.532
  71 201.091214  63.975131    29.648    29.994 13 55358.02804849 27.315
  72 201.090787  63.974882    28.530    28.447 12 55367.94368870 49.655
  73 201.088435  63.974088    29.540    29.387 13 55377.85932720 24.784
  74 201.090035  63.974452    29.091    29.067 13 55387.77496532 27.500
  75 201.089726  63.974394    28.988    28.955 13 55397.69060228 39.894
  76 201.092204  63.974318    29.216    29.197 13 55407.60624628 51.495
  77 201.090508  63.973015    29.662    29.664 12 55417.52189698 44.946
  78 201.090097  63.971539    29.933    30.011 13 55427.43754434 29.619
  79 201.090710  63.971172    29.285    29.304 13 55437.35318924 40.629
  80 201.090374  63.971817    28.722    28.627 12 55447.26883288 34.720
  81 201.091640  63.973143    91.348    89.507 13 55457.18447638 22.727
  82 201.088075  63.972956    29.020    29.261 13 55467.10011863 31.067
  83 201.088134  63.972005    26.901    26.883 13 55477.01575792 50.616
  84 201.088390  63.970440    26.230    26.189 12 55486.93139399 44.459
  85 201.088726  63.969386    25.924    25.932 12 55496.84702786 47.273
  86 201.087827  63.969941    25.535    25.567 12 55506.76266404 48.392
  87 201.090721  63.972561    26.536    26.516 13 55516.67831497 38.289
  88 201.092530  63.974566    26.777    26.738 13 55526.59396480 35.676
  89 201.088855  63.974588    26.630    26.609 13 55536.50961196 30.933
  90 201.090349  63.975117    26.217    26.174 12 55546.42525746 29.526
  91 201.092361  63.976029    26.273    26.260 13 55556.34090127 23.911
  92 201.091941  63.976578    26.479    26.488 13 55566.25654398 23.438
  93 201.089507  63.975701    26.514    26.345 13 55576.17218576 19.920
  94 201.091383  63.974281    26.277    26.251 13 55586.08782607 16.548
  95 201.089487  63.971569    26.229    26.253 13 55596.00346269 16.799
  96 201.086605  63.969550    26.456    26.398 12 55605.91909615 16.622
  97 201.086525  63.969257    25.929    25.847 12 55615.83472787 18.018
  98 201.090443  63.971090    26.394    26.152 13 55625.75036988 17.875
  99 201.090089  63.971962    25.930    25.908 13 55635.66602193 17.093
 100 201.091161  63.972105    25.373    25.344 13 55645.58167193 20.875
 101 201.090891  63.971280    25.848    25.843 13 55655.49731894 16.505
 102 201.087530  63.970103    25.994    25.883 13 55665.41296116 16.012
 104 201.092026  63.972492    27.034    25.871 13 55685.24423955 30.417
 105 201.090064  63.973052    28.164    28.172 13 55695.15987634 41.896
 106 201.087991  63.972745    29.413    29.335 13 55705.07551176 50.079
 107 201.090902  63.973435    31.666    31.679 12 55714.99115973 52.372
 108 201.088180  63.973518    30.044    30.030 13 55724.90680846 43.685
 109 201.090545  63.975063    29.461    29.355 13 55734.82245584 50.740
 110 201.091822  63.976247    30.358    30.395 13 55744.73810178 30.637
 111 201.090796  63.975696    30.258    30.115 13 55754.65374574 26.334
 112 201.091926  63.973753    29.470    29.518 13 55764.56938744 39.023
 113 201.089026  63.970622    29.810    29.757 13 55774.48502586 51.788
 114 201.097723  63.970910    29.858    29.833  8 55784.40066242 35.225
 115 201.088462  63.969869    29.332    29.230 13 55794.31629498 49.005
 116 201.090214  63.971654    29.226    29.142 13 55804.23193256 47.370
 117 201.096059  63.973705    28.916    28.772 11 55814.14758290 28.250
 118 201.089147  63.971348    29.530    29.836 13 55824.06322957 23.798
 119 201.085914  63.969087    75.818    75.990 12 55833.97887191 30.499
 120 201.087017  63.968598    28.149    27.973 12 55843.89451078 31.978
 121 201.088130  63.969816    27.033    26.929 12 55853.81014676 53.963
 122 201.092409  63.972623    26.195    26.169 13 55863.72578469 51.366
 123 201.089955  63.974220    25.165    25.180 12 55873.64143830 45.412
 124 201.092129  63.974779    26.525    26.522 13 55883.55708698 35.988
 125 201.089288  63.973609    26.509    26.524 13 55893.47272881 30.088
 126 201.090506  63.973255    26.389    26.323 13 55903.38836559 25.915
 127 201.090007  63.973796    26.386    26.419 12 55913.30400339 27.411
 128 201.090766  63.975670    26.692    26.687 12 55923.21965781 28.976
 129 201.091567  63.975959    26.587    26.595 13 55933.13530916 25.993
 130 201.090076  63.973578    26.380    26.409 12 55943.05095568 21.034
 131 201.090830  63.971016    27.747    27.967 13 55952.96659807 12.872
 132 201.089530  63.969714    26.721    26.371 12 55962.88223712 12.849
 133 201.089693  63.970985    28.647    28.598 13 55972.79787454 13.582
 134 201.089826  63.972856    27.571    27.614 13 55982.71351073 13.532
 135 201.092309  63.973255    27.910    27.458 13 55992.62914523 12.633
 136 201.090837  63.971826    28.945    28.974 13 56002.54479322 11.295
 137 201.087205  63.969428    28.353    28.061 12 56012.46044220 11.238
 138 201.085259  63.968906    28.416    28.242 12 56022.37608804 10.932
 139 201.092740  63.972280    30.732    30.694 13 56032.29173237  7.234
 140 201.092548  63.974820    26.424    25.754 13 56042.20737389 29.749
 141 201.090370  63.975640    27.876    27.860 12 56052.12301262 37.985
 142 201.091868  63.975168    30.215    30.099 13 56062.03864867 38.849
 143 201.091366  63.973416    29.392    29.343 13 56071.95428808 49.114
 144 201.090246  63.973262    31.272    31.229 12 56081.86993839 45.718
 145 201.089954  63.974334    31.049    30.993 12 56091.78558628 49.425
 146 201.090224  63.975682    30.513    30.519 12 56101.70123189 30.724
 147 201.089287  63.975128    29.737    29.704 13 56111.61686290 32.087
 148 201.092201  63.973359    30.630    30.621 13 56121.53250228 51.649
 149 201.085551  63.968960    29.761    29.754 12 56131.44813681 46.286
 150 201.086371  63.967733    29.584    29.574 11 56141.36377198 53.295
 151 201.089289  63.970360    29.033    28.976 13 56151.27942344 52.415
 152 201.089973  63.973148    28.610    28.631 13 56161.19507296 47.427
 153 201.088317  63.973876    28.518    28.354 13 56171.11072036 32.077
 154 201.089384  63.972706    29.206    29.161 13 56181.02636358 33.656
 155 201.089108  63.970575    28.866    28.833 13 56190.94200269 52.815
 156 201.088276  63.969554    77.271    77.195 12 56200.85763902 24.033
 157 201.092811  63.971698    28.468    28.350 12 56210.77327379 33.675
 158 201.091713  63.973428    27.809    27.767 13 56220.68890610 50.681
 159 201.090051  63.975234    26.912    26.930 13 56230.60455713 47.646
 160 201.090949  63.975564    26.789    26.770 13 56240.52021021 38.839
 161 201.090974  63.974831    28.154    28.361 13 56250.43585915 21.253
 162 201.091430  63.974076    27.233    27.263 13 56260.35150338 26.903
 163 201.089657  63.974017    27.703    27.601 13 56270.26714503 20.292
 164 201.088273  63.974164    26.924    26.936 13 56280.18278504 23.788
 165 201.089094  63.974817    27.765    28.111 13 56290.09843692 16.065
 166 201.090172  63.973659    27.387    27.254 12 56300.01408512 16.926
 167 201.088980  63.971364    28.295    28.243 13 56309.92972896 16.883
 168 201.088162  63.970185    28.733    29.040 13 56319.84537053 16.186
 169 201.088898  63.971435    28.766    28.818 13 56329.76101158 14.787
 170 201.088339  63.972968    28.678    28.698 13 56339.67665176 14.476
 171 201.090199  63.973743    28.764    28.723 13 56349.59228994 13.193
 172 201.087993  63.971760    28.923    28.899 13 56359.50792586 13.182
 173 201.089995  63.971122    29.256    29.205 12 56369.42357622 13.543
 175 201.091805  63.973771    29.883    29.984 13 56389.25486940 12.680
 176 201.088309  63.975262    28.836    28.923 13 56399.17051261 12.105
 177 201.102366  63.978891    29.227    29.222  8 56409.08615508 14.969
 178 201.091339  63.975849    28.945    28.990 13 56419.00179020 18.795
 179 201.088242  63.973504    30.694    31.294 13 56428.91742370 25.299
 180 201.091777  63.974388    28.777    27.758 13 56438.83307772 43.201
 181 201.091880  63.975029    31.955    31.912 13 56448.74872884 37.286
 182 201.091017  63.975324    32.514    32.453 13 56458.66437764 53.375
 183 201.091818  63.974838    30.720    30.531 13 56468.58002321 31.397
 184 201.088990  63.972996    30.266    30.133 13 56478.49566433 33.249
 185 201.090949  63.971736    29.436    29.162 13 56488.41130208 28.568
 186 201.101566  63.973127    29.854    29.781  8 56498.32693837 26.029
 187 201.088220  63.970629    29.247    29.189 13 56508.24257098 36.333
 188 201.090659  63.971837    28.689    28.649 13 56518.15821011 49.977
 189 201.102007  63.974969    28.377    28.029  9 56528.07386563 40.708
 190 201.088191  63.972306    28.685    28.582 13 56537.98951412 35.943
 191 201.091412  63.972519    28.667    28.398 13 56547.90516038 44.992
 192 201.090613  63.972943    28.720    28.645 12 56557.82080367 47.309
 193 201.090711  63.974227    27.904    27.852 12 56567.73644618 47.322
 194 201.091134  63.975750    27.974    27.486 13 56577.65208741 38.293
 195 201.091657  63.975967    28.290    28.177 13 56587.56772493 47.408
 196 201.088378  63.974625    27.380    27.287 13 56597.48336575 49.581
 197 201.090339  63.974712    26.211    26.197 13 56607.39901750 46.934
 198 201.091941  63.975016    25.624    25.624 13 56617.31466436 43.492
 199 201.089859  63.974610    26.829    26.835 13 56627.23030747 32.106
 200 201.090022  63.974151    26.703    26.703 12 56637.14594802 33.852
 201 201.091674  63.973194    26.948    26.939 13 56647.06158977 28.867
 202 201.091451  63.972472    26.943    26.930 13 56656.97724182 26.254
 203 201.091199  63.971952    27.252    26.925 13 56666.89288952 24.874
 204 201.091248  63.972592    26.816    26.772 13 56676.80853469 22.638
 205 201.088628  63.973076    27.226    26.817 13 56686.72417840 21.322
 206 201.091827  63.974056    27.724    27.558 13 56696.63982066 18.231
 207 201.091945  63.973217    28.173    28.501 13 56706.55545788 17.938
 208 201.091506  63.971844    27.455    27.605 13 56716.47109167 20.897
 209 201.090445  63.972521    28.434    28.808 13 56726.38674479 15.675
 210 201.091116  63.974459    28.267    28.610 13 56736.30239426 16.552
 211 201.089045  63.976063    28.370    28.576 13 56746.21804008 15.048
 212 201.090976  63.976888    27.833    28.334 13 56756.13368191 14.405
 213 201.090549  63.975623    27.003    26.735 12 56766.04931762 35.051
 214 201.088407  63.973960    28.015    26.473 13 56775.96495789 39.355
 215 201.090349  63.974990    28.845    28.809 12 56785.88061473 51.442
 216 201.092376  63.976541    30.561    30.404 13 56795.79626795 31.937
 217 201.090214  63.976746    29.858    29.847 13 56805.71191632 43.463
 218 201.090599  63.975636    29.625    29.534 13 56815.62755812 39.845
 219 201.092347  63.973806    30.175    30.016 13 56825.54319652 27.926
 220 201.090707  63.971521    30.163    30.152 13 56835.45883094 31.455
 221 201.088788  63.970556    30.624    30.660 12 56845.37446221 45.211
 222 201.087967  63.971784    30.391    30.312 13 56855.29010889 26.980
 223 201.091128  63.974063    30.641    30.680 13 56865.20576299 52.128
 224 201.089818  63.974214    29.918    29.874 13 56875.12141566 35.215
 225 201.090936  63.974087    29.972    29.694 13 56885.03706538 28.689
 226 201.089794  63.973418    29.122    29.130 13 56894.95271184 49.763
 227 201.088429  63.973895    29.750    29.200 13 56904.86835520 25.244
 228 201.092271  63.976428    29.163    29.143 13 56914.78399705 40.838
 229 201.090014  63.977404    28.665    28.593 13 56924.69963638 50.996
 230 201.090095  63.977261    28.740    28.286 13 56934.61527300 27.512
 231 201.089584  63.975141    27.569    27.557 13 56944.53090411 42.479
 232 201.089540  63.973749    27.252    27.274 13 56954.44655291 49.676
 233 201.091759  63.974079    26.897    26.836 13 56964.36220299 46.281
 234 201.091732  63.975177    27.642    27.671 13 56974.27784833 47.317
 235 201.091244  63.975884    27.629    27.622 13 56984.19348922 31.814
 236 201.091938  63.974785    28.018    27.978 13 56994.10912508 36.063
 237 201.088115  63.971295    27.530    27.504 13 57004.02476309 28.003
 238 201.089222  63.970260    27.465    27.481 13 57013.94041924 23.147
 239 201.090012  63.970929    27.873    27.512 13 57023.85607043 24.877
 240 201.091297  63.973580    27.907    27.902 13 57033.77171930 17.716
 241 201.089445  63.975067    27.875    27.789 13 57043.68736537 15.956
 242 201.090864  63.975238    28.227    27.990 12 57053.60300907 15.233
 243 201.089703  63.973059    28.550    28.511 13 57063.51864776 14.447
 244 201.087800  63.971167    34.750    36.858 13 57073.43428136 16.114
 245 201.091590  63.972046    29.528    28.707 13 57083.34991208 13.463
 246 201.089614  63.974525    28.999    28.835 13 57093.26556138 14.161
 247 201.090665  63.977581    28.411    28.288 12 57103.18121874 13.561
 248 201.090119  63.977910    29.385    29.257 13 57113.09687191 10.445
 249 201.092413  63.976480    30.541    30.476 13 57123.01251914  6.492
 250 201.089442  63.973890    27.045    26.625 13 57132.92816033 15.693
 251 201.089324  63.973063    27.749    26.941 13 57142.84379718 31.017
 252 201.089842  63.973781    29.209    29.195 13 57152.75943127 42.805
 253 201.090102  63.974069    30.202    30.156 13 57162.67506405 51.267
 254 201.089131  63.974112    31.305    31.358 13 57172.59072106 38.967
 255 201.091292  63.972955    30.049    30.073 13 57182.50637522 48.297
 256 201.089592  63.971025    29.223    29.013 13 57192.42202512 27.659
 257 201.095431  63.972392    28.612    28.484 10 57202.33767337 27.315
 258 201.089889  63.973254    28.611    28.564 13 57212.25330707 51.041
 259 201.089884  63.975084    29.424    28.863 13 57222.16895108 25.999
 260 201.088909  63.975013    29.245    28.730 13 57232.08459339 23.877
 261 201.088693  63.973735    28.652    28.545 13 57242.00023303 26.878
 262 201.092619  63.972952    28.857    28.805 13 57251.91587049 52.118
 263 201.090254  63.972583    29.026    28.811 12 57261.83150558 26.095
 264 201.091500  63.974326    30.191    30.223 13 57271.74713998 41.957
 265 201.089445  63.976649    29.646    29.561 13 57281.66279702 48.859
 266 201.091135  63.977649    29.485    29.432 12 57291.57845225 51.866
 267 201.090267  63.976091    29.090    28.914 12 57301.49410387 50.769
 268 201.092646  63.974492    29.299    28.918 13 57311.40975206 24.870
 269 201.088781  63.973108    27.591    27.494 13 57321.32539644 51.166
 270 201.090535  63.974475    27.240    27.220 13 57331.24103918 49.166
 271 201.090311  63.975693    26.481    26.472 12 57341.15667967 48.206
 272 201.088727  63.975561    26.677    26.652 13 57351.07233055 29.060
 273 201.092381  63.974243    27.051    27.039 13 57360.98797567 30.951
 274 201.087886  63.970967    27.353    27.329 13 57370.90361668 26.199
 275 201.090448  63.971078    27.867    27.864 13 57380.81925643 24.879
 276 201.092488  63.972945    28.067    28.004 13 57390.73489537 15.798
 277 201.091502  63.974203    28.041    27.945 13 57400.65053298 15.636
 278 201.090309  63.974083    28.110    28.064 12 57410.56617286 14.973
 279 201.090306  63.973671    28.186    28.243 13 57420.48182501 14.564
 280 201.092091  63.973916    28.631    28.624 13 57430.39747482 13.800
 281 201.090358  63.974668    27.842    27.681 13 57440.31312234 14.345
 282 201.091544  63.976706    27.944    27.914 13 57450.22876931 13.637
 283 201.089965  63.977501    27.852    27.795 12 57460.14441447 12.362
 284 201.088519  63.976591    29.037    29.612 13 57470.06005626 11.279
 285 201.092540  63.975256    29.384    29.146 13 57479.97569443 11.148
 286 201.088447  63.972398    28.127    27.918 13 57489.89132867 12.600
 287 201.088658  63.971228    26.392    26.393 13 57499.80696139 29.791
 288 201.089626  63.972081    28.017    27.999 13 57509.72260604 38.763
 289 201.089950  63.973483    29.515    29.532 13 57519.63826192 49.850
 290 201.091885  63.974275    30.886    30.859 13 57529.55391516 51.821
 291 201.091846  63.973307    29.874    29.947 13 57539.46956491 46.155
 292 201.089504  63.971751    29.688    29.690 13 57549.38521173 45.700
 293 201.090251  63.971819    29.318    29.348 13 57559.30085766 45.267
 294 201.090607  63.973216    29.263    29.232 12 57569.21650304 30.132
 295 201.089909  63.974526    29.342    29.295 12 57579.13214789 29.836
 296 201.088648  63.974853    30.001    30.057 13 57589.04779105 25.086
 297 201.090491  63.974817    30.239    30.249 13 57598.96343178 25.748
