-168299.831    -0.326     0.00    0.31
-168011.593    -0.298     0.10    0.28
-167723.372    -0.292     0.02    0.30
-167435.168    -0.616    -1.12    1.29
-167146.980    -1.740    -3.90    2.86
-166858.809    -2.952    -4.21    3.54
-166570.655    -4.176    -4.25    3.65
-166282.518    -5.216    -3.61    3.23
-165994.397    -6.123    -3.15    2.53
-165706.293    -6.496    -1.29    1.80
-165418.205    -6.422     0.26    1.47
-165130.135    -5.819     2.09    1.80
-164842.081    -5.014     2.79    2.28
-164554.043    -4.077     3.25    2.57
-164266.023    -3.121     3.32    2.72
-163978.019    -2.295     2.87    2.62
-163690.032    -1.544     2.61    2.30
-163402.061    -0.960     2.03    1.84
-163114.107    -0.373     2.04    0.83
-162826.170    -0.216     0.55    0.00
-162538.250    -0.216     0.00    0.00
-162250.346    -0.216     0.00    0.00
-161962.458    -0.216     0.00    0.00
-161674.588    -0.216     0.00    0.00
-161386.734    -0.216     0.00    0.00
-161098.897    -0.216     0.00    0.00
-160811.076    -0.216     0.00    0.00
-160523.272    -0.216     0.00    0.00
-160235.485    -0.216     0.00    0.00
-159947.714    -0.216     0.00    0.00
-159659.960    -0.216     0.00    0.00
-159372.223    -0.216     0.00    0.00
-159084.502    -0.216     0.00    0.00
-158796.798    -0.216     0.00    0.00
-158509.110    -0.216     0.00    0.00
-158221.439    -0.216     0.00    0.00
-157933.785    -0.216     0.00    0.00
-157646.147    -0.216     0.00    0.00
-157358.526    -0.216     0.00    0.00
-157070.922    -0.255    -0.14    0.36
-156783.334    -0.541    -1.00    1.03
-156495.763    -0.771    -0.80    1.32
-156208.208    -0.838    -0.23    1.36
-155920.670    -0.861    -0.08    1.37
-155633.148    -0.841     0.07    1.36
-155345.643    -0.795     0.16    1.36
-155058.155    -0.509     1.00    1.01
-154770.683    -0.293     0.75    0.51
-154483.228    -0.216     0.27    0.00
-154195.789    -0.216     0.00    0.00
-153908.367    -0.216     0.00    0.00
-153620.962    -0.216     0.00    0.00
-153333.573    -0.216     0.00    0.00
-153046.200    -0.581    -1.27    1.24
-152758.845    -1.008    -1.49    1.73
-152471.505    -1.324    -1.10    1.97
-152184.183    -1.563    -0.83    2.07
-151896.876    -1.629    -0.23    2.08
-151609.587    -1.657    -0.10    2.09
-151322.313    -1.668    -0.04    2.10
-151035.057    -1.617     0.17    2.08
-150747.817    -1.240     1.31    1.88
-150460.593    -1.208     0.11    1.89
-150173.386    -1.103     0.37    1.80
-149886.196    -0.840     0.92    1.55
-149599.022    -0.635     0.72    1.31
-149311.864    -0.401     0.81    0.76
-149024.723    -0.668    -0.93    1.20
-148737.599    -1.045    -1.31    1.53
-148450.491    -1.401    -1.24    1.73
-148163.399    -1.513    -0.39    1.77
-147876.324    -1.479     0.12    1.77
-147589.265    -1.392     0.31    1.75
-147302.223    -1.138     0.89    1.62
-147015.198    -0.966     0.60    1.49
-146728.189    -0.716     0.87    1.18
-146441.196    -0.528     0.65    0.80
-146154.220    -0.619    -0.32    0.76
-145867.260    -0.859    -0.84    0.90
-145580.317    -1.175    -1.10    0.98
-145293.390    -1.490    -1.10    0.92
-145006.480    -1.689    -0.69    0.84
-144719.586    -1.748    -0.21    0.81
-144432.709    -1.666     0.29    0.86
-144145.848    -1.414     0.88    0.96
-143859.004    -1.127     1.00    0.97
-143572.175    -0.836     1.02    0.89
-143285.364    -0.603     0.81    0.76
-142998.569    -0.384     0.76    0.53
-142711.790    -0.262     0.42    0.35
-142425.028    -0.208     0.19    0.39
-142138.282    -0.052     0.54    0.48
-141851.552     0.181     0.81    0.66
-141564.839     0.438     0.90    0.80
-141278.143     0.816     1.32    1.01
-140991.462     1.365     1.91    1.26
-140704.799     2.023     2.29    1.63
-140418.151     2.656     2.21    1.81
-140131.520     3.328     2.34    2.06
-139844.906     4.076     2.61    2.31
-139558.307     5.016     3.28    2.72
-139271.725     5.989     3.39    3.06
-138985.160     6.799     2.83    3.46
-138698.611     7.776     3.41    3.55
-138412.078     8.403     2.19    3.48
-138125.562     8.573     0.59    3.50
-137839.062     8.554    -0.07    3.59
-137552.578     8.562     0.03    3.60
-137266.111     8.582     0.07    3.42
-136979.660     8.838     0.89    3.64
-136693.226     9.300     1.61    3.82
-136406.808    10.276     3.41    4.18
-136120.406    11.698     4.97    4.51
-135834.021    12.911     4.24    4.69
-135547.652    13.606     2.43    4.77
-135261.299    13.745     0.49    4.63
-134974.962    13.599    -0.51    4.43
-134688.642    13.978     1.32    4.59
-134402.339    13.841    -0.48    4.54
-134116.051    13.641    -0.70    4.46
-133829.780    13.800     0.55    4.47
-133543.525    14.510     2.48    4.71
-133257.287    15.760     4.37    4.91
-132971.065    16.914     4.03    4.80
-132684.859    18.112     4.19    4.22
-132398.670    19.389     4.46    3.43
-132112.496    20.540     4.02    2.25
-131826.340    21.207     2.33    1.31
-131540.199    21.512     1.07    0.78
-131254.075    21.623     0.39    0.55
-130967.967    21.730     0.37    0.26
-130681.875    21.776     0.16    0.09
-130395.800    21.784     0.03    0.00
-130109.740    21.784     0.00    0.00
-129823.698    21.784     0.00    0.00
-129537.671    21.784     0.00    0.00
-129251.661    21.784     0.00    0.00
-128965.667    21.792     0.03    0.09
-128679.689    21.911     0.42    0.42
-128393.727    22.703     2.77    2.35
-128107.782    24.769     7.22    5.03
-127821.853    28.296    12.34    8.77
-127535.940    34.488    21.66   13.69
-127250.044    44.151    33.80   22.09
-126964.164    58.760    51.10   35.66
-126678.300    86.649    97.57   59.85
-126392.452   116.951   106.01   74.74
-126106.620   149.995   115.62   76.59
-125820.805   171.925    76.73   69.20
-125535.006   191.923    69.98   54.41
-125249.223   199.939    28.05   40.52
-124963.456   198.927    -3.54   34.71
-124677.706   192.260   -23.33   35.86
-124391.972   178.883   -46.82   38.98
-124106.254   164.857   -49.10   38.68
-123820.552   152.038   -44.87   31.37
-123534.866   142.999   -31.64   24.08
-123249.197   135.816   -25.15   20.12
-122963.544   130.362   -19.09   18.44
-122677.907   125.104   -18.41   17.95
-122392.286   117.451   -26.80   18.59
-122106.682   109.879   -26.51   18.72
-121821.093   103.907   -20.91   16.99
-121535.521    99.490   -15.47   14.54
-121249.965    96.824    -9.33   11.80
-120964.425    95.963    -3.02   11.04
-120678.901    97.815     6.49   13.30
-120393.394   101.358    12.41   14.93
-120107.902   104.558    11.21   15.48
-119822.427   105.073     1.80   14.98
-119536.968   105.524     1.58   14.08
-119251.525   103.942    -5.54   12.99
-118966.098   103.085    -3.00   11.23
-118680.688   101.745    -4.69    7.98
-118395.293   102.144     1.40    6.79
-118109.915   103.555     4.94    7.49
-117824.553   106.143     9.07    8.51
-117539.207   110.171    14.12   10.18
-117253.877   114.405    14.84   12.40
-116968.563   115.198     2.78   13.67
-116683.266   113.582    -5.66   15.59
-116397.984   110.506   -10.78   15.17
-116112.719   109.566    -3.30   14.40
-115827.469   108.897    -2.35   13.68
-115542.236   112.052    11.06   19.23
-115257.019   119.272    25.32   24.62
-114971.818   124.986    20.04   26.92
-114686.633   123.784    -4.21   29.43
-114401.464   117.329   -22.64   34.43
-114116.312   106.962   -36.36   37.62
-113831.175    94.808   -42.63   34.17
-113546.055    80.462   -50.32   20.91
-113260.950    73.044   -26.02   12.24
-112975.862    68.532   -15.83   11.17
-112690.790    65.534   -10.52   12.05
-112405.734    63.163    -8.32   12.16
-112120.694    61.091    -7.27   11.03
-111835.670    60.904    -0.66   10.11
-111550.662    61.584     2.39   11.10
-111265.670    63.428     6.47   13.22
-110980.694    64.074     2.27   13.46
-110695.734    62.824    -4.39   14.33
-110410.790    62.284    -1.90   16.67
-110125.863    60.526    -6.17   16.43
-109840.951    61.879     4.75   18.87
-109556.055    62.353     1.67   20.59
-109271.176    59.500   -10.02   21.15
-108986.312    58.730    -2.70   20.96
-108700.415    57.752    -3.42   19.92
-108411.979    57.435    -1.10   18.90
-108123.561    54.753    -9.30   14.96
-107835.159    50.639   -14.27   10.75
-107546.775    47.838    -9.71   10.58
-107258.409    46.413    -4.94   11.08
-106970.059    44.808    -5.57   11.00
-106681.727    44.205    -2.09   10.36
-106393.412    44.069    -0.47   10.34
-106105.114    46.689     9.09   12.62
-105816.834    50.340    12.66   14.66
-105528.571    54.687    15.08   14.23
-105240.325    58.094    11.82   13.87
-104952.096    60.416     8.06   13.62
-104663.885    63.260     9.87   13.54
-104375.691    66.288    10.51   13.89
-104087.514    67.316     3.57   14.24
-103799.354    69.361     7.10   15.67
-103511.212    74.428    17.58   18.63
-103223.086    81.475    24.46   21.57
-102934.978    89.592    28.17   21.76
-102646.888    94.435    16.81   19.08
-102358.814    94.082    -1.22   21.71
-102070.758    90.512   -12.40   30.29
-101782.718    83.592   -24.03   36.69
-101494.697    72.332   -39.09   42.22
-101206.692    58.753   -47.15   42.94
-100918.704    45.841   -44.84   38.50
-100630.734    34.321   -40.01   31.43
-100342.781    24.327   -34.71   22.41
-100054.845    18.508   -20.21   14.10
 -99766.926    15.389   -10.83    5.93
 -99479.024    15.378    -0.04    3.04
 -99191.140    16.948     5.45    3.87
 -98903.273    19.542     9.01    5.46
 -98615.422    22.955    11.86    7.31
 -98327.589    27.123    14.48    8.83
 -98039.774    32.729    19.48   10.71
 -97751.975    38.220    19.08   11.88
 -97464.194    45.735    26.12   13.63
 -97176.429    53.516    27.04   15.96
 -96888.682    62.494    31.20   20.15
 -96600.952    71.633    31.77   24.59
 -96313.239    83.296    40.54   27.73
 -96025.543    95.784    43.41   30.55
 -95737.865   111.440    54.42   37.25
 -95450.203   134.203    79.13   53.77
 -95162.559   163.544   102.01   68.64
 -94874.932   185.957    77.93   63.99
 -94587.321   196.252    35.80   55.38
 -94299.728   198.979     9.48   53.65
 -94012.152   193.115   -20.39   56.82
 -93724.594   184.857   -28.72   57.63
 -93437.052   176.241   -29.97   49.34
 -93149.527   167.112   -31.75   38.31
 -92862.020   163.494   -12.59   33.69
 -92574.529   165.296     6.27   33.21
 -92287.056   169.854    15.86   30.75
 -91999.600   176.832    24.28   30.62
 -91712.160   180.823    13.89   32.00
 -91424.738   184.589    13.10   29.61
 -91137.333   192.082    26.07   27.39
 -90849.945   196.690    16.03   21.64
 -90562.574   195.210    -5.15   23.06
 -90275.221   186.625   -29.88   30.39
 -89987.884   172.173   -50.30   35.62
 -89700.564   155.516   -57.98   38.58
 -89413.261   139.792   -54.73   38.60
 -89125.976   123.351   -57.23   33.77
 -88838.707   113.179   -35.41   30.46
 -88551.456   101.942   -39.12   25.70
 -88264.221    93.096   -30.80   23.01
 -87977.003    84.239   -30.84   21.07
 -87689.803    81.213   -10.54   20.83
 -87402.620    79.308    -6.63   20.85
 -87115.453    79.213    -0.33   21.19
 -86828.304    82.046     9.87   24.55
 -86541.171    90.596    29.78   27.72
 -86254.056    95.548    17.25   25.79
 -85966.958    94.856    -2.41   24.49
 -85679.876    90.597   -14.84   26.60
 -85392.812    84.435   -21.47   31.12
 -85105.765    74.841   -33.43   33.90
 -84818.734    59.536   -53.32   30.02
 -84531.721    46.776   -44.46   20.61
 -84244.724    36.937   -34.28   10.94
 -83957.745    31.078   -20.42    6.44
 -83670.782    28.131   -10.27    4.93
 -83383.837    25.558    -8.97    4.16
 -83096.908    23.379    -7.59    4.29
 -82809.997    22.168    -4.22    3.73
 -82523.102    21.605    -1.96    3.59
 -82236.225    22.373     2.68    4.64
 -81949.364    23.883     5.26    6.16
 -81662.520    26.179     8.00    7.04
 -81375.694    28.925     9.57    7.23
 -81088.884    32.115    11.12    6.37
 -80802.091    35.649    12.32    6.00
 -80515.315    39.688    14.08    6.91
 -80228.556    44.623    17.21   10.72
 -79941.814    49.587    17.31   13.48
 -79655.089    55.280    19.86   15.44
 -79368.381    62.654    25.72   15.94
 -79081.689    65.581    10.21   14.03
 -78795.015    64.759    -2.87   16.13
 -78508.357    57.429   -25.57   21.30
 -78221.717    47.151   -35.86   24.68
 -77935.093    35.494   -40.67   24.39
 -77648.487    23.674   -41.24   21.07
 -77361.897    13.704   -34.79   16.00
 -77075.324     5.882   -27.30   11.12
 -76788.768     1.308   -15.96    7.25
 -76502.228    -1.248    -8.92    4.74
 -76215.706    -1.434    -0.65    4.98
 -75929.201    -0.271     4.06    6.88
 -75642.712     1.120     4.86    7.63
 -75356.241     2.381     4.40    7.62
 -75069.786     3.257     3.06    7.28
 -74783.348     3.736     1.67    6.77
 -74496.927     3.186    -1.92    6.66
 -74210.523     1.841    -4.70    5.93
 -73924.135    -0.240    -7.27    2.99
 -73637.765    -1.051    -2.83    0.39
 -73351.411    -1.143    -0.32    0.26
 -73065.074    -1.113     0.11    0.31
 -72778.754    -1.013     0.35    0.40
 -72492.451    -0.872     0.49    0.48
 -72206.165    -0.708     0.57    0.50
 -71919.895    -0.552     0.55    0.47
 -71633.643    -0.305     0.86    0.46
 -71347.407    -0.010     1.03    0.57
 -71061.188     0.329     1.18    0.78
 -70774.986     0.712     1.34    1.01
 -70488.801     0.934     0.78    1.20
 -70202.632     0.857    -0.27    1.66
 -69916.480     0.443    -1.45    2.16
 -69630.345    -0.025    -1.64    2.50
 -69344.227    -0.373    -1.21    2.55
 -69058.126    -0.271     0.36    2.58
 -68772.041    -0.704    -1.51    2.65
 -68485.973    -1.249    -1.91    2.68
 -68199.922    -1.478    -0.80    2.56
 -67913.888    -1.538    -0.21    2.55
 -67627.871    -1.452     0.30    2.55
 -67341.870    -1.357     0.33    2.47
 -67055.886    -1.175     0.64    2.32
 -66769.919    -0.594     2.03    2.13
 -66483.969     0.066     2.31    1.67
 -66198.035     0.530     1.62    1.14
 -65912.118     0.729     0.69    0.90
 -65626.218     0.970     0.84    0.50
 -65340.335     1.075     0.37    0.54
 -65054.468     1.050    -0.09    0.62
 -64768.619     0.817    -0.81    1.11
 -64482.785     0.398    -1.46    1.61
 -64196.969    -0.082    -1.68    1.96
 -63911.169    -0.530    -1.57    2.11
 -63625.386    -0.970    -1.54    2.15
 -63339.620    -1.166    -0.69    2.05
 -63053.871    -0.851     1.10    2.27
 -62768.138    -0.145     2.47    2.69
 -62482.422     0.678     2.88    2.82
 -62196.723     1.745     3.73    2.86
 -61911.040     2.752     3.53    2.41
 -61625.374     3.366     2.15    1.87
 -61339.725     3.509     0.50    1.46
 -61054.092     3.305    -0.71    1.66
 -60768.477     2.353    -3.33    2.44
 -60482.877     1.170    -4.14    2.93
 -60197.295    -0.019    -4.16    2.88
 -59911.729    -0.591    -2.00    2.62
 -59626.180    -0.411     0.63    3.20
 -59340.648     0.833     4.36    5.33
 -59055.132     2.603     6.20    7.40
 -58769.633     6.101    12.25    9.83
 -58484.150     7.652     5.43    9.94
 -58198.685     7.737     0.30    9.87
 -57913.236     6.701    -3.63    8.35
 -57627.803     5.477    -4.29    7.30
 -57342.387     4.244    -4.32    5.93
 -57056.988     2.841    -4.92    4.31
 -56771.606     1.636    -4.23    2.70
 -56486.240     0.975    -2.32    1.37
 -56200.891     0.768    -0.72    1.14
 -55915.558     0.398    -1.30    0.90
 -55630.242     0.123    -0.97    0.71
 -55344.943    -0.006    -0.45    0.48
 -55059.660    -0.016    -0.03    0.42
 -54774.394     0.005     0.07    0.45
 -54489.144     0.068     0.22    0.62
 -54203.912     0.107     0.14    0.66
 -53918.695     0.158     0.18    0.62
 -53633.496     0.157    -0.00    0.63
 -53348.313     0.096    -0.22    0.62
 -53063.146    -0.014    -0.39    0.53
 -52777.996    -0.184    -0.60    0.44
 -52492.863    -0.555    -1.30    1.46
 -52207.746    -1.033    -1.68    2.07
 -51922.646    -1.760    -2.55    2.56
 -51637.563    -2.330    -2.00    2.70
 -51352.496    -2.808    -1.68    2.63
 -51067.445    -3.109    -1.06    2.48
 -50782.412    -3.151    -0.15    2.18
 -50497.394    -3.152    -0.01    1.94
 -50212.394    -2.852     1.05    1.51
 -49927.410    -2.570     0.99    1.14
 -49642.442    -2.200     1.30    0.58
 -49357.491    -1.996     0.71    0.47
 -49072.557    -1.928     0.24    0.63
 -48787.639    -1.937    -0.03    0.89
 -48502.737    -1.395     1.90    1.77
 -48217.853    -0.057     4.70    3.47
 -47932.984     2.875    10.29    7.08
 -47648.133     7.157    15.03   11.24
 -47363.297    13.689    22.93   16.19
 -47078.479    20.244    23.01   19.31
 -46792.205    25.296    17.65   19.54
 -46503.711    30.028    16.40   19.54
 -46215.236    31.982     6.78   17.38
 -45926.778    35.571    12.44   17.48
 -45638.338    37.573     6.94   16.97
 -45349.915    39.415     6.39   16.79
 -45061.511    42.395    10.33   16.95
 -44773.124    43.451     3.66   18.52
 -44484.755    42.276    -4.07   19.16
 -44196.404    39.186   -10.72   20.38
 -43908.071    33.420   -20.00   16.34
 -43619.755    26.913   -22.57   12.83
 -43331.457    23.438   -12.06   11.25
 -43043.177    20.591    -9.88    9.25
 -42754.914    18.992    -5.55    7.99
 -42466.670    18.157    -2.90    6.36
 -42178.443    18.115    -0.15    5.60
 -41890.234    19.408     4.49    7.25
 -41602.042    22.296    10.02    8.97
 -41313.868    25.751    11.99   10.51
 -41025.712    30.704    17.19   12.66
 -40737.574    37.498    23.58   14.86
 -40449.453    43.571    21.08   15.76
 -40161.351    47.912    15.07   15.76
 -39873.265    50.641     9.47   15.74
 -39585.198    50.147    -1.72   16.37
 -39297.148    48.205    -6.74   17.92
 -39009.116    43.953   -14.76   17.98
 -38721.102    38.544   -18.78   15.73
 -38433.105    36.379    -7.52   14.20
 -38145.126    33.940    -8.47   12.87
 -37857.165    33.703    -0.82   13.39
 -37569.221    33.720     0.06   13.70
 -37281.295    32.958    -2.65   12.84
 -36993.387    30.742    -7.69   11.32
 -36705.497    30.392    -1.22   10.75
 -36417.624    28.483    -6.63    8.78
 -36129.768    27.305    -4.09    6.75
 -35841.931    28.464     4.03    7.78
 -35554.111    31.378    10.12   11.87
 -35266.308    36.760    18.70   17.09
 -34978.524    43.312    22.77   21.04
 -34690.757    51.272    27.66   23.92
 -34403.007    59.689    29.25   24.39
 -34115.276    66.792    24.69   24.10
 -33827.561    76.112    32.39   26.22
 -33539.865    85.115    31.29   30.64
 -33252.186    94.000    30.89   31.81
 -32964.525    98.907    17.06   30.34
 -32676.881    98.871    -0.13   30.63
 -32389.255    95.609   -11.34   31.87
 -32101.647    87.420   -28.47   34.38
 -31814.056    73.276   -49.18   37.21
 -31526.482    59.440   -48.11   34.37
 -31238.927    46.816   -43.90   28.66
 -30951.389    37.568   -32.16   22.27
 -30663.868    29.784   -27.07   14.29
 -30376.365    24.167   -19.54    7.75
 -30088.880    21.886    -7.93    4.92
 -29801.412    20.284    -5.57    2.39
 -29513.962    19.581    -2.45    0.95
 -29226.530    19.546    -0.12    0.79
 -28939.115    19.677     0.45    0.79
 -28651.717    19.974     1.04    0.91
 -28364.337    20.414     1.53    1.05
 -28076.975    20.966     1.92    1.20
 -27789.630    21.478     1.78    1.15
 -27502.303    21.984     1.76    1.07
 -27214.993    22.338     1.23    0.89
 -26927.701    22.679     1.19    0.70
 -26640.426    23.138     1.60    1.10
 -26353.169    24.139     3.48    2.45
 -26065.929    25.488     4.70    3.44
 -25778.707    26.881     4.85    3.93
 -25491.503    28.456     5.49    3.89
 -25204.316    29.638     4.11    3.28
 -24917.146    30.632     3.46    2.37
 -24629.994    31.203     1.99    1.66
 -24342.859    31.162    -0.14    1.52
 -24055.742    30.920    -0.84    1.38
 -23768.643    30.445    -1.65    0.99
 -23481.561    30.213    -0.81    0.64
 -23194.496    30.215     0.01    0.92
 -22907.449    30.470     0.89    1.57
 -22620.419    31.198     2.54    2.19
 -22333.407    32.231     3.60    2.79
 -22046.413    33.542     4.57    3.24
 -21759.435    35.088     5.39    3.78
 -21472.476    36.532     5.03    4.03
 -21185.533    39.016     8.66    4.88
 -20898.609    41.784     9.65    6.16
 -20611.701    44.363     8.99    6.32
 -20324.811    46.768     8.38    6.19
 -20037.939    48.863     7.30    5.53
 -19751.084    50.473     5.61    5.00
 -19464.246    52.792     8.09    4.83
 -19177.426    55.641     9.93    5.87
 -18890.623    59.079    11.99    7.71
 -18603.838    63.792    16.43   10.11
 -18317.070    69.381    19.49   12.88
 -18030.320    77.536    28.44   16.73
 -17743.587    86.656    31.81   20.54
 -17456.871    97.719    38.59   26.28
 -17170.173   108.686    38.25   29.75
 -16883.492   117.784    31.74   29.18
 -16596.828   127.776    34.86   31.15
 -16310.182   133.467    19.86   30.53
 -16023.554   142.209    30.50   31.48
 -15736.943   150.284    28.17   31.90
 -15450.349   162.623    43.05   35.80
 -15163.772   174.736    42.27   35.51
 -14877.213   180.192    19.04   34.57
 -14590.671   177.970    -7.76   38.93
 -14304.147   168.697   -32.36   47.51
 -14017.640   152.252   -57.40   54.42
 -13731.150   130.344   -76.47   54.27
 -13444.678   108.970   -74.61   40.12
 -13158.223    90.701   -63.77   27.22
 -12871.785    78.526   -42.51   22.08
 -12585.365    68.768   -34.07   19.15
 -12298.962    60.530   -28.76   17.65
 -12012.577    54.178   -22.18   17.54
 -11726.209    46.784   -25.82   16.86
 -11439.858    37.842   -31.23   14.26
 -11153.524    32.284   -19.41   12.38
 -10867.208    27.899   -15.32   10.72
 -10580.909    24.032   -13.51    7.59
 -10294.627    22.406    -5.68    4.98
 -10008.363    23.222     2.85    6.15
  -9722.116    25.663     8.53    7.37
  -9435.886    28.300     9.21    7.60
  -9149.674    31.661    11.74    7.45
  -8863.479    34.570    10.16    6.27
  -8577.301    36.616     7.15    4.52
  -8291.141    37.742     3.94    3.28
  -8004.998    39.264     5.32    4.67
  -7718.872    41.979     9.49    7.40
  -7432.763    45.966    13.93   11.26
  -7146.672    54.871    31.13   21.21
  -6860.598    62.929    28.17   26.84
  -6574.541    72.768    34.39   31.03
  -6288.501    77.099    15.14   31.24
  -6002.479    76.882    -0.76   32.19
  -5716.474    73.284   -12.58   32.12
  -5430.486    66.205   -24.75   31.95
  -5144.516    56.743   -33.09   28.12
  -4858.562    46.199   -36.87   21.95
  -4572.626    38.117   -28.26   15.85
  -4286.707    31.429   -23.39   10.59
  -4000.806    26.552   -17.06   10.17
  -3714.921    22.594   -13.85   10.61
  -3429.054    18.842   -13.12   11.02
  -3143.204    14.978   -13.52   11.42
  -2857.372    12.200    -9.72   11.43
  -2571.556     8.599   -12.60   10.24
  -2285.758     6.578    -7.07    9.47
  -1999.977     4.158    -8.47    7.73
  -1714.213     1.842    -8.10    4.95
  -1428.467     1.028    -2.85    3.73
  -1142.737     0.090    -3.28    0.46
   -857.025     0.087    -0.01    0.46
   -571.330    -0.002    -0.31    0.41
   -285.652    -0.033    -0.11    0.39
      0.009     0.058     0.32    0.45
    285.652     0.208     0.52    0.50
    571.279     0.354     0.51    0.53
    856.888     0.534     0.63    0.71
   1142.480     0.960     1.49    1.05
   1428.055     1.510     1.93    1.28
   1713.612     2.088     2.02    1.38
   1999.153     2.574     1.70    1.37
   2284.676     3.148     2.01    1.13
   2570.182     3.631     1.69    0.87
   2855.671     3.987     1.25    0.68
   3141.143     4.148     0.56    0.65
   3426.598     4.109    -0.13    0.79
   3712.036     3.986    -0.43    0.91
   3997.456     3.907    -0.28    0.94
   4282.860     3.840    -0.23    0.99
   4568.246     3.971     0.46    1.04
   4853.615     4.082     0.39    1.00
   5138.967     4.252     0.59    0.99
   5424.302     4.489     0.83    0.91
   5709.620     4.752     0.92    0.74
   5994.920     4.921     0.59    0.62
   6280.204     4.991     0.24    0.55
   6565.471     5.062     0.25    0.50
   6850.720     5.134     0.25    0.48
   7135.952     5.159     0.09    0.49
   7421.167     5.221     0.22    0.50
   7706.366     5.321     0.35    0.53
   7991.547     5.374     0.19    0.56
   8276.711     5.427     0.18    0.61
   8561.858     5.361    -0.23    0.69
   8846.987     5.239    -0.43    0.80
   9132.100     5.179    -0.21    0.80
   9417.196     5.069    -0.39    0.78
   9702.275     4.919    -0.52    0.78
   9987.336     4.816    -0.36    0.76
  10272.381     4.751    -0.23    0.64
  10557.408     4.720    -0.11    0.55
  10842.419     4.600    -0.42    0.45
  11127.412     4.586    -0.05    0.40
  11412.389     4.625     0.14    0.37
  11697.348     4.662     0.13    0.33
  11982.290     4.685     0.08    0.30
  12267.216     4.697     0.04    0.28
  12552.124     4.743     0.16    0.20
  12837.015     4.809     0.23    0.16
  13121.889     4.832     0.08    0.21
  13406.747     4.865     0.12    0.27
  13691.587     4.882     0.06    0.30
  13976.410     4.895     0.05    0.32
  14261.216     4.859    -0.13    0.26
  14546.006     4.856    -0.01    0.26
  14830.778     4.832    -0.08    0.21
  15117.463     4.809    -0.08    0.16
  15406.009     4.808    -0.00    0.15
  15694.537     4.816     0.03    0.18
  15983.047     4.817     0.00    0.18
  16271.539     4.824     0.03    0.20
  16560.012     4.920     0.33    0.34
  16848.467     4.977     0.20    0.40
  17136.904     5.042     0.22    0.44
  17425.323     5.176     0.46    0.55
  17713.723     5.333     0.55    0.67
  18002.106     5.488     0.54    0.71
  18290.469     5.546     0.20    0.71
  18578.815     5.594     0.17    0.67
  18867.143     5.597     0.01    0.63
  19155.452     5.582    -0.05    0.58
  19443.743     5.576    -0.02    0.48
  19732.015     5.621     0.16    0.37
  20020.270     5.656     0.12    0.34
  20308.506     5.685     0.10    0.30
  20596.724     5.678    -0.03    0.31
  20884.924     5.648    -0.10    0.34
  21173.106     5.587    -0.21    0.40
  21461.269     5.503    -0.29    0.45
  21749.415     5.419    -0.29    0.48
  22037.542     5.359    -0.21    0.50
  22325.651     5.410     0.18    0.49
  22613.742     5.453     0.15    0.47
  22901.814     5.576     0.42    0.53
  23189.869     5.825     0.87    0.64
  23477.905     6.064     0.83    0.71
  23765.923     6.304     0.83    0.73
  24053.923     6.522     0.75    0.71
  24341.905     6.744     0.77    0.73
  24629.868     6.916     0.60    0.67
  24917.814     7.073     0.55    0.63
  25205.741     7.056    -0.06    0.65
  25493.650     7.018    -0.13    0.61
  25781.541     7.001    -0.06    0.51
  26069.414     6.912    -0.31    0.42
  26357.269     6.858    -0.19    0.26
  26645.105     6.792    -0.23    0.09
  26932.924     6.863     0.25    0.41
  27220.724     7.670     2.80    2.39
  27508.507     8.825     4.01    3.40
  27796.271    10.191     4.74    3.89
  28084.017    11.187     3.46    3.79
  28371.745    12.057     3.02    3.28
  28659.455    12.570     1.78    2.64
  28947.147    12.881     1.08    1.88
  29234.820    12.487    -1.37    1.62
  29522.476    11.904    -2.02    1.34
  29810.113    11.574    -1.15    0.99
  30097.733    11.330    -0.85    0.68
  30385.334    11.228    -0.35    0.62
  30672.918    11.147    -0.28    0.84
  30960.483    11.024    -0.43    1.01
  31248.030    10.760    -0.92    1.21
  31535.559    10.486    -0.95    1.28
  31823.070    10.145    -1.19    1.23
  32110.563     9.906    -0.83    1.21
  32398.039     9.607    -1.04    1.06
  32685.495     9.305    -1.05    0.81
  32972.934     9.139    -0.58    0.70
  33260.355     9.010    -0.45    0.55
  33547.758     8.866    -0.50    0.28
  33835.143     8.817    -0.17    0.18
  34122.510     8.784    -0.11    0.00
  34409.859     8.784     0.00    0.00
  34697.190     8.784     0.00    0.00
  34984.502     8.792     0.03    0.09
  35271.797     8.883     0.32    0.40
  35559.074     8.970     0.30    0.52
  35846.333     9.104     0.47    0.59
  36133.574     9.321     0.76    0.73
  36420.796     9.597     0.96    0.80
  36708.001     9.800     0.71    0.76
  36995.188     9.942     0.50    0.70
  37282.357    10.107     0.57    0.62
  37569.508    10.216     0.38    0.54
  37856.641    10.268     0.18    0.50
  38143.756    10.288     0.07    0.50
  38430.853    10.292     0.01    0.50
  38717.932    10.318     0.09    0.50
  39004.993    10.405     0.30    0.49
  39292.036    10.508     0.36    0.47
  39579.062    10.520     0.04    0.51
  39866.069    10.386    -0.47    0.49
  40153.058    10.236    -0.52    0.50
  40440.030    10.151    -0.30    0.48
  40726.983    10.061    -0.31    0.45
  41013.919    10.061     0.00    0.53
  41300.836    10.106     0.16    0.76
  41587.736    10.212     0.37    0.80
  41874.618    10.411     0.70    1.04
  42161.482    10.834     1.47    1.61
  42448.328    11.153     1.11    2.04
  42735.156    11.324     0.60    2.30
  43021.966    11.467     0.50    2.54
  43308.759    11.410    -0.20    2.67
  43595.533    11.244    -0.58    2.69
  43882.290    10.834    -1.43    2.47
  44169.028    10.402    -1.51    2.17
  44455.749    10.192    -0.73    1.96
  44742.452    10.131    -0.21    1.88
  45029.137    10.256     0.43    1.94
  45315.804    10.744     1.70    2.25
  45602.454    11.451     2.47    2.51
  45889.085    12.532     3.77    3.09
  46175.699    13.927     4.87    3.52
  46462.295    14.919     3.46    3.29
  46748.873    15.686     2.68    3.12
  47035.433    15.960     0.96    2.98
  47321.975    15.553    -1.42    3.19
  47608.499    14.882    -2.34    3.61
  47895.006    13.633    -4.36    3.50
  48181.495    12.176    -5.09    2.60
  48467.966    11.112    -3.71    2.01
  48754.419    10.139    -3.40    1.50
  49040.854     9.417    -2.52    1.19
  49327.272     8.833    -2.04    0.97
  49613.672     8.490    -1.20    0.79
  49900.053     8.209    -0.98    0.60
  50186.418     8.007    -0.70    0.42
  50472.764     7.890    -0.41    0.31
  50759.092     7.826    -0.22    0.20
  51045.403     7.800    -0.09    0.13
  51331.696     7.784    -0.06    0.00
  51617.971     7.784     0.00    0.00
  51904.229     7.784     0.00    0.00
  52190.469     7.784     0.00    0.00
  52476.690     7.784     0.00    0.00
  52762.895     7.784     0.00    0.00
  53049.081     7.784     0.00    0.00
  53335.250     7.784     0.00    0.00
  53621.400     7.784     0.00    0.00
  53907.534     7.784     0.00    0.00
  54193.649     7.784     0.00    0.00
  54479.747     7.784     0.00    0.00
  54765.827     7.784     0.00    0.00
  55051.889     7.826     0.15    0.24
  55337.933     8.288     1.62    1.36
  55623.960     9.062     2.70    2.20
  55909.969     9.919     3.00    2.65
  56195.960    10.922     3.51    2.84
  56481.934    12.028     3.87    2.87
  56767.890    13.429     4.90    2.68
  57053.828    15.540     7.38    4.03
  57339.748    19.459    13.70   10.16
  57625.651    25.917    22.59   19.40
  57911.536    39.874    48.82   38.17
  58197.404    57.288    60.92   53.03
  58483.253    70.032    44.58   54.44
  58769.086    81.556    40.32   52.71
  59054.900    87.395    20.43   46.20
  59340.697    96.392    31.48   38.99
  59626.476   104.207    27.34   37.03
  59912.237   109.808    19.60   37.11
  60197.981   117.974    28.58   40.01
  60483.707   132.671    51.44   37.24
  60769.415   140.649    27.92   31.58
  61055.106   143.634    10.45   31.08
  61340.779   132.899   -37.58   42.36
  61626.435   115.530   -60.80   50.84
  61912.072    95.710   -69.39   52.85
  62197.693    75.631   -70.30   48.26
  62483.295    57.824   -62.35   34.92
  62768.880    43.511   -50.12   18.63
  63054.448    36.956   -22.95    9.69
  63339.997    34.760    -7.69    8.18
  63625.529    34.040    -2.52   11.13
  63911.044    33.889    -0.53   18.59
  64196.541    31.224    -9.33   25.01
  64482.020    26.858   -15.29   27.25
  64767.482    23.324   -12.38   28.51
  65052.926    17.288   -21.15   21.67
  65338.352    11.884   -18.93   12.46
  65623.761    10.002    -6.59   10.12
  65909.153     8.373    -5.71    6.27
  66194.526     7.792    -2.03    5.83
  66479.882     7.776    -0.06    5.74
  66765.221     7.093    -2.39    5.46
  67050.542     6.351    -2.60    5.23
  67335.846     5.494    -3.00    4.80
  67621.132     4.881    -2.15    4.24
  67906.400     4.538    -1.20    3.78
  68191.651     4.905     1.29    3.85
  68476.884     5.542     2.23    4.43
  68762.100     6.651     3.89    5.29
  69047.298     8.387     6.09    5.70
  69332.479     9.906     5.33    5.44
  69617.642    10.751     2.96    4.80
  69902.787    10.239    -1.79    5.28
  70187.915     9.841    -1.40    5.39
  70473.026     9.559    -0.99    5.45
  70758.119     8.562    -3.50    5.26
  71043.194     7.817    -2.61    4.83
  71328.252     7.503    -1.10    4.77
  71613.293     7.210    -1.03    4.68
  71898.316     6.532    -2.38    4.71
  72183.321     5.584    -3.33    3.98
  72468.309     5.387    -0.69    3.53
  72753.280     5.098    -1.01    3.04
  73038.233     5.313     0.75    2.60
  73323.168     5.421     0.38    2.48
  73608.086     5.571     0.53    2.28
  73892.987     5.509    -0.22    2.32
  74177.870     5.443    -0.23    2.37
  74462.736     5.417    -0.09    2.39
  74747.584     5.591     0.61    2.34
  75032.415     5.775     0.65    2.17
  75317.228     6.103     1.15    1.90
  75602.024     6.732     2.21    0.67
