-138055.833   642.232     0.00   35.00
-137769.563   644.021     6.25   38.09
-137483.288   642.767    -4.38   37.97
-137197.009   642.782     0.06   35.69
-136910.725   641.465    -4.60   35.12
-136624.437   632.683   -30.67   37.31
-136338.144   620.468   -42.67   40.53
-136051.847   608.716   -41.05   44.25
-135765.545   595.204   -47.20   46.25
-135479.238   581.656   -47.32   48.60
-135192.927   565.475   -56.51   49.59
-134906.611   549.361   -56.28   48.17
-134620.290   541.228   -28.40   42.56
-134333.966   541.271     0.15   36.65
-134047.636   543.457     7.64   28.83
-133761.302   547.405    13.79   25.61
-133474.963   554.426    24.52   25.60
-133188.620   564.283    34.42   26.81
-132902.272   574.058    34.14   30.87
-132615.920   585.252    39.09   35.64
-132329.563   597.372    42.33   39.44
-132043.201   610.004    44.11   41.92
-131756.835   620.863    37.92   45.34
-131470.464   631.656    37.69   49.92
-131184.089   636.297    16.20   55.82
-130897.709   638.113     6.34   60.10
-130611.324   630.311   -27.24   67.16
-130324.935   618.688   -40.58   73.04
-130038.542   602.621   -56.10   77.20
-129752.143   581.496   -73.76   79.66
-129465.741   562.654   -65.79   76.69
-129179.333   548.447   -49.60   70.66
-128892.921   540.613   -27.35   62.54
-128606.505   541.402     2.75   58.71
-128320.084   546.315    17.16   53.46
-128033.658   553.255    24.23   47.25
-127747.227   559.539    21.94   40.74
-127460.793   558.327    -4.23   40.84
-127174.353   552.828   -19.20   46.73
-126887.909   540.382   -43.45   52.99
-126601.460   522.371   -62.88   57.63
-126315.007   508.940   -46.89   58.07
-126028.549   490.140   -65.63   58.45
-125742.087   470.525   -68.47   59.90
-125455.620   451.727   -65.62   63.99
-125169.148   433.594   -63.30   68.84
-124882.672   411.765   -76.20   72.73
-124596.191   395.306   -57.45   71.64
-124309.706   379.572   -54.92   66.81
-124023.216   371.982   -26.49   62.60
-123736.722   365.329   -23.22   60.54
-123450.223   358.154   -25.04   57.85
-123163.719   352.968   -18.10   56.27
-122877.211   351.425    -5.38   54.86
-122590.698   348.227   -11.16   55.48
-122304.180   345.230   -10.46   55.99
-122017.658   339.193   -21.07   58.17
-121731.132   330.885   -28.99   61.22
-121444.600   317.055   -48.27   62.73
-121158.065   309.323   -26.98   58.12
-120871.524   310.761     5.02   62.19
-120584.979   314.315    12.40   69.15
-120298.430   319.632    18.56   77.68
-120011.875   322.759    10.91   83.65
-119725.317   333.168    36.32   91.69
-119438.753   339.536    22.22   95.90
-119152.185   340.561     3.58   95.92
-118865.613   339.132    -4.99   93.93
-118579.036   335.618   -12.26   89.08
-118292.454   330.292   -18.59   81.43
-118005.868   327.408   -10.06   77.46
-117719.277   322.539   -16.99   72.47
-117432.681   311.687   -37.86   66.21
-117146.081   297.603   -49.14   62.98
-116859.476   283.511   -49.17   59.39
-116572.867   271.125   -43.21   51.16
-116286.253   264.134   -24.39   43.77
-115999.635   268.334    14.65   44.51
-115713.012   273.538    18.16   45.38
-115426.384   288.311    51.54   53.37
-115139.752   312.257    83.54   59.29
-114853.115   339.081    93.58   59.87
-114566.473   364.297    87.97   54.07
-114279.827   388.114    83.09   39.91
-113993.177   404.521    57.23   28.81
-113706.521   414.557    35.01   25.35
-113419.862   417.855    11.50   31.81
-113133.197   418.797     3.29   38.08
-112846.528   416.024    -9.67   45.83
-112559.854   416.808     2.74   46.32
-112273.176   418.611     6.29   43.85
-111986.493   422.032    11.93   38.49
-111699.806   426.227    14.63   32.12
-111413.114   428.968     9.56   24.92
-111126.417   430.285     4.59   18.95
-110839.716   428.961    -4.62   14.65
-110553.010   423.897   -17.66   15.60
-110266.300   416.418   -26.09   19.21
-109979.585   406.117   -35.93   23.69
-109692.865   395.600   -36.68   27.89
-109406.141   382.072   -47.18   33.99
-109119.412   366.898   -52.92   38.10
-108832.678   351.301   -54.39   38.23
-108545.940   335.777   -54.14   34.01
-108259.198   323.046   -44.40   26.55
-107972.450   313.426   -33.55   17.55
-107685.698   307.898   -19.28    9.81
-107398.942   304.531   -11.74    3.80
-107112.181   302.940    -5.55    3.69
-106825.415   301.154    -6.23    4.41
-106538.645   298.815    -8.15    4.54
-106251.870   296.308    -8.74    4.49
-105965.090   293.718    -9.03    4.63
-105678.306   291.238    -8.65    4.62
-105391.518   289.096    -7.47    4.42
-105104.724   286.961    -7.44    4.21
-104817.926   285.208    -6.11    3.93
-104531.124   283.541    -5.81    3.55
-104244.317   282.060    -5.16    3.31
-103957.505   280.869    -4.15    3.35
-103670.689   279.661    -4.21    3.33
-103383.868   278.288    -4.79    3.28
-103097.042   277.125    -4.05    3.12
-102810.212   275.850    -4.44    2.78
-102523.377   274.618    -4.29    2.56
-102236.538   273.507    -3.87    2.42
-101949.694   272.521    -3.44    2.10
-101662.845   271.730    -2.76    1.84
-101375.992   271.131    -2.09    1.65
-101089.134   270.489    -2.24    1.26
-100802.272   270.110    -1.32    1.26
-100515.404   269.860    -0.87    1.48
-100228.533   269.304    -1.94    1.92
 -99941.657   268.757    -1.91    2.09
 -99654.776   268.121    -2.22    2.10
 -99367.890   267.702    -1.46    2.21
 -99081.000   269.625     6.70    9.72
 -98794.105   274.828    18.14   19.58
 -98507.206   281.954    24.84   25.99
 -98220.467   292.934    38.29   33.79
 -97934.473   308.989    56.14   41.77
 -97648.475   327.846    65.93   48.20
 -97362.473   347.688    69.38   53.46
 -97076.467   367.536    69.40   57.27
 -96790.457   391.754    84.67   58.61
 -96504.443   411.934    70.55   52.72
 -96218.426   425.313    46.78   44.95
 -95932.405   429.240    13.73   47.64
 -95646.379   416.047   -46.12   64.13
 -95360.350   393.623   -78.40   77.80
 -95074.318   371.260   -78.18   77.87
 -94788.281   350.750   -71.70   67.23
 -94502.240   331.839   -66.11   49.23
 -94216.196   319.601   -42.78   34.02
 -93930.148   312.580   -24.55   25.24
 -93644.096   306.618   -20.84   27.63
 -93358.040   299.497   -24.90   32.12
 -93071.980   290.823   -30.32   36.21
 -92785.917   276.845   -48.86   35.12
 -92499.849   264.285   -43.90   32.88
 -92213.778   254.975   -32.54   31.21
 -91927.703   243.917   -38.65   30.83
 -91641.624   231.738   -42.57   30.99
 -91355.541   220.822   -38.16   29.02
 -91069.455   214.376   -22.53   25.55
 -90783.364   213.397    -3.42   26.48
 -90497.270   218.182    16.73   37.17
 -90211.172   231.803    47.61   53.75
 -89925.070   255.975    84.49   70.20
 -89638.964   286.472   106.59   81.94
 -89352.854   318.499   111.94   85.01
 -89066.740   354.235   124.90   80.62
 -88780.623   388.619   120.17   73.19
 -88494.502   417.374   100.50   63.48
 -88208.377   440.004    79.09   55.06
 -87922.248   449.522    33.26   48.38
 -87636.115   446.996    -8.83   50.15
 -87349.978   431.448   -54.34   58.12
 -87063.838   410.598   -72.86   62.24
 -86777.693   385.920   -86.24   61.91
 -86491.545   356.961  -101.20   56.04
 -86205.393   334.436   -78.72   48.49
 -85919.237   312.098   -78.06   40.20
 -85633.078   293.044   -66.58   35.87
 -85346.914   276.519   -57.75   30.22
 -85060.747   264.982   -40.32   25.36
 -84774.575   254.402   -36.97   21.71
 -84488.400   243.062   -39.63   20.83
 -84202.221   232.232   -37.84   20.42
 -83916.038   222.299   -34.71   21.22
 -83629.852   214.893   -25.88   21.20
 -83343.661   207.769   -24.89   19.37
 -83057.467   202.322   -19.03   16.72
 -82771.268   197.297   -17.56   15.42
 -82485.066   193.231   -14.21   14.36
 -82198.860   189.313   -13.69   12.44
 -81912.650   186.954    -8.24   11.26
 -81626.437   184.342    -9.13   10.82
 -81340.219   182.009    -8.15   12.06
 -81053.998   179.151    -9.98   13.27
 -80767.773   177.436    -5.99   16.64
 -80481.544   175.911    -5.33   19.02
 -80195.311   174.018    -6.62   20.69
 -79909.074   170.788   -11.28   19.22
 -79622.833   167.682   -10.85   16.44
 -79336.589   165.213    -8.63   12.64
 -79050.340   163.190    -7.07    9.91
 -78764.088   161.869    -4.61    9.03
 -78477.832   160.454    -4.94    8.57
 -78191.572   159.080    -4.80    7.83
 -77905.309   156.757    -8.11    6.03
 -77619.041   155.240    -5.30    4.53
 -77332.769   154.730    -1.78    4.80
 -77046.494   154.599    -0.46    5.21
 -76760.215   155.167     1.98    6.19
 -76473.932   155.925     2.65    7.46
 -76187.645   155.989     0.22    7.91
 -75901.354   155.676    -1.10    7.78
 -75615.060   154.933    -2.59    7.51
 -75328.761   153.379    -5.43    5.93
 -75042.459   151.479    -6.64    6.36
 -74756.153   148.372   -10.85    8.30
 -74469.843   145.700    -9.33    9.72
 -74183.529   144.057    -5.74   11.60
 -73897.211   144.064     0.02   14.68
 -73610.889   145.444     4.82   17.42
 -73324.564   147.004     5.45   19.01
 -73038.234   149.847     9.93   19.17
 -72751.901   152.140     8.01   17.41
 -72465.564   151.669    -1.64   15.86
 -72179.223   153.063     4.87   14.06
 -71892.879   155.413     8.20   17.59
 -71606.530   160.968    19.40   25.71
 -71320.177   170.770    34.23   35.44
 -71033.821   182.074    39.48   38.78
 -70747.461   193.010    38.19   35.74
 -70461.097   201.837    30.82   30.89
 -70174.729   207.331    19.19   26.88
 -69888.357   209.788     8.58   23.49
 -69601.981   208.875    -3.19   19.48
 -69315.602   204.354   -15.79   17.04
 -69029.219   197.961   -22.32   16.57
 -68742.831   191.913   -21.12   17.81
 -68456.440   183.968   -27.74   19.36
 -68170.045   176.354   -26.58   19.11
 -67883.646   168.362   -27.90   18.15
 -67597.244   160.457   -27.60   15.60
 -67310.837   154.642   -20.31   12.99
 -67024.427   151.849    -9.75   14.07
 -66738.012   152.154     1.07   17.25
 -66451.594   154.776     9.15   20.14
 -66165.172   156.878     7.34   21.66
 -65878.746   156.268    -2.13   24.48
 -65592.317   151.482   -16.71   27.70
 -65305.883   142.868   -30.07   30.64
 -65019.446   131.392   -40.07   31.66
 -64733.004   116.893   -50.62   30.31
 -64446.559   108.416   -29.59   25.84
 -64160.110   106.961    -5.08   28.45
 -63873.657   111.067    14.33   35.31
 -63587.200   119.060    27.90   41.47
 -63300.740   130.355    39.43   44.68
 -63014.275   143.996    47.62   41.34
 -62727.807   157.934    48.65   33.44
 -62441.335   166.906    31.32   26.25
 -62154.858   173.454    22.86   18.76
 -61868.379   176.755    11.52   13.64
 -61581.895   177.432     2.36   12.46
 -61295.407   177.288    -0.51   14.26
 -61008.915   174.744    -8.88   17.55
 -60722.420   171.342   -11.87   19.62
 -60435.921   168.870    -8.63   19.98
 -60149.417   162.594   -21.91   21.08
 -59862.910   153.677   -31.12   23.86
 -59576.399   144.245   -32.92   25.25
 -59289.885   134.036   -35.63   25.57
 -59003.366   126.119   -27.63   23.26
 -58716.843   122.322   -13.25   20.92
 -58430.317   119.297   -10.56   16.52
 -58143.787   121.209     6.67   16.56
 -57857.253   124.587    11.79   16.66
 -57570.715   128.989    15.36   15.53
 -57284.173   134.451    19.06   14.25
 -56997.627   139.716    18.37   11.57
 -56711.077   143.576    13.47    9.58
 -56424.524   145.637     7.19    9.28
 -56137.967   145.475    -0.57   10.93
 -55851.405   144.160    -4.59   13.30
 -55564.840   139.489   -16.30   17.53
 -55278.271   135.009   -15.63   20.00
 -54991.698   131.132   -13.53   20.56
 -54705.122   126.004   -17.90   18.86
 -54418.541   123.240    -9.65   18.36
 -54131.957   122.515    -2.53   18.66
 -53845.368   124.142     5.68   21.34
 -53558.776   128.737    16.03   25.94
 -53272.180   134.784    21.10   29.60
 -52985.580   140.003    18.21   31.75
 -52698.976   148.299    28.95   32.78
 -52412.369   156.414    28.31   31.79
 -52125.757   162.061    19.70   29.59
 -51839.142   162.099     0.13   27.23
 -51552.522   162.009    -0.31   22.93
 -51265.899   160.134    -6.54   19.07
 -50979.272   155.575   -15.90   17.23
 -50692.641   150.069   -19.21   19.62
 -50406.006   140.695   -32.70   25.94
 -50119.368   122.865   -62.20   42.20
 -49832.725   101.213   -75.54   52.10
 -49546.079    78.723   -78.46   52.31
 -49259.428    63.110   -54.47   44.53
 -48972.774    55.647   -26.04   38.64
 -48686.116    57.068     4.96   39.80
 -48399.454    68.504    39.89   45.22
 -48112.788    84.520    55.87   44.67
 -47826.119   101.216    58.24   40.39
 -47539.445   117.458    56.65   34.20
 -47252.768   131.933    50.49   35.53
 -46966.086   143.347    39.81   37.45
 -46679.401   150.903    26.36   38.76
 -46392.712   155.113    14.68   43.85
 -46106.019   160.397    18.43   46.03
 -45819.322   163.165     9.66   43.24
 -45532.621   166.113    10.28   37.55
 -45245.917   170.652    15.83   34.17
 -44959.208   176.754    21.28   32.49
 -44672.496   184.025    25.36   32.73
 -44385.780   195.208    39.00   32.84
 -44099.060   206.242    38.48   34.45
 -43812.336   216.778    36.74   37.54
 -43525.608   229.193    43.30   39.02
 -43238.876   241.344    42.38   41.33
 -42952.140   255.321    48.74   42.59
 -42665.401   274.402    66.54   44.55
 -42378.657   294.043    68.50   45.52
 -42091.910   313.104    66.47   47.58
 -41805.159   332.656    68.18   50.67
 -41518.404   347.554    51.95   52.29
 -41231.645   358.761    39.08   53.96
 -40944.882   367.725    31.26   54.62
 -40658.116   382.357    51.02   61.44
 -40371.345   393.783    39.84   61.84
 -40084.571   406.299    43.64   65.12
 -39797.792   419.278    45.26   68.65
 -39511.010   428.578    32.43   70.42
 -39224.224   437.447    30.93   69.26
 -38937.434   450.179    44.40   69.99
 -38650.640   462.816    44.06   68.65
 -38363.842   481.727    65.94   71.63
 -38077.041   508.395    92.98   76.72
 -37790.235   539.606   108.82   78.77
 -37503.426   566.647    94.28   67.59
 -37216.613   580.975    49.96   54.72
 -36929.795   580.739    -0.82   53.49
 -36642.974   562.499   -63.59   70.45
 -36356.331   529.283  -115.88   86.33
 -36070.258   488.607  -142.19   91.80
 -35784.182   448.741  -139.35   83.76
 -35498.103   411.245  -131.07   67.00
 -35212.021   381.581  -103.69   52.50
 -34925.936   359.672   -76.58   42.07
 -34639.847   343.551   -56.35   36.29
 -34353.756   330.051   -47.19   33.94
 -34067.661   318.885   -39.03   32.62
 -33781.564   307.392   -40.17   33.00
 -33495.463   297.264   -35.40   35.27
 -33209.359   284.637   -44.13   39.35
 -32923.251   267.160   -61.09   38.30
 -32637.141   250.046   -59.82   35.31
 -32351.028   233.742   -56.98   31.00
 -32064.911   219.626   -49.34   25.13
 -31778.791   207.544   -42.22   20.67
 -31492.669   197.426   -35.36   19.50
 -31206.543   187.236   -35.62   21.64
 -30920.413   177.743   -33.18   23.02
 -30634.281   169.585   -28.51   23.21
 -30348.146   162.330   -25.36   23.02
 -30062.007   154.079   -28.83   19.78
 -29775.866   148.093   -20.92   16.97
 -29489.721   145.360    -9.55   16.56
 -29203.573   145.149    -0.74   17.75
 -28917.422   146.117     3.38   17.42
 -28631.268   147.252     3.97   16.36
 -28345.111   147.468     0.76   13.96
 -28058.950   146.391    -3.77   12.23
 -27772.787   143.409   -10.42   12.06
 -27486.620   140.465   -10.29   12.68
 -27200.450   137.934    -8.84   14.15
 -26914.277   134.884   -10.66   14.92
 -26628.101   130.791   -14.30   16.30
 -26341.922   125.547   -18.32   17.77
 -26055.739   118.841   -23.43   19.32
 -25769.554   110.109   -30.51   19.96
 -25483.365   100.248   -34.46   19.14
 -25197.173    89.776   -36.59   19.03
 -24910.978    81.002   -30.66   19.22
 -24624.780    72.919   -28.24   18.19
 -24338.579    64.297   -30.13   16.95
 -24052.375    57.025   -25.41   14.91
 -23766.167    49.839   -25.11   11.61
 -23479.957    44.200   -19.70    8.31
 -23193.743    40.050   -14.50    6.10
 -22907.526    37.194    -9.98    4.79
 -22621.306    35.016    -7.61    3.73
 -22335.083    33.347    -5.83    2.96
 -22048.857    32.054    -4.52    2.39
 -21762.627    31.561    -1.72    2.16
 -21476.395    31.256    -1.07    2.21
 -21190.159    31.334     0.27    2.79
 -20903.920    31.485     0.53    3.07
 -20617.678    30.553    -3.26    4.71
 -20331.433    28.866    -5.89    6.77
 -20045.185    26.055    -9.82    8.41
 -19758.933    22.890   -11.06    9.24
 -19472.679    18.932   -13.82    8.85
 -19186.421    14.536   -15.36    7.04
 -18900.161    10.884   -12.76    4.95
 -18613.897     8.441    -8.53    4.42
 -18327.629     6.506    -6.76    3.88
 -18041.359     4.920    -5.54    2.94
 -17755.086     3.706    -4.24    1.68
 -17468.809     2.990    -2.50    0.75
 -17182.530     2.642    -1.21    0.49
 -16896.247     2.468    -0.61    0.50
 -16609.961     2.294    -0.61    0.47
 -16323.672     2.128    -0.58    0.37
 -16037.380     2.016    -0.39    0.21
 -15751.085     2.084     0.24    0.41
 -15464.786     2.423     1.18    0.87
 -15178.484     2.775     1.23    1.03
 -14892.180     3.032     0.90    1.00
 -14605.872     3.193     0.56    0.90
 -14319.561     3.216     0.08    0.88
 -14033.247     2.968    -0.87    0.98
 -13746.929     2.520    -1.57    1.09
 -13460.609     1.865    -2.29    1.21
 -13174.285     1.206    -2.30    1.18
 -12887.959     0.670    -1.87    1.11
 -12601.629     0.223    -1.56    0.97
 -12315.296    -0.109    -1.16    0.83
 -12028.959    -0.301    -0.67    0.75
 -11742.620    -0.442    -0.49    0.64
 -11456.278    -0.477    -0.12    0.63
 -11169.932    -0.556    -0.28    0.58
 -10883.583    -0.532     0.09    0.58
 -10597.232    -0.450     0.28    0.66
 -10310.877    -0.396     0.19    0.74
 -10024.518    -0.296     0.35    0.80
  -9738.157    -0.175     0.42    0.84
  -9451.793    -0.059     0.40    0.86
  -9165.425    -0.032     0.10    0.87
  -8879.054    -0.123    -0.32    0.86
  -8592.680    -0.130    -0.02    0.87
  -8306.303    -0.067     0.22    0.90
  -8019.923    -0.011     0.20    0.93
  -7733.540     0.046     0.20    0.96
  -7447.154     0.152     0.37    1.00
  -7160.764     0.288     0.47    1.01
  -6874.371     0.327     0.14    0.99
  -6587.975     0.359     0.11    0.99
  -6301.576     0.496     0.48    1.00
  -6015.174     0.770     0.96    0.93
  -5728.769     1.032     0.92    0.86
  -5442.360     1.330     1.04    0.72
  -5155.949     1.585     0.89    0.58
  -4869.534     1.794     0.73    0.42
  -4583.116     1.941     0.51    0.16
  -4296.695     1.968     0.10    0.00
  -4010.271     1.968     0.00    0.00
  -3723.844     1.961    -0.02    0.08
  -3437.413     1.904    -0.20    0.25
  -3150.979     1.811    -0.32    0.37
  -2864.543     1.697    -0.40    0.45
  -2578.103     1.591    -0.37    0.49
  -2291.660     1.485    -0.37    0.50
  -2005.214     1.349    -0.47    0.55
  -1718.764     1.240    -0.38    0.54
  -1432.312     1.147    -0.33    0.54
  -1145.856     0.961    -0.65    0.59
   -859.397     0.738    -0.78    0.62
   -572.935     0.561    -0.62    0.62
   -286.470     0.386    -0.61    0.58
     -0.002     0.356    -0.10    0.60
    286.469     0.492     0.47    0.78
    572.944     0.768     0.96    0.92
    859.422     1.118     1.22    0.94
   1145.902     1.436     1.11    0.84
   1432.386     1.805     1.29    0.70
   1718.873     2.132     1.14    0.49
   2005.364     2.357     0.78    0.49
   2291.857     2.512     0.54    0.51
   2578.354     2.737     0.78    0.55
   2864.853     3.010     0.95    0.54
   3151.356     3.238     0.80    0.51
   3437.862     3.405     0.58    0.50
   3724.371     3.581     0.61    0.54
   4010.884     3.826     0.86    0.60
   4297.399     4.031     0.71    0.65
   4583.918     4.274     0.85    0.67
   4870.440     4.503     0.80    0.67
   5156.965     4.737     0.82    0.71
   5443.493     4.954     0.76    0.77
   5730.024     5.195     0.84    0.75
   6016.558     5.419     0.78    0.68
   6303.096     5.582     0.57    0.70
   6589.636     5.746     0.57    0.70
   6876.180     5.800     0.19    0.77
   7162.727     5.656    -0.50    0.87
   7449.277     5.364    -1.02    0.96
   7735.830     4.812    -1.93    1.24
   8022.387     4.259    -1.93    1.42
   8308.946     3.699    -1.96    1.41
   8595.509     3.188    -1.78    1.25
   8882.075     2.794    -1.37    1.05
   9168.644     2.541    -0.89    0.78
   9455.216     2.444    -0.34    0.62
   9741.792     2.399    -0.16    0.54
  10028.370     2.384    -0.05    0.49
  10314.952     2.408     0.08    0.50
  10601.536     2.394    -0.05    0.50
  10888.124     2.382    -0.04    0.49
  11174.715     2.406     0.08    0.55
  11461.310     2.471     0.23    0.69
  11747.907     2.587     0.40    0.90
  12034.508     2.809     0.78    1.16
  12321.111     3.118     1.08    1.44
  12607.718     3.740     2.17    1.81
  12894.328     4.515     2.71    2.10
  13180.941     5.418     3.15    2.27
  13467.558     6.256     2.92    2.33
  13754.177     7.329     3.74    2.38
  14040.800     8.213     3.09    2.25
  14327.425     9.023     2.83    2.03
  14614.054     9.575     1.93    1.75
  14900.686    10.290     2.49    1.57
  15187.322    10.890     2.09    1.48
  15473.960    11.532     2.24    1.62
  15760.602    12.127     2.07    1.87
  16047.246    12.784     2.29    1.85
  16333.894    13.356     1.99    1.71
  16620.545    14.711     4.73    4.68
  16907.199    18.732    14.03   13.91
  17193.857    24.160    18.93   20.55
  17480.517    31.355    25.10   26.13
  17767.181    39.862    29.67   30.74
  18053.848    47.218    25.66   33.31
  18340.518    54.134    24.12   34.93
  18627.191    59.788    19.72   35.00
  18913.867    63.913    14.39   34.65
  19200.546    63.947     0.12   31.69
  19487.229    63.365    -2.03   30.26
  19773.915    63.039    -1.14   29.03
  20060.603    62.290    -2.61   27.89
  20347.296    61.913    -1.31   29.07
  20633.991    60.458    -5.07   30.08
  20920.689    59.416    -3.63   29.58
  21207.391    57.176    -7.81   27.76
  21494.095    53.344   -13.37   25.82
  21780.803    47.812   -19.29   25.45
  22067.514    41.791   -21.00   23.99
  22354.228    35.216   -22.93   20.34
  22640.946    29.419   -20.22   16.06
  22927.666    25.651   -13.14   12.07
  23214.390    26.865     4.24   14.71
  23501.116    32.725    20.44   20.90
  23787.846    43.543    37.73   26.03
  24074.579    55.252    40.84   27.76
  24361.316    68.131    44.92   25.84
  24648.055    81.682    47.26   21.75
  24934.798    92.520    37.80   21.49
  25221.543   101.846    32.52   29.30
  25508.109   107.057    18.18   35.29
  25794.258   109.591     8.86   38.82
  26080.409   108.499    -3.82   40.84
  26366.563   107.032    -5.13   41.23
  26652.719   104.345    -9.39   40.07
  26938.878    98.132   -21.71   35.44
  27225.039    90.590   -26.36   28.90
  27511.202    86.176   -15.42   25.98
  27797.368    82.619   -12.43   23.34
  28083.536    82.784     0.58   23.71
  28369.707    87.153    15.27   27.85
  28655.880    94.614    26.07   34.49
  28942.056   103.857    32.30   40.50
  29228.233   109.975    21.38   44.39
  29514.414   115.334    18.73   45.45
  29800.597   117.061     6.03   44.50
  30086.782   115.341    -6.01   41.92
  30372.969   111.245   -14.31   37.89
  30659.159   103.891   -25.69   34.86
  30945.352    97.690   -21.67   30.75
  31231.547    89.844   -27.42   27.32
  31517.744    82.933   -24.15   25.93
  31803.943    74.701   -28.76   25.36
  32090.146    65.891   -30.78   24.42
  32376.350    58.919   -24.36   22.07
  32662.557    55.204   -12.98   18.90
  32948.766    54.996    -0.73   18.87
  33234.978    56.136     3.98   20.58
  33521.192    58.485     8.21   22.62
  33807.409    61.982    12.22   23.67
  34093.628    64.579     9.07   23.26
  34379.849    65.092     1.79   22.62
  34666.073    62.433    -9.29   22.44
  34952.299    58.849   -12.52   21.11
  35238.528    55.017   -13.39   19.55
  35524.759    53.144    -6.54   19.15
  35810.992    51.882    -4.41   19.36
  36097.228    51.606    -0.96   20.56
  36383.467    53.644     7.12   22.14
  36669.708    56.320     9.35   23.37
  36955.951    61.206    17.07   24.37
  37242.196    67.728    22.79   23.64
  37528.444    74.097    22.25   21.09
  37814.695    79.523    18.95   16.26
  38100.948    81.736     7.73   11.47
  38387.203    82.582     2.96   10.12
  38673.460    79.690   -10.11   14.53
  38959.721    75.033   -16.27   16.97
  39245.983    70.161   -17.02   18.13
  39532.248    64.276   -20.56   19.74
  39818.515    60.118   -14.53   20.23
  40104.785    57.934    -7.63   19.82
  40391.057    57.682    -0.88   19.03
  40677.332    59.092     4.92   17.86
  40963.609    60.898     6.31   17.69
  41249.888    61.018     0.42   16.80
  41536.170    61.454     1.52   15.08
  41822.455    60.755    -2.44   14.17
  42108.741    61.046     1.01   13.48
  42395.030    61.426     1.33   12.54
  42681.322    62.704     4.47   12.62
  42967.616    63.681     3.41   12.55
  43253.912    65.465     6.23   12.90
  43540.211    67.768     8.05   13.61
  43826.512    71.593    13.36   13.95
  44112.816    76.675    17.75   12.40
  44399.122    80.524    13.44    9.10
  44685.430    80.102    -1.48   11.35
  44971.741    76.377   -13.01   16.30
  45258.055    71.273   -17.82   18.59
  45544.370    64.416   -23.95   18.53
  45830.689    57.579   -23.88   15.65
  46117.009    52.159   -18.93   11.42
  46403.332    48.730   -11.97    7.26
  46689.658    47.579    -4.02    5.52
  46975.985    48.479     3.14    6.18
  47262.316    49.475     3.48    6.37
  47548.648    49.911     1.52    6.20
  47834.984    50.074     0.57    5.95
  48121.321    51.393     4.60    8.17
  48407.661    55.472    14.25   16.21
  48694.003    61.311    20.39   22.92
  48980.348    65.914    16.08   24.26
  49266.695    69.295    11.81   23.58
  49553.045    72.713    11.94   21.42
  49839.397    76.153    12.01   19.21
  50125.752    78.316     7.55   16.27
  50412.108    79.275     3.35   13.14
  50698.468    79.450     0.61   12.62
  50984.829    80.875     4.97   13.25
  51271.194    85.024    14.49   14.72
  51557.560    91.190    21.53   16.20
  51843.929    97.211    21.03   18.47
  52130.301   104.927    26.94   21.37
  52416.674   112.347    25.91   22.67
  52703.051   117.906    19.41   22.33
  52989.429   120.919    10.52   20.16
  53275.811   122.517     5.58   17.76
  53562.194   121.729    -2.75   15.98
  53848.580   119.644    -7.28   14.33
  54134.968   116.975    -9.32   11.93
  54421.359   116.197    -2.72   12.07
  54707.752   115.913    -0.99   12.86
  54994.148   116.416     1.76   14.49
  55280.546   117.713     4.53   16.50
  55566.947   119.796     7.27   18.31
  55853.350   120.905     3.87   20.10
  56139.755   119.535    -4.78   20.91
  56426.163   116.982    -8.91   20.94
  56712.573   113.273   -12.95   20.33
  56998.986   108.926   -15.18   18.81
  57285.401   106.269    -9.28   17.95
  57571.818   103.941    -8.13   17.90
  57858.238   103.682    -0.90   18.12
  58144.660   105.297     5.64   18.43
  58431.085   108.509    11.22   18.87
  58717.512   112.444    13.74   19.18
  59003.942   113.825     4.82   18.21
  59290.374   113.182    -2.24   17.58
  59576.808   111.611    -5.49   17.14
  59863.245   108.436   -11.09   16.27
  60149.684   105.039   -11.86   15.08
  60436.126   101.194   -13.42   13.98
  60722.570    97.839   -11.71   13.41
  61009.017    94.427   -11.91   13.15
  61295.466    90.961   -12.10   13.37
  61581.917    87.579   -11.81   12.91
  61868.371    86.750    -2.90   12.45
  62154.827    87.294     1.90   12.99
  62441.286    88.918     5.67   14.80
  62727.747    91.877    10.33   17.35
  63014.210    95.961    14.26   19.85
  63300.676   101.038    17.72   21.67
  63587.145   107.317    21.92   22.72
  63873.615   112.754    18.98   22.04
  64160.089   117.857    17.81   19.11
  64446.564   120.256     8.37   15.08
  64733.042   120.496     0.84   12.39
  65019.523   119.514    -3.43    9.80
  65306.006   118.003    -5.27    7.99
  65592.491   116.252    -6.11    6.92
  65878.979   114.686    -5.46    7.07
  66165.469   112.751    -6.75    7.28
  66451.962   110.975    -6.20    7.56
  66738.457   109.482    -5.21    8.25
  67024.954   107.179    -8.04    9.79
  67311.454   105.036    -7.48   10.48
  67597.957   103.637    -4.88   10.71
  67884.461   103.472    -0.58   11.68
  68170.968   105.270     6.28   15.20
  68457.478   108.613    11.67   18.25
  68743.990   112.752    14.45   19.74
  69030.505   117.461    16.43   20.19
  69317.021   121.901    15.50   18.72
  69603.541   127.153    18.33   15.05
  69890.063   130.406    11.35   12.49
  70176.587   131.397     3.46   13.19
  70463.113   130.756    -2.24   14.63
  70749.642   129.514    -4.34   15.27
  71036.174   127.387    -7.42   15.62
  71322.708   124.876    -8.76   15.08
  71609.244   122.848    -7.08   14.11
  71895.783   119.918   -10.23   13.26
  72182.324   116.059   -13.47   12.71
  72468.868   113.368    -9.39   11.43
  72755.414   113.541     0.60   11.90
  73041.962   116.065     8.81   16.14
  73328.513   121.674    19.57   21.43
  73615.066   129.718    28.07   24.86
  73901.622   138.320    30.02   23.68
  74188.180   145.982    26.74   18.55
  74474.741   150.243    14.87   13.51
  74761.304   151.172     3.24   11.09
  75047.869   149.038    -7.45   11.01
  75334.437   146.190    -9.94   10.26
  75621.007   142.513   -12.83    9.73
  75907.580   137.846   -16.29   10.93
  76194.155   131.299   -22.84   15.68
  76480.733   123.885   -25.87   21.06
  76767.313   116.954   -24.19   23.12
  77053.895   110.364   -23.00   22.58
  77340.480   106.560   -13.27   21.88
  77627.067   102.465   -14.29   21.11
  77913.657    97.454   -17.48   21.69
  78200.249    92.557   -17.09   21.87
  78486.844    87.009   -19.36   19.93
  78773.441    81.812   -18.14   17.91
  79060.040    76.458   -18.68   14.03
  79346.642    73.605    -9.95    9.56
  79633.247    73.905     1.05    9.36
  79919.853    77.188    11.45   13.49
  80206.463    82.940    20.07   18.70
  80493.074    91.330    29.27   23.63
  80779.688   101.018    33.80   24.61
  81066.305   110.772    34.03   21.76
  81352.924   118.430    26.72   17.25
  81639.545   123.727    18.48   12.38
  81926.169   125.844     7.39    9.06
  82212.795   124.722    -3.92    7.90
  82499.423   123.906    -2.85    6.68
  82786.054   123.109    -2.78    6.31
  83072.688   120.644    -8.60    6.46
  83359.324   117.679   -10.34    6.94
  83645.962   115.186    -8.70    8.53
  83932.603   114.095    -3.81   10.46
  84219.246   113.786    -1.08   12.63
  84505.892   112.644    -3.99   14.65
  84792.540   110.995    -5.75   15.77
  85079.190   109.556    -5.02   16.58
  85365.843   106.547   -10.50   16.66
  85652.499   101.360   -18.10   17.46
  85939.156    95.234   -21.37   18.06
  86225.817    88.394   -23.86   17.54
  86512.479    82.263   -21.39   14.43
  86799.144    79.290   -10.37   11.31
  87085.812    81.537     7.84   14.53
  87372.316    87.975    22.47   20.10
  87658.542    97.104    31.90   22.57
  87944.770   106.393    32.45   21.55
  88231.000   113.254    23.97   16.83
  88517.231   117.492    14.81   11.08
  88803.464   118.725     4.31    8.22
  89089.699   116.306    -8.45   10.32
  89375.935   113.900    -8.41   10.73
  89662.173   111.083    -9.84    9.57
  89948.413   108.798    -7.98    8.07
