# NaN NaN NaN ;Mean Elev.(m), Avg Gradient(m/km), RMS Gradient(m/km) - SRTM1     
#   91.894  -0.215   4.951 ;Mean Elev.(m), Avg Gradient(m/km), RMS Gradient(m/km) - ASTER GDEM
#   91.216  -0.037   1.738 ;Mean Elev.(m), Avg Gradient(m/km), RMS Gradient(m/km) - GMTED2010 
   1 211.001921  66.044197    90.738    90.738  2 54662.99895142 43.165
   2 210.999756  66.044954    90.521    90.521  2 54672.91459618 28.184
   3 211.001510  66.046040     4.059     4.076  3 54682.83023988  1.415
   4 211.003467  66.046676    89.908    89.908  2 54692.74588234 32.017
   5 211.001717  66.046307     0.451     0.451  2 54702.66152205  0.290
   6 211.002418  66.044463    90.523    90.523  2 54712.57717091 47.087
   8 211.001927  66.041824    89.058    88.783  3 54732.40847029 44.584
   9 211.001247  66.042448    88.956    88.783  3 54742.32411705 38.965
  10 211.001700  66.043115    88.478    88.478  2 54752.23976373 23.286
  11 211.001131  66.043025    88.170    88.170  2 54762.15541005 45.705
  12 211.000050  66.041827    86.912    87.022  3 54772.07105389 42.911
  13 211.002293  66.040729    87.849    87.737  3 54781.98669505 34.831
  14 210.999804  66.040784    88.488    88.424  3 54791.90233325 32.120
  16 211.001670  66.043404    88.391    88.204  3 54811.73360800 32.124
  17 211.000060  66.044117    87.897    87.897  2 54821.64924927 34.535
  18 211.002775  66.043588    87.604    87.604  2 54831.56490165 33.579
  19 210.999812  66.043676    87.431    87.431  2 54841.48054006 27.939
  20 210.999393  66.044635    87.325    87.325  2 54851.39618895 28.221
  21 211.001329  66.046023    87.051    87.051  2 54861.31183766 27.797
  22 211.001928  66.046692    87.145    87.252  3 54871.22748631 28.050
  23 211.001375  66.045515    87.051    87.051  2 54881.14313332 23.494
  24 211.002045  66.042986    87.612    87.612  2 54891.05877723 17.170
  25 210.999603  66.040950    88.613    88.613  2 54900.97441789 14.850
  26 211.000316  66.041016    89.495    89.495  2 54910.89005696  9.981
  27 211.000426  66.042588    88.518    88.518  2 54920.80569479  8.585
  28 211.001957  66.043699    89.187    89.187  2 54930.72133222  8.921
  29 211.000666  66.043086    91.059    91.059  2 54940.63696815  8.525
  30 210.999528  66.041429    86.254    86.254  2 54950.55260248 34.591
  31 210.999494  66.040163    91.372    91.372  2 54960.46824245 42.210
  32 211.001292  66.040719    91.135    91.277  3 54970.38389123 50.043
  33 211.002036  66.042400    91.344    91.367  3 54980.29953870 52.335
  34 211.000691  66.043896    75.724    75.724  2 54990.21518573 19.471
  35 210.999786  66.044011    92.453    92.453  2 55000.13083270 35.689
  36 211.002053  66.043648    94.090    94.073  3 55010.04647819 28.974
  37 211.002508  66.043473    93.698    93.698  2 55019.96212190 28.213
  38 211.000225  66.044584    89.014    89.014  2 55029.87776412 50.720
  39 211.003331  66.045827    88.660    88.660  2 55039.79340620 49.764
  40 211.000840  66.046696    88.363    88.363  2 55049.70904644 42.893
  41 210.999138  66.045606    88.173    88.173  2 55059.62468468 34.525
  42 211.002689  66.042937    88.481    88.481  2 55069.54032521 42.339
  43 211.002094  66.040670    89.305    89.305  2 55079.45597476 48.794
  44 211.000636  66.040536    88.780    88.780  2 55089.37162217 49.377
  45 210.999572  66.042188    89.345    89.345  2 55099.28726832 48.661
  46 211.002216  66.043739    88.490    88.490  2 55109.20291429 49.519
  47 211.002033  66.043441    87.870    87.870  2 55119.11855875 48.471
  48 211.000238  66.041430    87.047    87.047  2 55129.03420063 46.473
  49 211.002196  66.039501    87.107    87.107  2 55138.94984081 45.613
  50 211.002276  66.039897    86.982    86.991  3 55148.86547945 39.349
  51 210.999855  66.042371    86.863    86.863  2 55158.78111739 30.691
  52 211.000018  66.044556    87.230    87.230  2 55168.69675530 31.101
  53 211.002037  66.045112    87.331    87.385  3 55178.61239254 31.357
  54 211.000306  66.044200    87.139    87.195  3 55188.52803786 27.460
  55 211.002872  66.043578    91.509    91.509  2 55198.44368880 19.988
  56 211.000177  66.044421    91.145    91.145  2 55208.35933829 19.298
  57 211.001356  66.045768    91.566    91.400  3 55218.27498759 17.967
  58 210.999826  66.046043    91.823    91.823  2 55228.19063591 18.104
  59 210.999197  66.044626    91.946    91.946  2 55238.10628135 17.922
  60 211.002744  66.041915    92.148    92.148  2 55248.02192367 18.233
  61 211.000628  66.040166    92.429    92.429  2 55257.93756303 17.575
  62 211.001461  66.040336    92.435    92.435  2 55267.85320184 17.189
  63 211.001682  66.042122    91.996    92.123  3 55277.76884013 17.924
  64 211.000956  66.043464    92.116    92.151  3 55287.68447714 15.016
  65 211.000336  66.043289    92.232    92.263  3 55297.60011182 14.214
  66 211.000261  66.041416    86.470    86.622  3 55307.51575374 29.985
  67 210.999768  66.039911    87.503    87.478  3 55317.43140019 42.552
  68 210.999455  66.040256    89.782    89.782  2 55327.34704548 49.097
  69 211.001328  66.042193    88.366    88.285  3 55337.26269006 45.064
  70 211.000612  66.044207    89.471    89.155  3 55347.17833395 49.225
  71 211.001417  66.044862    88.772    88.772  2 55357.09397645 30.237
  72 211.002311  66.044493    91.962    91.962  2 55367.00961696 22.371
  73 211.001642  66.044071    89.546    89.631  3 55376.92525588 49.427
  74 211.002719  66.044400    90.441    90.441  2 55386.84089407 49.567
  75 211.000058  66.045277    89.803    89.803  2 55396.75653101 32.049
  76 210.999929  66.045500    89.905    89.905  2 55406.67217328 32.634
  77 211.000045  66.044254    89.929    89.929  2 55416.58782453 46.589
  78 211.003088  66.041907    90.327    90.327  2 55426.50347269 34.476
  79 211.001913  66.040408    91.033    91.033  2 55436.41911774 47.466
  80 211.000994  66.040550    89.314    89.337  3 55446.33476146 48.418
  81 211.003045  66.041801    88.942    88.942  2 55456.25040485 50.379
  82 211.000796  66.043164    87.907    87.907  2 55466.16604715 37.661
  83 211.000248  66.043009    87.409    87.399  3 55476.08168654 40.634
  84 211.002290  66.041547    86.868    86.868  2 55485.99732304 45.601
  85 211.000544  66.040360    86.952    86.952  2 55495.91295705 45.691
  86 211.001888  66.040945    86.146    86.187  3 55505.82859194 42.651
  87 211.000564  66.042712    86.088    86.088  2 55515.74424234 45.467
  88 211.002220  66.044428    87.402    87.425  3 55525.65989209 34.563
  89 211.000721  66.045100    88.248    87.202  3 55535.57553959 24.875
  90 211.002634  66.044666    89.045    89.045  2 55545.49118533 24.845
  91 211.000838  66.044477    87.527    87.527  2 55555.40682887 32.987
  92 211.001157  66.044790    87.462    87.385  3 55565.32247166 23.152
  93 211.001232  66.045017    90.880    90.880  2 55575.23811381 22.475
  94 211.000372  66.044297    87.733    87.733  2 55585.15375425 21.695
  95 211.001825  66.042814    90.118    90.570  3 55595.06939159 21.372
  96 211.002130  66.041534    89.465    89.465  2 55604.98502557 21.556
  97 211.001588  66.041218    91.498    91.650  3 55614.90065739 18.556
  98 211.000152  66.041876    91.382    91.328  3 55624.81629694 16.108
  99 211.000889  66.042431    91.288    91.288  2 55634.73194944 15.680
 100 210.999933  66.042564    91.300    91.300  2 55644.64759959 14.591
 101 211.001697  66.041976    91.244    91.244  2 55654.56324720 14.739
 102 211.000804  66.041204    91.450    91.450  2 55664.47889004 13.975
 103 211.002179  66.040946    91.476    91.476  2 55674.39453010  8.970
 104 211.002982  66.041684    87.360    87.360  2 55684.31016848 33.128
 105 210.999541  66.043230    89.184    89.184  2 55694.22580523 40.999
 106 211.002135  66.044414    89.598    89.598  2 55704.14144114 47.732
 107 211.002564  66.044784    93.513    93.513  2 55714.05708714 37.707
 108 211.001250  66.044735    90.918    90.944  3 55723.97273613 49.536
 109 211.001263  66.044823    90.517    90.489  3 55733.88838329 49.531
 110 210.999271  66.045136    91.197    91.197  2 55743.80402900 32.296
 111 211.001972  66.044776    90.561    90.561  2 55753.71967371 33.183
 112 211.000377  66.043609    91.095    91.059  3 55763.63531576 41.150
 113 211.000096  66.042013    90.175    90.084  3 55773.55095513 32.058
 114 211.001534  66.040802    89.922    89.922  2 55783.46659124 31.298
 115 211.001880  66.041298    91.838    91.838  2 55793.38222473 20.769
 116 210.999660  66.042638    90.708    90.708  2 55803.29786002 45.221
 117 211.000449  66.043217    89.545    89.545  2 55813.21350984 46.536
 118 211.001069  66.042628    89.465    89.465  2 55823.12915783 51.152
 119 211.001963  66.041494    88.756    88.756  2 55833.04480109 53.037
 120 211.000345  66.040977    88.566    88.566  2 55842.96043985 47.485
 121 211.000874  66.041631    87.678    87.678  2 55852.87607573 47.166
 122 211.003089  66.043256    87.397    87.397  2 55862.79171132 45.482
 123 211.000886  66.044459    86.222    86.346  3 55872.70736532 45.265
 124 210.999080  66.044837    86.782    86.782  2 55882.62301438 39.458
 125 210.999256  66.044626    87.012    87.012  2 55892.53865719 33.104
 126 211.000808  66.044559    87.421    87.421  2 55902.45429447 32.039
 127 211.003425  66.045082    88.248    88.248  2 55912.36993041 36.514
 128 211.000405  66.045632    87.792    87.792  2 55922.28558445 34.385
 129 211.001264  66.045100    87.559    87.636  3 55932.20123607 34.390
 130 211.000507  66.043222    87.155    87.155  2 55942.11688336 30.229
 131 211.001498  66.040949    90.776    90.757  3 55952.03252645 17.022
 132 211.002615  66.040117    90.531    90.531  2 55961.94816602 17.366
 133 211.001517  66.041249    90.390    90.390  2 55971.86380324 16.770
 134 211.001512  66.043153    90.137    90.137  2 55981.77943932 16.395
 135 211.001890  66.043766    89.952    89.986  3 55991.69507403 15.479
 136 211.000252  66.042792    89.982    89.982  2 56001.61072063 16.101
 137 211.002307  66.040909    89.036    89.728  3 56011.52637094 15.562
 138 211.001542  66.040442    90.510    90.510  2 56021.44201723 15.020
 139 211.000923  66.041684    85.715    85.715  2 56031.35766058 20.392
 140 211.002998  66.043774    87.093    87.093  2 56041.27330211 27.010
 141 211.002693  66.045144    88.952    88.952  2 56051.18894114 40.315
 142 211.001001  66.045379    89.822    89.822  2 56061.10457733 34.415
 143 211.001907  66.044463    90.472    90.439  3 56071.02021533 47.367
 144 211.001390  66.043970    92.471    92.471  2 56080.93586597 36.985
 145 211.001498  66.044459    91.219    91.008  3 56090.85151400 32.666
 146 210.999816  66.045495    91.164    91.164  2 56100.76715946 47.763
 147 211.001289  66.045139    90.862    90.696  3 56110.68279107 48.404
 148 211.000448  66.043304    91.988    92.024  3 56120.59843082 47.630
 149 211.000771  66.040982    91.179    91.179  2 56130.51406699 46.293
 150 210.999828  66.040137    90.450    90.599  3 56140.42970053 46.847
 151 211.002580  66.041275    89.510    89.510  2 56150.34535173 47.659
 152 211.003051  66.043355    89.712    89.712  2 56160.26100081 25.862
 153 211.000740  66.044277    88.891    88.891  2 56170.17664811 44.810
 154 211.002845  66.042935    89.254    89.254  2 56180.09229207 47.897
 155 210.999800  66.041206    88.869    88.869  2 56190.00793152 46.861
 156 210.999640  66.040622    89.323    89.323  2 56199.92356824 45.277
 157 211.000081  66.042345    88.665    88.811  3 56209.83920248 47.752
 158 211.001933  66.044881    87.803    87.537  3 56219.75483501 45.661
 159 210.999805  66.046487    86.030    86.030  2 56229.67048361 44.160
 160 211.003195  66.045825    86.752    86.752  2 56239.58613739 47.301
 161 211.001745  66.044660    87.364    87.364  2 56249.50178683 43.700
 162 211.001937  66.043761    87.503    87.420  3 56259.41743156 39.166
 163 211.000957  66.044310    87.375    87.375  2 56269.33307339 37.748
 164 210.999150  66.045071    87.133    87.133  2 56279.24871341 43.052
 165 211.000077  66.045012    87.372    87.372  2 56289.16436390 39.667
 166 211.002399  66.043122    86.952    86.952  2 56299.08001262 33.280
 167 210.999462  66.040963    86.610    86.610  2 56308.99565691 31.428
 168 211.000301  66.039873    86.567    86.561  3 56318.91129909 27.879
 169 211.002072  66.041126    86.616    86.448  3 56328.82694027 25.810
 170 211.002593  66.043252    86.451    86.451  2 56338.74258042 32.838
 171 211.000012  66.044514    86.478    86.478  2 56348.65821831 29.981
 172 211.000894  66.043520    86.361    86.361  2 56358.57385362 28.887
 173 211.000231  66.041535    86.368    86.340  3 56368.48950410 24.013
 175 211.000812  66.042452    86.125    86.125  2 56388.32079750 24.985
 176 211.001252  66.044966    86.328    86.328  2 56398.23644087 23.470
 177 210.999340  66.046561    86.338    86.338  2 56408.15208163 25.364
 178 211.000379  66.046225    86.626    86.626  2 56418.06771856 24.535
 179 210.999109  66.044994    86.386    86.386  2 56427.98335065 28.016
 180 211.000502  66.043881    93.045    93.132  3 56437.89900460 47.750
 181 210.999681  66.043959    95.000    95.000  2 56447.81465590 40.296
 182 211.001382  66.044556    93.499    93.499  2 56457.73030521 51.948
 183 211.000451  66.044285    90.735    90.735  2 56467.64595104 50.450
 184 211.002589  66.042919    90.221    90.221  2 56477.56159312 37.821
 185 211.001337  66.041257    90.229    90.205  3 56487.47723113 48.446
 186 211.002071  66.040757    93.837    93.837  2 56497.39286668 27.000
 187 211.001002  66.041798    90.259    90.259  2 56507.30850077 49.385
 188 211.002008  66.043560    88.900    88.843  3 56517.22413736 51.433
 189 211.000251  66.044255    88.938    88.938  2 56527.13979153 46.921
 190 211.000210  66.043660    93.272    93.272  2 56537.05544164 22.877
 192 211.003008  66.041976    89.212    89.212  2 56556.88673179 39.049
 193 211.002597  66.043200    89.259    89.259  2 56566.80237435 49.187
 194 211.001375  66.045313    88.333    88.359  3 56576.71801548 47.632
 195 211.002452  66.046561    87.715    87.715  2 56586.63365344 48.521
 196 211.000349  66.046413    87.836    87.836  2 56596.54929266 44.334
 197 211.001350  66.045042    87.366    87.366  2 56606.46494482 44.639
 198 211.001129  66.044097    87.168    87.117  3 56616.38059197 33.747
 199 211.000180  66.043997    89.899    89.899  2 56626.29623551 23.674
 200 211.001228  66.044120    87.665    87.623  3 56636.21187648 33.890
 201 210.999550  66.043936    88.961    88.961  2 56646.12751634 22.660
 202 211.000254  66.042800    89.827    89.663  3 56656.04316875 20.431
 203 211.001331  66.041461    89.759    89.759  2 56665.95881688 19.370
 204 211.001490  66.041215    89.946    89.768  3 56675.87446228 17.965
 205 211.001571  66.042068    90.131    90.131  2 56685.79010658 18.625
 206 211.003090  66.043183    89.292    89.292  2 56695.70574902 19.060
 207 211.003301  66.043701    89.348    89.348  2 56705.62138683 17.687
 208 211.003061  66.043338    89.225    89.225  2 56715.53701912 17.696
 209 211.000858  66.042694    74.739    74.601  3 56725.45267216 14.360
 210 211.000519  66.042959    89.678    89.678  2 56735.36832176 16.487
 211 211.001950  66.044356    89.159    89.159  2 56745.28396814 16.536
 212 211.001607  66.045726    89.465    89.465  2 56755.19961009 15.851
 213 211.003555  66.046086    86.119    86.119  2 56765.11524667 16.343
 214 211.001835  66.045502    88.196    86.616  3 56775.03088453 33.264
 215 211.001307  66.044683    91.417    91.417  2 56784.94654134 46.439
 216 211.000112  66.044370    91.441    91.441  2 56794.86219445 40.892
 217 210.999950  66.044289    90.091    90.091  2 56804.77784389 35.205
 218 211.000805  66.043821    90.922    90.892  3 56814.69348639 46.766
 219 211.001113  66.042817    90.599    90.445  3 56824.60912538 46.414
 220 211.000339  66.041962    74.658    74.658  2 56834.52476038 20.646
 221 211.000771  66.041919    91.201    91.423  3 56844.44039207 48.107
 222 211.001655  66.042544    89.891    89.891  2 56854.35603645 30.081
 223 211.000188  66.043286    89.677    89.677  2 56864.27169002 38.955
 224 210.999959  66.043485    89.593    89.593  2 56874.18734305 35.744
 225 211.001661  66.043152    89.313    89.313  2 56884.10299310 36.854
 226 211.001318  66.042826    89.668    89.600  3 56894.01863976 22.821
 227 211.000806  66.043049    91.908    91.908  2 56903.93428320 22.563
 228 211.000460  66.044168    89.453    89.453  2 56913.84992463 47.237
 229 211.001307  66.045442    90.613    89.096  3 56923.76556444 24.507
 230 210.999749  66.046314    88.681    88.681  2 56933.68120150 35.752
 231 211.001698  66.046037    88.650    88.329  3 56943.59683361 44.711
 232 210.999331  66.045064    88.628    88.628  2 56953.51248011 45.182
 233 211.001641  66.044156    87.885    87.867  3 56963.42813064 42.100
 234 211.001217  66.044335    86.616    86.616  2 56973.34377610 45.650
 235 210.999887  66.044860    86.919    86.919  2 56983.25941715 37.313
 236 210.999583  66.044532    87.620    87.620  2 56993.17505358 36.734
 237 211.001031  66.043009    87.638    87.638  2 57003.09068994 31.876
 238 211.000421  66.041404    88.360    88.360  2 57013.00634659 31.407
 239 211.001343  66.041090    87.968    87.968  2 57022.92199792 32.548
 240 211.000961  66.042588    87.354    87.341  3 57032.83764647 21.773
 241 211.001793  66.043993    87.039    87.039  2 57042.75329292 22.841
 242 211.002591  66.044239    86.924    86.924  2 57052.66893712 22.746
 243 211.001647  66.043250    87.602    87.442  3 57062.58457678 22.164
 244 211.001241  66.042570    87.818    87.818  2 57072.50021123 21.205
 245 211.000787  66.043352    86.912    86.912  2 57082.41584164 22.137
 246 211.002442  66.045174    86.091    86.091  2 57092.33148810 25.249
 247 211.001322  66.046836    86.598    86.598  2 57102.24714515 23.751
 248 211.002510  66.046863    86.561    86.561  2 57112.16279891 22.947
 249 211.002348  66.045389    88.670    88.670  2 57122.07844667 16.463
 250 210.999174  66.043843    85.855    85.855  2 57131.99408861 22.861
 251 211.000469  66.043491    87.102    87.088  3 57141.90972601 37.436
 252 211.001164  66.044516    89.636    89.458  3 57151.82536022 47.474
 253 211.003570  66.045322    92.291    92.291  2 57161.74099115 45.548
 254 211.001142  66.044645    92.597    92.536  3 57171.65664799 36.193
 255 211.001795  66.042626    90.405    90.417  3 57181.57230274 44.305
 256 210.999986  66.040964    89.744    89.676  3 57191.48795336 45.795
 257 211.001251  66.041042    90.371    90.755  3 57201.40360121 27.203
 258 211.002230  66.042700    91.374    91.374  2 57211.31923537 22.955
 259 211.001430  66.044472    89.767    89.767  2 57221.23487907 23.563
 260 211.002899  66.044635    89.157    89.157  2 57231.15052173 52.448
 261 211.003027  66.043812    89.408    89.408  2 57241.06616183 41.634
 262 211.001428  66.042941    90.568    90.984  3 57250.98179912 21.167
 263 211.001926  66.043578    91.285    89.947  3 57260.89743457 25.266
 264 211.003309  66.045477    90.987    90.987  2 57270.81306882 49.180
 265 211.000283  66.047347    90.343    90.343  2 57280.72872335 45.482
 266 211.002490  66.047302    90.602    90.602  2 57290.64437887 47.332
 267 211.000668  66.045672    89.267    89.236  3 57300.56003104 50.241
 268 211.003078  66.043333    88.889    88.889  2 57310.47567991 46.771
 269 211.002615  66.042462    88.549    88.549  2 57320.39132510 49.779
 270 211.000930  66.043387    87.976    87.976  2 57330.30696742 44.997
 271 211.002605  66.044849    86.598    86.598  2 57340.22260790 46.285
 272 211.000509  66.044738    87.840    87.840  2 57350.13825778 34.677
 273 211.001234  66.042807    88.600    88.600  2 57360.05390314 33.485
 274 211.002125  66.040622    89.021    89.021  2 57369.96954537 32.647
 275 210.999544  66.040624    88.609    88.609  2 57379.88518487 31.914
 276 211.001072  66.042663    88.280    88.303  3 57389.80082356 32.309
 277 211.002744  66.044872    88.145    88.145  2 57399.71646131 23.992
 278 211.001281  66.045514    88.723    88.347  3 57409.63209963 19.276
 279 210.999842  66.044221    89.097    89.097  2 57419.54775216 17.964
 280 211.000790  66.043076    88.975    89.186  3 57429.46340231 18.686
 281 211.001658  66.043577    88.729    88.678  3 57439.37905016 18.457
 282 211.000458  66.045547    88.627    88.627  2 57449.29469666 17.438
 283 211.000969  66.047021    88.553    88.553  2 57459.21034198 17.038
 284 211.001875  66.046887    88.753    88.563  3 57469.12598430 15.874
 285 210.999500  66.045249    89.449    89.449  2 57479.04162231 15.469
 286 211.001445  66.043357    88.902    89.017  3 57488.95725765 16.577
 287 211.000126  66.042819    87.415    87.437  3 57498.87289067 24.319
 288 211.000271  66.043718    88.841    88.821  3 57508.78853294 39.344
 289 211.001757  66.044370    90.512    90.393  3 57518.70418908 50.052
 290 210.999991  66.044399    92.498    92.498  2 57528.61984209 47.914
 291 211.000102  66.042886    91.544    91.536  3 57538.53549231 40.322
 292 211.000701  66.041295    92.863    92.863  2 57548.45113992 25.758
 293 211.001225  66.040928    90.797    90.471  3 57558.36678611 47.116
 294 211.001865  66.042399    89.842    89.631  3 57568.28243138 26.036
 295 211.003391  66.044167    89.589    89.589  2 57578.19807612 38.338
 296 211.001818  66.045129    90.212    90.212  2 57588.11371918 25.579
 297 211.002867  66.044637    90.187    90.187  2 57598.02935997 27.757
