# NaN NaN NaN ;Mean Elev.(m), Avg Gradient(m/km), RMS Gradient(m/km) - SRTM1     
#   23.868  -1.532  15.261 ;Mean Elev.(m), Avg Gradient(m/km), RMS Gradient(m/km) - ASTER GDEM
#   35.202  -0.856   7.841 ;Mean Elev.(m), Avg Gradient(m/km), RMS Gradient(m/km) - GMTED2010 
   2    43.540 54670.88227522 20.83 202.971312  64.771903  6.564 -100.00 -100.00 -100.00
   2    42.786 54670.88227581 23.29 202.977130  64.772760  8.981 -100.00 -100.00 -100.00
   2    39.439 54670.88227640 31.65 202.982949  64.773617 31.262 -100.00 -100.00 -100.00
   2    39.470 54670.88227699 30.74 202.988768  64.774473 27.393 -100.00 -100.00 -100.00
   3    83.649 54680.79792050 13.24 202.984484  64.774980   -100 -100.00 -100.00 -100.00
   3    83.812 54680.79792109 13.53 202.990304  64.775836 21.730 -100.00 -100.00 -100.00
   4    43.113 54690.71356183 23.17 202.970434  64.773631  7.678 -100.00 -100.00 -100.00
   4    39.901 54690.71356242 25.45 202.976253  64.774488 10.629 -100.00 -100.00 -100.00
   4    39.502 54690.71356301 31.55 202.982072  64.775344 24.383 -100.00 -100.00 -100.00
   4    40.012 54690.71356360 31.85 202.987891  64.776200 16.305 -100.00 -100.00 -100.00
   5   109.545 54700.62920331  0.21 202.981291  64.774814 10.067 -100.00 -100.00 -100.00
   5    83.196 54700.62920390 12.66 202.987110  64.775671 14.636 -100.00 -100.00 -100.00
   6    38.215 54710.54484843 24.08 202.973686  64.772268 11.133 -100.00 -100.00 -100.00
   6    38.307 54710.54484902 30.83 202.979503  64.773124 30.580 -100.00 -100.00 -100.00
   6    38.616 54710.54484961 31.18 202.985322  64.773981 27.620 -100.00 -100.00 -100.00
   6    38.626 54710.54485020 33.31 202.991140  64.774837   -100 -100.00 -100.00 -100.00
   7   109.133 54720.46049931  1.33 202.971167  64.770724  2.626 -100.00 -100.00 -100.00
   7   108.908 54720.46049990  4.79 202.976984  64.771580  4.292 -100.00 -100.00 -100.00
   7    81.885 54720.46050049 11.97 202.982802  64.772437 10.504 -100.00 -100.00 -100.00
   7    83.442 54720.46050108 13.01 202.988620  64.773293  7.158 -100.00 -100.00 -100.00
   8    38.551 54730.37614810 41.97 202.973225  64.770287 18.631 -100.00 -100.00 -100.00
   8    38.497 54730.37614869 41.79 202.979042  64.771144   -100 -100.00 -100.00 -100.00
   8    38.371 54730.37614928 37.34 202.984860  64.772000 27.101 -100.00 -100.00 -100.00
   8    39.140 54730.37614987 35.90 202.990679  64.772856 21.236 -100.00 -100.00 -100.00
  10    37.832 54750.20744207 41.87 202.970596  64.770947 18.338 -100.00 -100.00 -100.00
  10    36.965 54750.20744266 45.15 202.976414  64.771803   -100 -100.00 -100.00 -100.00
  10    36.819 54750.20744325 51.21 202.982232  64.772659 16.684 -100.00 -100.00 -100.00
  10    36.874 54750.20744384 36.04 202.988051  64.773515 31.475 -100.00 -100.00 -100.00
  11    85.444 54760.12308911 22.00 202.971442  64.771485 11.792 -100.00 -100.00 -100.00
  11    83.163 54760.12308970 13.04 202.977261  64.772341   -100 -100.00 -100.00 -100.00
  11   102.146 54760.12309029  5.62 202.983079  64.773198   -100 -100.00 -100.00 -100.00
  11    84.420 54760.12309088  3.54 202.988899  64.774054 14.769 -100.00 -100.00 -100.00
  12    35.859 54770.03873369 26.30 202.971978  64.771081 18.589 -100.00 -100.00 -100.00
  12    36.261 54770.03873428 23.65 202.977796  64.771938 12.048 -100.00 -100.00 -100.00
  12    36.438 54770.03873487 21.66 202.983615  64.772794  8.477 -100.00 -100.00 -100.00
  12    36.717 54770.03873546 20.17 202.989435  64.773650  6.335 -100.00 -100.00 -100.00
  14    36.328 54789.87001324 21.67 202.970007  64.768787 10.101 -100.00 -100.00 -100.00
  14    36.483 54789.87001383 21.86 202.975825  64.769644 10.098 -100.00 -100.00 -100.00
  14    36.833 54789.87001442 19.93 202.981644  64.770501  6.845 -100.00 -100.00 -100.00
  14    36.641 54789.87001502 21.18 202.987463  64.771357  8.790 -100.00 -100.00 -100.00
  15    36.433 54799.78565099 22.46 202.972002  64.769142 11.050 -100.00 -100.00 -100.00
  15    36.968 54799.78565158 20.55 202.977820  64.769999  8.008 -100.00 -100.00 -100.00
  15    37.136 54799.78565217 21.10 202.983639  64.770856  9.383 -100.00 -100.00 -100.00
  15    36.967 54799.78565276 20.42 202.989458  64.771712  7.590 -100.00 -100.00 -100.00
  16    36.823 54809.70128887 19.40 202.974363  64.770215  7.133 -100.00 -100.00 -100.00
  16    36.810 54809.70128946 18.94 202.980182  64.771072  6.707 -100.00 -100.00 -100.00
  16    36.894 54809.70129005 18.90 202.986001  64.771928  7.419 -100.00 -100.00 -100.00
  16    36.567 54809.70129064 17.96 202.991820  64.772784  5.637 -100.00 -100.00 -100.00
  17    36.739 54819.61692697 17.81 202.971803  64.770675  7.134 -100.00 -100.00 -100.00
  17    36.666 54819.61692756 18.33 202.977621  64.771532  7.446 -100.00 -100.00 -100.00
  17    36.284 54819.61692815 21.24 202.983440  64.772389 13.961 -100.00 -100.00 -100.00
  17    36.695 54819.61692874 17.23 202.989258  64.773245  6.223 -100.00 -100.00 -100.00
  18    36.530 54829.53257959 16.35 202.975237  64.771948  6.134 -100.00 -100.00 -100.00
  18    37.062 54829.53258018 16.00 202.981056  64.772805  5.006 -100.00 -100.00 -100.00
  18    36.456 54829.53258077 15.87 202.986875  64.773662  5.426 -100.00 -100.00 -100.00
  19    36.956 54839.44821844 14.77 202.975602  64.772708  4.523 -100.00 -100.00 -100.00
  19    36.769 54839.44821903 14.98 202.981421  64.773565  4.860 -100.00 -100.00 -100.00
  19    36.619 54839.44821962 14.69 202.987240  64.774421  5.014 -100.00 -100.00 -100.00
  20    36.176 54849.36386724 19.30 202.972171  64.773372 16.013 -100.00 -100.00 -100.00
  20    36.256 54849.36386783 18.86 202.977990  64.774229 15.716 -100.00 -100.00 -100.00
  20    36.207 54849.36386843 16.63 202.983809  64.775085 12.080 -100.00 -100.00 -100.00
  20    36.058 54849.36386902 17.39 202.989629  64.775941 12.258 -100.00 -100.00 -100.00
  21    39.518 54859.27951612  9.86 202.973708  64.774943  3.114 -100.00 -100.00 -100.00
  21    39.269 54859.27951671 10.11 202.979527  64.775799  3.227 -100.00 -100.00 -100.00
  21    39.409 54859.27951730 10.20 202.985347  64.776655  3.027 -100.00 -100.00 -100.00
  21    39.490 54859.27951789 10.57 202.991167  64.777511  3.913 -100.00 -100.00 -100.00
  22    39.162 54869.19516473 10.50 202.971547  64.775436  3.039 -100.00 -100.00 -100.00
  22    39.119 54869.19516532 10.61 202.977366  64.776293  3.113 -100.00 -100.00 -100.00
  22    39.372 54869.19516591 10.51 202.983186  64.777149  2.793 -100.00 -100.00 -100.00
  22    39.152 54869.19516650 10.95 202.989006  64.778005  3.723 -100.00 -100.00 -100.00
  23    38.682 54879.11081280 12.51 202.974800  64.775068  5.907 -100.00 -100.00 -100.00
  23    37.967 54879.11081339 12.49 202.980620  64.775925  5.178 -100.00 -100.00 -100.00
  23    35.693 54879.11081398 14.53 202.986440  64.776781  7.719 -100.00 -100.00 -100.00
  24    39.580 54889.02645686 10.61 202.970431  64.772278  3.517 -100.00 -100.00 -100.00
  24    39.241 54889.02645745 11.84 202.976250  64.773135  4.945 -100.00 -100.00 -100.00
  24    39.254 54889.02645804 10.40 202.982070  64.773991  3.098 -100.00 -100.00 -100.00
  24    39.133 54889.02645863 11.34 202.987890  64.774847  4.011 -100.00 -100.00 -100.00
  25    39.683 54898.94209827  9.36 202.971604  64.770533  4.061 -100.00 -100.00 -100.00
  25    39.174 54898.94209887  9.56 202.977423  64.771389  3.963 -100.00 -100.00 -100.00
  25    38.648 54898.94209946 11.45 202.983242  64.772245  6.835 -100.00 -100.00 -100.00
  25    39.363 54898.94210005  9.57 202.989062  64.773101  4.126 -100.00 -100.00 -100.00
  26    39.630 54908.85773732  8.87 202.972331  64.770464  3.284 -100.00 -100.00 -100.00
  26    39.931 54908.85773791  8.75 202.978150  64.771320  2.745 -100.00 -100.00 -100.00
  26    39.360 54908.85773850  9.25 202.983970  64.772176  3.570 -100.00 -100.00 -100.00
  26    39.588 54908.85773909  9.07 202.989789  64.773032  3.237 -100.00 -100.00 -100.00
  27    39.734 54918.77337520  7.80 202.973722  64.771590  2.822 -100.00 -100.00 -100.00
  27    39.356 54918.77337579  8.02 202.979541  64.772446  3.127 -100.00 -100.00 -100.00
  27    39.253 54918.77337638  7.87 202.985360  64.773302  2.852 -100.00 -100.00 -100.00
  27    40.044 54918.77337697  8.01 202.991180  64.774158  3.367 -100.00 -100.00 -100.00
  28    39.597 54928.68901245  8.38 202.971558  64.771687  3.107 -100.00 -100.00 -100.00
  28    39.045 54928.68901304  8.76 202.977377  64.772544  3.874 -100.00 -100.00 -100.00
  28    39.173 54928.68901363  8.41 202.983196  64.773400  3.021 -100.00 -100.00 -100.00
  28    39.259 54928.68901422  9.19 202.989015  64.774256  3.933 -100.00 -100.00 -100.00
  29    40.321 54938.60464895 10.19 202.970802  64.770439  2.675 -100.00 -100.00 -100.00
  29    39.463 54938.60464954 10.31 202.976620  64.771296  3.088 -100.00 -100.00 -100.00
  29    39.755 54938.60465013 10.54 202.982438  64.772152  3.171 -100.00 -100.00 -100.00
  29    39.625 54938.60465072 10.46 202.988257  64.773008  3.058 -100.00 -100.00 -100.00
  30    36.041 54948.52028425 33.02 202.975362  64.769231   -100 -100.00 -100.00 -100.00
  30    36.397 54948.52028484 34.20 202.981180  64.770088 31.962 -100.00 -100.00 -100.00
  30    36.492 54948.52028543 34.64 202.986997  64.770944   -100 -100.00 -100.00 -100.00
  32    42.506 54968.35156964 56.78 202.980552  64.769387 16.671 -100.00 -100.00 -100.00
  32    42.730 54968.35157023 57.39 202.986369  64.770243   -100 -100.00 -100.00 -100.00
  32    42.472 54968.35157082 53.63 202.992187  64.771100 31.103 -100.00 -100.00 -100.00
  34    85.373 54988.18286509 13.05 202.983911  64.772703 18.347 -100.00 -100.00 -100.00
  34    91.425 54988.18286568 13.41 202.989730  64.773559 12.352 -100.00 -100.00 -100.00
  35    40.330 54998.09851158 36.45 202.972514  64.771418   -100 -100.00 -100.00 -100.00
  35    40.206 54998.09851217 37.32 202.978332  64.772275   -100 -100.00 -100.00 -100.00
  35    40.518 54998.09851276 43.22 202.984151  64.773131   -100 -100.00 -100.00 -100.00
  35    40.617 54998.09851335 42.16 202.989970  64.773987   -100 -100.00 -100.00 -100.00
  36    40.320 55008.01415728 36.14 202.971096  64.771379   -100 -100.00 -100.00 -100.00
  36    40.126 55008.01415787 32.07 202.976914  64.772236 29.907 -100.00 -100.00 -100.00
  36    40.279 55008.01415846 33.35 202.982733  64.773092   -100 -100.00 -100.00 -100.00
  36    40.398 55008.01415905 40.03 202.988552  64.773948   -100 -100.00 -100.00 -100.00
  37    43.241 55017.92980108 29.18 202.970303  64.771689 13.241 -100.00 -100.00 -100.00
  37    39.411 55017.92980167 32.04 202.976121  64.772546 19.709 -100.00 -100.00 -100.00
  37    39.558 55017.92980226 35.78 202.981940  64.773402   -100 -100.00 -100.00 -100.00
  37    39.779 55017.92980285 39.12 202.987759  64.774258   -100 -100.00 -100.00 -100.00
  38    42.972 55027.84544401 24.09 202.974536  64.773472 11.332 -100.00 -100.00 -100.00
  38    38.580 55027.84544460 26.95 202.980355  64.774329 18.370 -100.00 -100.00 -100.00
  38    38.448 55027.84544519 34.41 202.986174  64.775185   -100 -100.00 -100.00 -100.00
  41    37.453 55057.59236556 44.06 202.975162  64.773129  6.245 -100.00 -100.00 -100.00
  41    37.389 55057.59236615 48.43 202.980981  64.773985   -100 -100.00 -100.00 -100.00
  41    37.406 55057.59236674 44.23 202.986799  64.774842 24.101 -100.00 -100.00 -100.00
  42    38.403 55067.50800257 41.07 202.972716  64.769918 18.998 -100.00 -100.00 -100.00
  42    37.344 55067.50800317 47.03 202.978533  64.770775 27.484 -100.00 -100.00 -100.00
  42    37.836 55067.50800376 38.78 202.984351  64.771631   -100 -100.00 -100.00 -100.00
  42    37.891 55067.50800435 41.09 202.990169  64.772488   -100 -100.00 -100.00 -100.00
  43    37.506 55077.42365294 27.00 202.975125  64.768946 20.084 -100.00 -100.00 -100.00
  43    37.572 55077.42365353 30.59 202.980942  64.769803 31.362 -100.00 -100.00 -100.00
  43    37.916 55077.42365412 34.27 202.986760  64.770659   -100 -100.00 -100.00 -100.00
  43    37.812 55077.42365471 35.30 202.992578  64.771515   -100 -100.00 -100.00 -100.00
  44    37.647 55087.33930069 26.31 202.974389  64.769546 21.714 -100.00 -100.00 -100.00
  44    37.826 55087.33930128 28.53 202.980206  64.770402 28.886 -100.00 -100.00 -100.00
  44    37.982 55087.33930187 31.00 202.986024  64.771258   -100 -100.00 -100.00 -100.00
  44    37.903 55087.33930246 31.03 202.991842  64.772114   -100 -100.00 -100.00 -100.00
  45    42.818 55097.25494662 24.42 202.970509  64.770811 12.405 -100.00 -100.00 -100.00
  45    37.384 55097.25494721 25.30 202.976327  64.771667 14.387 -100.00 -100.00 -100.00
  45    37.657 55097.25494780 28.77 202.982145  64.772524 21.759 -100.00 -100.00 -100.00
  45    37.666 55097.25494839 32.02 202.987964  64.773380   -100 -100.00 -100.00 -100.00
  46    42.059 55107.17059276 24.43 202.973054  64.772351 15.221 -100.00 -100.00 -100.00
  46    37.459 55107.17059335 24.26 202.978873  64.773208 13.485 -100.00 -100.00 -100.00
  46    37.708 55107.17059394 27.47 202.984692  64.774064 18.862 -100.00 -100.00 -100.00
  46    37.677 55107.17059453 30.37 202.990511  64.774920 32.488 -100.00 -100.00 -100.00
  47    36.969 55117.08623786 39.84 202.972370  64.771537 20.463 -100.00 -100.00 -100.00
  47    36.930 55117.08623845 45.38 202.978189  64.772394 30.280 -100.00 -100.00 -100.00
  47    36.861 55117.08623904 49.17 202.984008  64.773250   -100 -100.00 -100.00 -100.00
  47    37.251 55117.08623963 33.96 202.989827  64.774106 17.548 -100.00 -100.00 -100.00
  48    36.342 55127.00188045 39.86 202.970719  64.769339 28.715 -100.00 -100.00 -100.00
  48    35.873 55127.00188104 41.97 202.976537  64.770196   -100 -100.00 -100.00 -100.00
  48    35.758 55127.00188163 45.51 202.982356  64.771052 20.117 -100.00 -100.00 -100.00
  48    35.710 55127.00188222 36.96 202.988175  64.771908   -100 -100.00 -100.00 -100.00
  49    36.263 55136.91752135 38.86 202.975008  64.768595   -100 -100.00 -100.00 -100.00
  49    36.127 55136.91752195 43.01 202.980826  64.769451 14.732 -100.00 -100.00 -100.00
  49    36.275 55136.91752254 37.38 202.986645  64.770308   -100 -100.00 -100.00 -100.00
  49    36.031 55136.91752313 35.52 202.992464  64.771164   -100 -100.00 -100.00 -100.00
  50    36.510 55146.83315976 22.82 202.972838  64.768596  9.736 -100.00 -100.00 -100.00
  50    37.364 55146.83316035 20.12 202.978656  64.769453  6.153 -100.00 -100.00 -100.00
  50    37.873 55146.83316094 19.80 202.984475  64.770309  5.869 -100.00 -100.00 -100.00
  50    38.476 55146.83316153 18.74 202.990294  64.771165  5.115 -100.00 -100.00 -100.00
  51    36.370 55156.74879765 17.88 202.971848  64.770208  4.030 -100.00 -100.00 -100.00
  51    37.183 55156.74879824 17.76 202.977666  64.771064  4.102 -100.00 -100.00 -100.00
  51    38.011 55156.74879883 17.94 202.983485  64.771921  4.364 -100.00 -100.00 -100.00
  51    38.388 55156.74879942 18.25 202.989304  64.772777  5.128 -100.00 -100.00 -100.00
  52    36.323 55166.66443563 17.07 202.972198  64.771586  3.868 -100.00 -100.00 -100.00
  52    36.844 55166.66443622 17.30 202.978016  64.772443  4.893 -100.00 -100.00 -100.00
  52    35.354 55166.66443681 17.57 202.983835  64.773299  4.585 -100.00 -100.00 -100.00
  52    37.775 55166.66443740 17.79 202.989654  64.774155  5.332 -100.00 -100.00 -100.00
  53    36.120 55176.58007307 17.48 202.971590  64.771686  4.620 -100.00 -100.00 -100.00
  53    36.210 55176.58007366 16.59 202.977408  64.772543  4.191 -100.00 -100.00 -100.00
  53    38.154 55176.58007425 16.11 202.983227  64.773400  3.588 -100.00 -100.00 -100.00
  53    35.301 55176.58007484 16.25 202.989046  64.774256  3.786 -100.00 -100.00 -100.00
  54    36.485 55186.49571542 15.87 202.969949  64.770645  3.544 -100.00 -100.00 -100.00
  54    36.819 55186.49571601 15.84 202.975767  64.771502  3.580 -100.00 -100.00 -100.00
  54    37.081 55186.49571660 16.02 202.981585  64.772358  3.246 -100.00 -100.00 -100.00
  54    38.232 55186.49571719 16.13 202.987403  64.773215  3.748 -100.00 -100.00 -100.00
  55    36.885 55196.41136663 15.29 202.972024  64.771292  3.697 -100.00 -100.00 -100.00
  55    37.403 55196.41136722 14.73 202.977842  64.772149  2.946 -100.00 -100.00 -100.00
  55    37.722 55196.41136781 14.60 202.983660  64.773005  3.430 -100.00 -100.00 -100.00
  55    38.209 55196.41136840 14.20 202.989479  64.773862  2.662 -100.00 -100.00 -100.00
  56    36.878 55206.32701679 14.53 202.974601  64.773244  2.776 -100.00 -100.00 -100.00
  56    37.524 55206.32701738 14.74 202.980419  64.774101  3.400 -100.00 -100.00 -100.00
  56    37.441 55206.32701797 14.56 202.986239  64.774957  3.492 -100.00 -100.00 -100.00
  57    36.096 55216.24266608 14.04 202.974002  64.775067  3.328 -100.00 -100.00 -100.00
  57    35.977 55216.24266667 13.95 202.979821  64.775924  3.250 -100.00 -100.00 -100.00
  57    38.005 55216.24266726 13.88 202.985641  64.776780  2.587 -100.00 -100.00 -100.00
  58    36.313 55226.15831464 13.99 202.972757  64.775429  3.305 -100.00 -100.00 -100.00
  58    37.314 55226.15831523 13.77 202.978577  64.776285  2.751 -100.00 -100.00 -100.00
  58    37.530 55226.15831582 13.54 202.984397  64.777142  2.956 -100.00 -100.00 -100.00
  58    37.259 55226.15831641 13.52 202.990217  64.777998  2.718 -100.00 -100.00 -100.00
  59    36.260 55236.07396086 13.17 202.973481  64.773778  3.020 -100.00 -100.00 -100.00
  59    36.288 55236.07396145 12.79 202.979301  64.774634  2.803 -100.00 -100.00 -100.00
  59    37.631 55236.07396204 12.62 202.985121  64.775490  2.571 -100.00 -100.00 -100.00
  59    37.486 55236.07396263 13.11 202.990941  64.776346  2.957 -100.00 -100.00 -100.00
  60    36.742 55245.98960372 12.81 202.975308  64.770994  2.598 -100.00 -100.00 -100.00
  60    37.293 55245.98960431 12.50 202.981127  64.771851  2.798 -100.00 -100.00 -100.00
  60    37.466 55245.98960490 12.26 202.986946  64.772707  2.567 -100.00 -100.00 -100.00
  61    37.087 55255.90524366 12.76 202.974464  64.768875  2.639 -100.00 -100.00 -100.00
  61    37.433 55255.90524425 12.55 202.980282  64.769731  2.889 -100.00 -100.00 -100.00
  61    37.311 55255.90524484 12.57 202.986101  64.770588  2.791 -100.00 -100.00 -100.00
  61    37.635 55255.90524543 12.98 202.991920  64.771444  3.287 -100.00 -100.00 -100.00
  62    36.968 55265.82088253 11.67 202.974603  64.769549  2.511 -100.00 -100.00 -100.00
  62    37.241 55265.82088312 11.76 202.980422  64.770406  2.415 -100.00 -100.00 -100.00
  62    37.324 55265.82088371 11.68 202.986241  64.771262  2.215 -100.00 -100.00 -100.00
  62    38.018 55265.82088430 11.48 202.992060  64.772118  2.783 -100.00 -100.00 -100.00
  63    36.898 55275.73652066 12.31 202.974280  64.771638  2.656 -100.00 -100.00 -100.00
  63    37.434 55275.73652125 11.79 202.980099  64.772494  2.371 -100.00 -100.00 -100.00
  63    37.601 55275.73652184 12.32 202.985918  64.773351  2.796 -100.00 -100.00 -100.00
  63    37.869 55275.73652243 11.98 202.991737  64.774206  2.533 -100.00 -100.00 -100.00
  64    36.950 55285.65215745 10.99 202.970593  64.771965  3.073 -100.00 -100.00 -100.00
  64    37.405 55285.65215804 11.05 202.976412  64.772821  3.413 -100.00 -100.00 -100.00
  64    37.619 55285.65215864 10.91 202.982230  64.773678  2.933 -100.00 -100.00 -100.00
  64    37.816 55285.65215923 11.14 202.988050  64.774534  3.588 -100.00 -100.00 -100.00
  65    36.668 55295.56779255 10.21 202.971248  64.770456  2.758 -100.00 -100.00 -100.00
  65    35.333 55295.56779314 11.23 202.977066  64.771313  3.884 -100.00 -100.00 -100.00
  65    36.751 55295.56779373 11.46 202.982884  64.772169  4.718 -100.00 -100.00 -100.00
  65    36.502 55295.56779432 10.90 202.988702  64.773026  3.561 -100.00 -100.00 -100.00
  66    36.289 55305.48343196 11.31 202.974441  64.768296 11.764 -100.00 -100.00 -100.00
  66    37.661 55305.48343255 10.14 202.980258  64.769153  7.879 -100.00 -100.00 -100.00
  66    40.587 55305.48343314 10.28 202.986076  64.770010  8.555 -100.00 -100.00 -100.00
  66    38.391 55305.48343373 13.59 202.991894  64.770866 14.834 -100.00 -100.00 -100.00
  67    35.136 55315.39907886 38.83 202.973836  64.767138   -100 -100.00 -100.00 -100.00
  67    40.353 55315.39907946 34.29 202.979653  64.767994 24.724 -100.00 -100.00 -100.00
  67    40.019 55315.39908005 38.75 202.985470  64.768851 31.256 -100.00 -100.00 -100.00
  67    40.345 55315.39908064 36.43 202.991288  64.769707 28.645 -100.00 -100.00 -100.00
  68   102.387 55325.31472426  7.03 202.972009  64.768092  7.726 -100.00 -100.00 -100.00
  68    96.740 55325.31472485  9.97 202.977826  64.768949 10.084 -100.00 -100.00 -100.00
  68    97.675 55325.31472544 14.28 202.983643  64.769805 12.592 -100.00 -100.00 -100.00
  68    99.001 55325.31472603 15.93 202.989461  64.770661 18.930 -100.00 -100.00 -100.00
  69   103.527 55335.23036935  0.07 202.977933  64.771402  5.422 -100.00 -100.00 -100.00
  69    95.317 55335.23036994  8.04 202.983751  64.772258 12.454 -100.00 -100.00 -100.00
  69    96.227 55335.23037053  7.65 202.989570  64.773114 10.782 -100.00 -100.00 -100.00
  71    44.025 55355.06165615 22.37 202.974565  64.772838  8.977 -100.00 -100.00 -100.00
  71    42.969 55355.06165674 22.47 202.980383  64.773695 10.137 -100.00 -100.00 -100.00
  71    41.328 55355.06165733 25.72 202.986202  64.774551 15.879 -100.00 -100.00 -100.00
  72    43.447 55364.97729663 24.37 202.969930  64.771539 12.727 -100.00 -100.00 -100.00
  72    42.702 55364.97729722 26.00 202.975748  64.772396 20.141 -100.00 -100.00 -100.00
  72    39.402 55364.97729781 23.99 202.981566  64.773253 13.938 -100.00 -100.00 -100.00
  72    38.107 55364.97729840 31.41 202.987385  64.774109   -100 -100.00 -100.00 -100.00
  73    38.126 55374.89293606 43.24 202.970640  64.771257   -100 -100.00 -100.00 -100.00
  73    38.137 55374.89293665 47.53 202.976458  64.772114   -100 -100.00 -100.00 -100.00
  73    37.801 55374.89293724 47.34 202.982277  64.772971 19.951 -100.00 -100.00 -100.00
  73    38.031 55374.89293783 40.36 202.988096  64.773827   -100 -100.00 -100.00 -100.00
  74    38.825 55384.80857468 47.46 202.973951  64.772329   -100 -100.00 -100.00 -100.00
  74    39.018 55384.80857527 49.98 202.979769  64.773185   -100 -100.00 -100.00 -100.00
  74    38.925 55384.80857586 51.03 202.985588  64.774042   -100 -100.00 -100.00 -100.00
  74    38.791 55384.80857645 43.77 202.991407  64.774898   -100 -100.00 -100.00 -100.00
  75    38.659 55394.72421206 29.50 202.973617  64.773047   -100 -100.00 -100.00 -100.00
  75    38.564 55394.72421265 33.77 202.979436  64.773903 10.257 -100.00 -100.00 -100.00
  75    38.663 55394.72421324 33.56 202.985255  64.774760   -100 -100.00 -100.00 -100.00
  75    39.176 55394.72421383 34.55 202.991074  64.775616   -100 -100.00 -100.00 -100.00
  76    38.959 55404.63985049 46.01 202.970480  64.772596   -100 -100.00 -100.00 -100.00
  76    39.163 55404.63985108 49.45 202.976298  64.773453   -100 -100.00 -100.00 -100.00
  76    39.027 55404.63985167 52.58 202.982117  64.774309   -100 -100.00 -100.00 -100.00
  76    38.867 55404.63985226 45.32 202.987935  64.775166   -100 -100.00 -100.00 -100.00
  77    39.717 55414.55550215 45.46 202.972694  64.771810   -100 -100.00 -100.00 -100.00
  77    39.831 55414.55550274 49.32 202.978512  64.772667   -100 -100.00 -100.00 -100.00
  77    39.622 55414.55550334 50.39 202.984330  64.773523   -100 -100.00 -100.00 -100.00
  77    39.526 55414.55550393 48.32 202.990148  64.774379 18.413 -100.00 -100.00 -100.00
  78    39.692 55424.47115021 30.72 202.970206  64.769228 21.471 -100.00 -100.00 -100.00
  78    39.698 55424.47115080 33.70 202.976023  64.770084 32.453 -100.00 -100.00 -100.00
  78    40.017 55424.47115139 35.24 202.981840  64.770941   -100 -100.00 -100.00 -100.00
  78    40.267 55424.47115198 36.06 202.987658  64.771797   -100 -100.00 -100.00 -100.00
  79    38.767 55434.38679610 34.53 202.971554  64.767773   -100 -100.00 -100.00 -100.00
  79    38.717 55434.38679669 37.97 202.977371  64.768630   -100 -100.00 -100.00 -100.00
  79    39.443 55434.38679728 38.99 202.983188  64.769486 29.663 -100.00 -100.00 -100.00
  79    39.563 55434.38679787 39.93 202.989006  64.770342 27.082 -100.00 -100.00 -100.00
  80    38.399 55444.30244095 36.69 202.975492  64.768992   -100 -100.00 -100.00 -100.00
  80    38.576 55444.30244154 31.23 202.981310  64.769848 16.281 -100.00 -100.00 -100.00
  80    38.683 55444.30244213 33.20 202.987128  64.770704 23.159 -100.00 -100.00 -100.00
  81    37.840 55454.21808408 33.75 202.972721  64.770553 12.366 -100.00 -100.00 -100.00
  81    37.923 55454.21808467 37.12 202.978539  64.771409 21.682 -100.00 -100.00 -100.00
  81    38.058 55454.21808526 40.90 202.984357  64.772266   -100 -100.00 -100.00 -100.00
  81    38.154 55454.21808585 42.01 202.990176  64.773121   -100 -100.00 -100.00 -100.00
  82    44.223 55464.13372651 22.20 202.970926  64.771882 11.898 -100.00 -100.00 -100.00
  82    38.239 55464.13372710 26.89 202.976744  64.772739 20.735 -100.00 -100.00 -100.00
  82    38.347 55464.13372769 27.87 202.982563  64.773595 23.450 -100.00 -100.00 -100.00
  82    38.431 55464.13372828 30.44 202.988382  64.774451 27.234 -100.00 -100.00 -100.00
  83    36.599 55474.04936648 40.10 202.971216  64.771115 29.845 -100.00 -100.00 -100.00
  83    36.788 55474.04936707 41.45 202.977034  64.771971 24.551 -100.00 -100.00 -100.00
  83    36.305 55474.04936766 39.09 202.982853  64.772828 32.766 -100.00 -100.00 -100.00
  83    37.749 55474.04936825 38.00 202.988672  64.773684 25.043 -100.00 -100.00 -100.00
  84    36.108 55483.96500372 39.96 202.974518  64.769187 25.752 -100.00 -100.00 -100.00
  84    36.431 55483.96500431 43.26 202.980336  64.770043 24.631 -100.00 -100.00 -100.00
  84    36.068 55483.96500490 41.30 202.986155  64.770900   -100 -100.00 -100.00 -100.00
  84    35.951 55483.96500549 34.04 202.991974  64.771756 26.947 -100.00 -100.00 -100.00
  85    34.933 55493.88063810 37.88 202.970285  64.766540   -100 -100.00 -100.00 -100.00
  85    35.007 55493.88063869 40.28 202.976103  64.767397   -100 -100.00 -100.00 -100.00
  85    34.635 55493.88063928 42.22 202.981921  64.768253  8.540 -100.00 -100.00 -100.00
  85    34.781 55493.88063987 36.37 202.987739  64.769110   -100 -100.00 -100.00 -100.00
  86    36.602 55503.79627215 29.59 202.973290  64.767404 21.423 -100.00 -100.00 -100.00
  86    36.541 55503.79627274 33.45 202.979107  64.768261   -100 -100.00 -100.00 -100.00
  86    36.349 55503.79627333 32.68 202.984925  64.769118   -100 -100.00 -100.00 -100.00
  86    37.925 55503.79627392 29.12 202.990744  64.769974 25.009 -100.00 -100.00 -100.00
  87    36.138 55513.71192046 32.64 202.972473  64.770025   -100 -100.00 -100.00 -100.00
  87    36.047 55513.71192105 27.70 202.978291  64.770882 28.813 -100.00 -100.00 -100.00
  87    35.998 55513.71192164 24.65 202.984110  64.771739 15.590 -100.00 -100.00 -100.00
  87    37.994 55513.71192223 22.74 202.989929  64.772595 14.169 -100.00 -100.00 -100.00
  88    36.617 55523.62757026 35.71 202.973338  64.772606   -100 -100.00 -100.00 -100.00
  88    36.424 55523.62757085 30.89 202.979156  64.773463   -100 -100.00 -100.00 -100.00
  88    36.167 55523.62757144 29.38 202.984975  64.774319   -100 -100.00 -100.00 -100.00
  88    36.077 55523.62757203 29.24 202.990795  64.775175   -100 -100.00 -100.00 -100.00
  89    36.301 55533.54321826 30.63 202.974149  64.773513   -100 -100.00 -100.00 -100.00
  89    36.368 55533.54321885 24.97 202.979968  64.774370 27.584 -100.00 -100.00 -100.00
  89    35.943 55533.54321944 19.66 202.985787  64.775226 16.225 -100.00 -100.00 -100.00
  90    36.344 55543.45886427 15.31 202.973910  64.772858  5.630 -100.00 -100.00 -100.00
  90    36.384 55543.45886487 14.32 202.979729  64.773715  4.904 -100.00 -100.00 -100.00
  90    35.977 55543.45886546 18.20 202.985548  64.774571 10.016 -100.00 -100.00 -100.00
  90    35.503 55543.45886605 16.45 202.991367  64.775427  8.236 -100.00 -100.00 -100.00
  91    36.476 55553.37450850 12.93 202.974966  64.772593  3.660 -100.00 -100.00 -100.00
  91    37.353 55553.37450909 13.25 202.980785  64.773450  3.574 -100.00 -100.00 -100.00
  91    36.080 55553.37450968 14.91 202.986604  64.774306  6.359 -100.00 -100.00 -100.00
  92    36.753 55563.29015127 13.96 202.971970  64.772797  5.103 -100.00 -100.00 -100.00
  92    36.468 55563.29015186 16.79 202.977788  64.773654  7.273 -100.00 -100.00 -100.00
  92    35.963 55563.29015245 16.65 202.983608  64.774510  7.975 -100.00 -100.00 -100.00
  92    35.939 55563.29015304 16.20 202.989427  64.775366  6.831 -100.00 -100.00 -100.00
  93    36.560 55573.20579353 14.09 202.969912  64.773245  5.893 -100.00 -100.00 -100.00
  93    36.356 55573.20579412 15.05 202.975731  64.774102  8.110 -100.00 -100.00 -100.00
  93    36.343 55573.20579471 14.67 202.981551  64.774958  6.957 -100.00 -100.00 -100.00
  93    35.949 55573.20579530 17.86 202.987370  64.775814 12.087 -100.00 -100.00 -100.00
  94    37.030 55583.12143517 13.87 202.975444  64.773645  5.966 -100.00 -100.00 -100.00
  94    37.231 55583.12143576 13.28 202.981264  64.774501  4.806 -100.00 -100.00 -100.00
  94    36.075 55583.12143635 14.39 202.987083  64.775358  6.923 -100.00 -100.00 -100.00
  95    37.213 55593.03707243 12.00 202.972466  64.771256  4.571 -100.00 -100.00 -100.00
  95    36.978 55593.03707302 13.25 202.978284  64.772112  5.026 -100.00 -100.00 -100.00
  95    37.080 55593.03707361 12.91 202.984104  64.772969  5.311 -100.00 -100.00 -100.00
  95    36.987 55593.03707420 14.28 202.989923  64.773825  6.234 -100.00 -100.00 -100.00
  96    37.244 55602.95270638 12.38 202.970242  64.768413  4.562 -100.00 -100.00 -100.00
  96    37.632 55602.95270697 11.87 202.976059  64.769270  4.111 -100.00 -100.00 -100.00
  96    37.462 55602.95270756 12.27 202.981878  64.770126  3.743 -100.00 -100.00 -100.00
  96    37.680 55602.95270815 12.04 202.987697  64.770983  4.054 -100.00 -100.00 -100.00
  97    37.718 55612.86833895 10.77 202.974691  64.767574  2.956 -100.00 -100.00 -100.00
  97    38.098 55612.86833954 10.81 202.980509  64.768431  3.785 -100.00 -100.00 -100.00
  97    38.169 55612.86834013 10.95 202.986327  64.769287  3.055 -100.00 -100.00 -100.00
  97    38.417 55612.86834072 11.30 202.992146  64.770144  3.528 -100.00 -100.00 -100.00
  98    38.291 55622.78397456 10.43 202.974342  64.767865  2.922 -100.00 -100.00 -100.00
  98    37.830 55622.78397515 10.35 202.980160  64.768722  2.731 -100.00 -100.00 -100.00
  98    38.323 55622.78397574 10.60 202.985978  64.769579  2.729 -100.00 -100.00 -100.00
  98    38.128 55622.78397633 11.04 202.991797  64.770435  3.295 -100.00 -100.00 -100.00
  99    37.238 55632.69962711 11.65 202.970623  64.769387  5.203 -100.00 -100.00 -100.00
  99    37.553 55632.69962770 10.97 202.976441  64.770244  3.944 -100.00 -100.00 -100.00
  99    37.578 55632.69962829 11.22 202.982260  64.771100  4.118 -100.00 -100.00 -100.00
  99    37.607 55632.69962888 11.65 202.988078  64.771957  4.801 -100.00 -100.00 -100.00
 100    37.489 55642.61527808 10.72 202.974166  64.770965  4.059 -100.00 -100.00 -100.00
 100    37.436 55642.61527867 10.47 202.979985  64.771821  3.757 -100.00 -100.00 -100.00
 100    37.164 55642.61527926 11.98 202.985803  64.772678  5.820 -100.00 -100.00 -100.00
 100    35.844 55642.61527985 13.36 202.991622  64.773534  7.116 -100.00 -100.00 -100.00
 101    37.229 55652.53092585 10.75 202.975310  64.770737  3.645 -100.00 -100.00 -100.00
 101    37.392 55652.53092644 11.37 202.981128  64.771593  4.221 -100.00 -100.00 -100.00
 101    36.355 55652.53092703 12.93 202.986946  64.772449  6.184 -100.00 -100.00 -100.00
 102    38.645 55662.44656928  9.59 202.975553  64.769191  2.832 -100.00 -100.00 -100.00
 102    39.121 55662.44656987  9.78 202.981370  64.770047  2.984 -100.00 -100.00 -100.00
 102    38.677 55662.44657046  9.86 202.987188  64.770904  3.270 -100.00 -100.00 -100.00
 103    37.957 55672.36220947 10.11 202.972998  64.768133  4.546 -100.00 -100.00 -100.00
 103    37.200 55672.36221006 10.52 202.978815  64.768990  4.626 -100.00 -100.00 -100.00
 103    37.866 55672.36221065  9.98 202.984633  64.769846  4.008 -100.00 -100.00 -100.00
 103    37.810 55672.36221124 11.13 202.990451  64.770702  5.526 -100.00 -100.00 -100.00
 104    41.115 55682.27784835 27.74 202.970960  64.768539 20.447 -100.00 -100.00 -100.00
 104    35.006 55682.27784894 30.38 202.976777  64.769396   -100 -100.00 -100.00 -100.00
 104    37.619 55682.27784954 30.71 202.982594  64.770252 31.592 -100.00 -100.00 -100.00
 104    38.179 55682.27785013 29.69 202.988412  64.771108 27.120 -100.00 -100.00 -100.00
 105   104.744 55692.19348637  0.80 202.974775  64.770751  4.448 -100.00 -100.00 -100.00
 105   101.669 55692.19348696  1.30 202.980593  64.771607  4.338 -100.00 -100.00 -100.00
 105   100.230 55692.19348755  2.82 202.986411  64.772464  5.014 -100.00 -100.00 -100.00
 105   103.533 55692.19348814  3.89 202.992230  64.773320  5.162 -100.00 -100.00 -100.00
 107    41.092 55712.02476500 43.16 202.975513  64.772530   -100 -100.00 -100.00 -100.00
 107    41.373 55712.02476559 45.68 202.981331  64.773387   -100 -100.00 -100.00 -100.00
 107    41.322 55712.02476618 45.76 202.987150  64.774244   -100 -100.00 -100.00 -100.00
 108    43.014 55721.94041422 29.16 202.971665  64.772049 17.968 -100.00 -100.00 -100.00
 108    40.151 55721.94041481 30.33 202.977483  64.772906 20.918 -100.00 -100.00 -100.00
 108    40.380 55721.94041540 34.63 202.983301  64.773762   -100 -100.00 -100.00 -100.00
 108    40.721 55721.94041599 36.53 202.989121  64.774619 27.725 -100.00 -100.00 -100.00
 109    43.126 55731.85606202 24.95 202.974010  64.772561 10.132 -100.00 -100.00 -100.00
 109    38.987 55731.85606261 27.24 202.979829  64.773418 15.385 -100.00 -100.00 -100.00
 109    39.169 55731.85606320 32.95 202.985648  64.774274   -100 -100.00 -100.00 -100.00
 109    39.225 55731.85606379 33.71 202.991467  64.775130 31.434 -100.00 -100.00 -100.00
 110    42.717 55741.77170807 27.51 202.971851  64.772501 22.469 -100.00 -100.00 -100.00
 110    39.998 55741.77170866 28.79 202.977669  64.773358 26.197 -100.00 -100.00 -100.00
 110    40.123 55741.77170925 34.15 202.983488  64.774214   -100 -100.00 -100.00 -100.00
 110    40.942 55741.77170984 33.81 202.989308  64.775070 19.382 -100.00 -100.00 -100.00
 111    40.307 55751.68735301 33.83 202.971557  64.772554   -100 -100.00 -100.00 -100.00
 111    40.199 55751.68735360 34.22 202.977375  64.773410   -100 -100.00 -100.00 -100.00
 111    40.373 55751.68735419 36.29 202.983194  64.774267   -100 -100.00 -100.00 -100.00
 111    40.848 55751.68735478 37.32 202.989013  64.775123 28.592 -100.00 -100.00 -100.00
 112    39.803 55761.60299599 48.70 202.975552  64.772360   -100 -100.00 -100.00 -100.00
 112    39.716 55761.60299658 49.51 202.981371  64.773216   -100 -100.00 -100.00 -100.00
 112    39.659 55761.60299717 51.83 202.987189  64.774072 18.542 -100.00 -100.00 -100.00
 113    39.742 55771.51863561 29.30 202.974753  64.770851 32.157 -100.00 -100.00 -100.00
 113    39.894 55771.51863620 34.06 202.980571  64.771708   -100 -100.00 -100.00 -100.00
 113    40.204 55771.51863679 34.79 202.986389  64.772564   -100 -100.00 -100.00 -100.00
 113    39.885 55771.51863738 35.62 202.992207  64.773420   -100 -100.00 -100.00 -100.00
 114    39.789 55781.43427179 28.09 202.974624  64.769083 11.664 -100.00 -100.00 -100.00
 114    39.893 55781.43427238 33.08 202.980441  64.769940 26.157 -100.00 -100.00 -100.00
 114    40.233 55781.43427297 36.61 202.986258  64.770796 26.455 -100.00 -100.00 -100.00
 114    40.377 55781.43427356 36.49 202.992076  64.771652 24.480 -100.00 -100.00 -100.00
 115    39.515 55791.34990560 43.47 202.975783  64.768418   -100 -100.00 -100.00 -100.00
 115    39.242 55791.34990619 49.95 202.981600  64.769275   -100 -100.00 -100.00 -100.00
 115    39.015 55791.34990678 51.88 202.987418  64.770131 27.650 -100.00 -100.00 -100.00
 116    40.778 55801.26553785 30.81 202.972504  64.768010   -100 -100.00 -100.00 -100.00
 116    42.790 55801.26553844 23.51 202.978321  64.768867 14.138 -100.00 -100.00 -100.00
 116    38.971 55801.26553903 31.08 202.984138  64.769724   -100 -100.00 -100.00 -100.00
 116    39.369 55801.26553962 31.76 202.989956  64.770580 31.299 -100.00 -100.00 -100.00
 117    44.329 55811.18118798 22.45 202.972934  64.769477  8.592 -100.00 -100.00 -100.00
 117    38.728 55811.18118857 30.08 202.978751  64.770333 26.275 -100.00 -100.00 -100.00
 117    38.765 55811.18118916 30.56 202.984569  64.771190 30.817 -100.00 -100.00 -100.00
 117    38.956 55811.18118975 32.91 202.990388  64.772046 32.633 -100.00 -100.00 -100.00
 118    37.904 55821.09683686 36.34 202.973494  64.770243 31.153 -100.00 -100.00 -100.00
 118    38.024 55821.09683745 42.65 202.979312  64.771100   -100 -100.00 -100.00 -100.00
 118    38.301 55821.09683804 41.72 202.985130  64.771957   -100 -100.00 -100.00 -100.00
 118    38.306 55821.09683863 43.48 202.990949  64.772813   -100 -100.00 -100.00 -100.00
 119    42.916 55831.01248092 26.42 202.974248  64.769820 14.078 -100.00 -100.00 -100.00
 119    38.064 55831.01248151 30.75 202.980066  64.770677 26.546 -100.00 -100.00 -100.00
 119    38.189 55831.01248210 32.31 202.985884  64.771533 31.299 -100.00 -100.00 -100.00
 119    38.478 55831.01248269 33.33 202.991703  64.772390 28.429 -100.00 -100.00 -100.00
 120    45.156 55840.92812024 23.32 202.973938  64.768546  6.786 -100.00 -100.00 -100.00
 120    37.977 55840.92812083 28.02 202.979756  64.769403 15.353 -100.00 -100.00 -100.00
 120    38.121 55840.92812142 33.49 202.985574  64.770259 31.949 -100.00 -100.00 -100.00
 120    38.001 55840.92812201 33.46 202.991393  64.771116 30.459 -100.00 -100.00 -100.00
 121    36.462 55850.84375664 40.37 202.974935  64.768179   -100 -100.00 -100.00 -100.00
 121    36.630 55850.84375723 52.90 202.980753  64.769036   -100 -100.00 -100.00 -100.00
 121    36.428 55850.84375783 46.49 202.986571  64.769892  8.146 -100.00 -100.00 -100.00
 121    37.790 55850.84375842 33.01 202.992390  64.770748 20.724 -100.00 -100.00 -100.00
 122    35.980 55860.75939075 41.46 202.972663  64.768769 32.019 -100.00 -100.00 -100.00
 122    35.593 55860.75939134 45.81 202.978481  64.769626  4.763 -100.00 -100.00 -100.00
 122    35.644 55860.75939193 44.52 202.984299  64.770483   -100 -100.00 -100.00 -100.00
 122    35.478 55860.75939252 41.12 202.990118  64.771339   -100 -100.00 -100.00 -100.00
 123    35.869 55870.67504304 28.62 202.973182  64.771048 30.336 -100.00 -100.00 -100.00
 123    35.979 55870.67504363 30.00 202.979000  64.771905 31.238 -100.00 -100.00 -100.00
 123    35.677 55870.67504422 29.45 202.984819  64.772762   -100 -100.00 -100.00 -100.00
 123    35.674 55870.67504481 27.53 202.990638  64.773618 29.177 -100.00 -100.00 -100.00
 124    35.779 55880.59069365 14.73 202.973245  64.772419  6.710 -100.00 -100.00 -100.00
 124    35.575 55880.59069424 16.81 202.979064  64.773276 10.781 -100.00 -100.00 -100.00
 124    35.666 55880.59069484 19.53 202.984883  64.774133 15.538 -100.00 -100.00 -100.00
 124    35.848 55880.59069543 17.07 202.990702  64.774989  9.992 -100.00 -100.00 -100.00
 125    36.073 55890.50633754 13.70 202.973444  64.772617  3.711 -100.00 -100.00 -100.00
 125    37.632 55890.50633813 14.58 202.979263  64.773473  6.148 -100.00 -100.00 -100.00
 125    37.917 55890.50633872 13.46 202.985082  64.774330  3.433 -100.00 -100.00 -100.00
 125    35.940 55890.50633931 14.82 202.990901  64.775186  5.633 -100.00 -100.00 -100.00
 126    38.423 55900.42197522 14.92 202.970531  64.771779  3.798 -100.00 -100.00 -100.00
 126    38.635 55900.42197581 14.62 202.976349  64.772636  3.274 -100.00 -100.00 -100.00
 126    38.394 55900.42197640 14.74 202.982167  64.773492  3.624 -100.00 -100.00 -100.00
 126    38.949 55900.42197699 14.72 202.987986  64.774349  3.716 -100.00 -100.00 -100.00
 127    37.116 55910.33760896 14.68 202.974927  64.772136  4.872 -100.00 -100.00 -100.00
 127    37.223 55910.33760955 14.49 202.980745  64.772993  4.240 -100.00 -100.00 -100.00
 127    36.587 55910.33761014 14.79 202.986564  64.773849  4.983 -100.00 -100.00 -100.00
 128    36.327 55920.25326198 18.01 202.975215  64.773156 10.880 -100.00 -100.00 -100.00
 128    36.603 55920.25326257 16.36 202.981033  64.774013  8.397 -100.00 -100.00 -100.00
 128    36.572 55920.25326316 16.01 202.986853  64.774869  7.977 -100.00 -100.00 -100.00
 129    36.815 55930.16891438 13.59 202.975019  64.773115  4.602 -100.00 -100.00 -100.00
 129    37.269 55930.16891497 14.37 202.980838  64.773972  5.601 -100.00 -100.00 -100.00
 129    38.486 55930.16891556 12.96 202.986657  64.774828  3.990 -100.00 -100.00 -100.00
 130    38.055 55940.08456254 12.87 202.971367  64.771246  4.354 -100.00 -100.00 -100.00
 130    36.832 55940.08456313 13.33 202.977185  64.772103  5.575 -100.00 -100.00 -100.00
 130    36.529 55940.08456372 13.38 202.983004  64.772959  5.480 -100.00 -100.00 -100.00
 130    38.450 55940.08456431 12.38 202.988824  64.773815  3.798 -100.00 -100.00 -100.00
 131    38.139 55950.00020642 11.48 202.972152  64.769532  3.658 -100.00 -100.00 -100.00
 131    37.299 55950.00020701 11.49 202.977971  64.770388  3.897 -100.00 -100.00 -100.00
 131    38.079 55950.00020760 10.97 202.983790  64.771245  3.027 -100.00 -100.00 -100.00
 131    37.960 55950.00020819 11.23 202.989609  64.772101  3.072 -100.00 -100.00 -100.00
 132    37.515 55959.91584604 11.09 202.971435  64.768647  3.003 -100.00 -100.00 -100.00
 132    37.848 55959.91584663 11.09 202.977253  64.769504  3.051 -100.00 -100.00 -100.00
 132    37.659 55959.91584722 10.82 202.983072  64.770361  2.529 -100.00 -100.00 -100.00
 132    38.522 55959.91584781 10.98 202.988891  64.771217  2.952 -100.00 -100.00 -100.00
 133    38.187 55969.83148336 10.78 202.970957  64.769071  3.615 -100.00 -100.00 -100.00
 133    37.954 55969.83148395 10.47 202.976775  64.769927  3.016 -100.00 -100.00 -100.00
 133    37.567 55969.83148454 10.52 202.982594  64.770784  3.170 -100.00 -100.00 -100.00
 133    38.316 55969.83148513 10.24 202.988413  64.771640  2.554 -100.00 -100.00 -100.00
 134    38.213 55979.74711977 10.03 202.971629  64.770044  2.967 -100.00 -100.00 -100.00
 134    37.558 55979.74712036 10.05 202.977447  64.770901  2.878 -100.00 -100.00 -100.00
 134    37.821 55979.74712095 10.32 202.983266  64.771757  3.311 -100.00 -100.00 -100.00
 134    38.278 55979.74712154 10.16 202.989085  64.772614  3.429 -100.00 -100.00 -100.00
 135    38.656 55989.66275553 10.18 202.975095  64.770360  2.935 -100.00 -100.00 -100.00
 135    38.281 55989.66275612 10.27 202.980913  64.771217  2.823 -100.00 -100.00 -100.00
 135    38.403 55989.66275671 10.20 202.986732  64.772073  2.950 -100.00 -100.00 -100.00
 136    38.016 55999.57839833 11.53 202.973240  64.769381  4.784 -100.00 -100.00 -100.00
 136    39.164 55999.57839892 10.65 202.979058  64.770238  2.926 -100.00 -100.00 -100.00
 136    38.636 55999.57839951 10.67 202.984876  64.771095  3.138 -100.00 -100.00 -100.00
 136    38.525 55999.57840010 10.58 202.990694  64.771951  2.958 -100.00 -100.00 -100.00
 137    38.213 56009.49404908 10.79 202.973869  64.768867  3.447 -100.00 -100.00 -100.00
 137    38.037 56009.49404967 10.70 202.979686  64.769724  4.074 -100.00 -100.00 -100.00
 137    37.896 56009.49405026 10.17 202.985504  64.770581  3.486 -100.00 -100.00 -100.00
 137    37.952 56009.49405085 10.72 202.991322  64.771437  4.120 -100.00 -100.00 -100.00
 138    38.355 56019.40969571  9.88 202.973831  64.768884  3.503 -100.00 -100.00 -100.00
 138    38.018 56019.40969630  9.69 202.979649  64.769741  3.632 -100.00 -100.00 -100.00
 138    37.893 56019.40969689  9.05 202.985466  64.770597  3.156 -100.00 -100.00 -100.00
 138    37.833 56019.40969748  9.51 202.991284  64.771454  3.233 -100.00 -100.00 -100.00
 139    39.757 56029.32533932  9.94 202.972037  64.769686  2.663 -100.00 -100.00 -100.00
 139    39.612 56029.32533991 10.14 202.977854  64.770542  3.297 -100.00 -100.00 -100.00
 139    39.027 56029.32534050 10.46 202.983672  64.771399  3.539 -100.00 -100.00 -100.00
 139    39.666 56029.32534109 10.52 202.989490  64.772255  3.313 -100.00 -100.00 -100.00
 140    35.688 56039.24098115  9.21 202.970049  64.770966 12.772 -100.00 -100.00 -100.00
 140    36.263 56039.24098174  7.77 202.975867  64.771823  9.290 -100.00 -100.00 -100.00
 140    36.234 56039.24098233  9.07 202.981685  64.772679 12.159 -100.00 -100.00 -100.00
 140    33.458 56039.24098292 11.98 202.987503  64.773535 18.773 -100.00 -100.00 -100.00
 141    37.146 56049.15662127 32.12 202.971210  64.772011   -100 -100.00 -100.00 -100.00
 141    37.111 56049.15662186 33.91 202.977028  64.772867   -100 -100.00 -100.00 -100.00
 141    37.380 56049.15662245 30.79 202.982846  64.773724 26.805 -100.00 -100.00 -100.00
 141    37.161 56049.15662304 37.10 202.988665  64.774580  6.862 -100.00 -100.00 -100.00
 142    99.731 56059.07225894 19.70 202.975288  64.772745 24.562 -100.00 -100.00 -100.00
 142   103.482 56059.07225953 21.53 202.981107  64.773601 23.859 -100.00 -100.00 -100.00
 142   102.822 56059.07226012 23.18 202.986925  64.774458 31.527 -100.00 -100.00 -100.00
 144    43.289 56078.90354395 29.56 202.971613  64.771717 18.067 -100.00 -100.00 -100.00
 144    40.863 56078.90354454 30.77 202.977431  64.772574 25.436 -100.00 -100.00 -100.00
 144    40.972 56078.90354513 33.72 202.983250  64.773431   -100 -100.00 -100.00 -100.00
 144    42.058 56078.90354572 36.85 202.989069  64.774287 17.010 -100.00 -100.00 -100.00
 145    42.909 56088.81919233 30.33 202.970534  64.772368 11.846 -100.00 -100.00 -100.00
 145    40.919 56088.81919292 32.98 202.976352  64.773225 20.600 -100.00 -100.00 -100.00
 145    40.930 56088.81919351 37.07 202.982171  64.774081   -100 -100.00 -100.00 -100.00
 145    41.982 56088.81919410 38.59 202.987990  64.774937 18.095 -100.00 -100.00 -100.00
 146    40.510 56098.73483868 29.65 202.974393  64.773665 22.411 -100.00 -100.00 -100.00
 146    40.737 56098.73483927 32.30 202.980212  64.774521 31.751 -100.00 -100.00 -100.00
 146    41.601 56098.73483986 35.88 202.986031  64.775377 19.800 -100.00 -100.00 -100.00
 147    39.739 56108.65048186 34.01 202.971070  64.772529   -100 -100.00 -100.00 -100.00
 147    39.687 56108.65048245 33.58 202.976888  64.773386   -100 -100.00 -100.00 -100.00
 147    40.110 56108.65048304 37.52 202.982706  64.774242 29.342 -100.00 -100.00 -100.00
 147    39.812 56108.65048363 38.61 202.988525  64.775098   -100 -100.00 -100.00 -100.00
 148    40.525 56118.56611091 41.81 202.971748  64.770560   -100 -100.00 -100.00 -100.00
 148    40.467 56118.56611150 44.31 202.977565  64.771417   -100 -100.00 -100.00 -100.00
 148    40.418 56118.56611209 48.38 202.983383  64.772273 24.455 -100.00 -100.00 -100.00
 148    40.382 56118.56611268 45.49 202.989201  64.773129 21.214 -100.00 -100.00 -100.00
 149    40.236 56128.48174775 44.90 202.971369  64.768178 29.504 -100.00 -100.00 -100.00
 149    40.165 56128.48174834 48.92 202.977186  64.769035   -100 -100.00 -100.00 -100.00
 149    39.748 56128.48174893 52.99 202.983003  64.769892 16.222 -100.00 -100.00 -100.00
 149    39.842 56128.48174952 53.83 202.988820  64.770748   -100 -100.00 -100.00 -100.00
 150    40.338 56138.39738125 40.18 202.971287  64.767089   -100 -100.00 -100.00 -100.00
 150    39.863 56138.39738184 38.13 202.977104  64.767945 30.192 -100.00 -100.00 -100.00
 150    39.579 56138.39738243 44.45 202.982920  64.768802   -100 -100.00 -100.00 -100.00
 150    40.093 56138.39738302 44.86 202.988738  64.769658 32.494 -100.00 -100.00 -100.00
 151    39.218 56148.31302900 44.40 202.973290  64.768965   -100 -100.00 -100.00 -100.00
 151    39.406 56148.31302959 48.76 202.979107  64.769821   -100 -100.00 -100.00 -100.00
 151    39.218 56148.31303018 49.98 202.984924  64.770678   -100 -100.00 -100.00 -100.00
 151    38.812 56148.31303078 49.90 202.990742  64.771534 24.895 -100.00 -100.00 -100.00
 152    38.529 56158.22867841 25.77 202.974214  64.771085 18.742 -100.00 -100.00 -100.00
 152    38.524 56158.22867900 27.75 202.980032  64.771941 24.756 -100.00 -100.00 -100.00
 152    38.929 56158.22867960 28.22 202.985850  64.772798 25.804 -100.00 -100.00 -100.00
 152    38.988 56158.22868019 33.02 202.991669  64.773654   -100 -100.00 -100.00 -100.00
 153    38.289 56168.14432626 38.25 202.971130  64.771277   -100 -100.00 -100.00 -100.00
 153    37.958 56168.14432685 40.29 202.976948  64.772134   -100 -100.00 -100.00 -100.00
 153    38.040 56168.14432744 38.56 202.982766  64.772990   -100 -100.00 -100.00 -100.00
 153    38.670 56168.14432803 36.67 202.988585  64.773847   -100 -100.00 -100.00 -100.00
 154    38.514 56178.05997180 34.06 202.974818  64.770639 19.202 -100.00 -100.00 -100.00
 154    38.521 56178.05997239 36.90 202.980636  64.771496 31.785 -100.00 -100.00 -100.00
 154    38.498 56178.05997298 40.59 202.986454  64.772352   -100 -100.00 -100.00 -100.00
 155    45.290 56187.97561227 22.15 202.973547  64.768885  9.379 -100.00 -100.00 -100.00
 155    42.600 56187.97561286 26.44 202.979365  64.769741 22.732 -100.00 -100.00 -100.00
 155    38.156 56187.97561345 29.37 202.985183  64.770598   -100 -100.00 -100.00 -100.00
 155    38.599 56187.97561405 26.82 202.991002  64.771454 23.662 -100.00 -100.00 -100.00
 156    45.370 56197.89124920 23.21 202.971069  64.768054 10.842 -100.00 -100.00 -100.00
 156    45.038 56197.89124979 21.85 202.976886  64.768911 10.549 -100.00 -100.00 -100.00
 156    42.538 56197.89125038 25.14 202.982704  64.769767 19.843 -100.00 -100.00 -100.00
 156    42.420 56197.89125097 24.15 202.988523  64.770624 17.716 -100.00 -100.00 -100.00
 157    38.258 56207.80688382 41.91 202.973706  64.769731 28.239 -100.00 -100.00 -100.00
 157    38.144 56207.80688441 47.94 202.979524  64.770588   -100 -100.00 -100.00 -100.00
 157    37.929 56207.80688500 51.20 202.985343  64.771444   -100 -100.00 -100.00 -100.00
 157    38.050 56207.80688559 46.26 202.991162  64.772301 21.775 -100.00 -100.00 -100.00
 158    37.354 56217.72251664 43.48 202.974469  64.771679   -100 -100.00 -100.00 -100.00
 158    37.165 56217.72251723 50.18 202.980287  64.772536 19.300 -100.00 -100.00 -100.00
 158    37.190 56217.72251782 41.11 202.986106  64.773392   -100 -100.00 -100.00 -100.00
 158    36.979 56217.72251841 36.37 202.991925  64.774249 31.000 -100.00 -100.00 -100.00
 159    36.405 56227.63816075 42.69 202.975082  64.773072 31.936 -100.00 -100.00 -100.00
 159    35.960 56227.63816134 47.20 202.980900  64.773929 26.609 -100.00 -100.00 -100.00
 159    35.767 56227.63816193 43.29 202.986719  64.774785  3.028 -100.00 -100.00 -100.00
 160    35.749 56237.55381466 25.36 202.970296  64.772306 13.406 -100.00 -100.00 -100.00
 160    36.011 56237.55381525 22.68 202.976114  64.773163  8.145 -100.00 -100.00 -100.00
 160    35.727 56237.55381584 23.89 202.981933  64.774020 11.083 -100.00 -100.00 -100.00
 160    38.067 56237.55381643 22.81 202.987752  64.774877  7.789 -100.00 -100.00 -100.00
 161    35.908 56247.46946547 19.59 202.973337  64.772095  5.648 -100.00 -100.00 -100.00
 161    37.273 56247.46946606 19.13 202.979155  64.772951  5.098 -100.00 -100.00 -100.00
 161    35.473 56247.46946665 19.76 202.984973  64.773808  6.847 -100.00 -100.00 -100.00
 161    37.877 56247.46946724 19.20 202.990792  64.774664  6.097 -100.00 -100.00 -100.00
 162    36.845 56257.38511123 16.19 202.975492  64.772171  4.769 -100.00 -100.00 -100.00
 162    36.893 56257.38511182 16.81 202.981310  64.773027  5.191 -100.00 -100.00 -100.00
 162    36.615 56257.38511241 16.60 202.987129  64.773884  5.412 -100.00 -100.00 -100.00
 163    36.649 56267.30075311 15.39 202.971783  64.772515  4.362 -100.00 -100.00 -100.00
 163    36.804 56267.30075370 14.79 202.977601  64.773371  3.820 -100.00 -100.00 -100.00
 163    36.634 56267.30075429 15.70 202.983420  64.774228  5.010 -100.00 -100.00 -100.00
 163    36.307 56267.30075488 14.57 202.989239  64.775084  3.859 -100.00 -100.00 -100.00
 164    36.465 56277.21639386 15.14 202.973316  64.773435  4.435 -100.00 -100.00 -100.00
 164    36.342 56277.21639445 15.81 202.979135  64.774292  4.550 -100.00 -100.00 -100.00
 164    36.239 56277.21639504 15.60 202.984954  64.775148  5.085 -100.00 -100.00 -100.00
 164    35.919 56277.21639563 14.94 202.990773  64.776004  4.430 -100.00 -100.00 -100.00
 165    36.449 56287.13204161 14.20 202.971935  64.772958  3.498 -100.00 -100.00 -100.00
 165    36.657 56287.13204220 14.90 202.977754  64.773815  5.028 -100.00 -100.00 -100.00
 165    36.187 56287.13204279 14.04 202.983573  64.774671  4.513 -100.00 -100.00 -100.00
 165    36.088 56287.13204338 13.96 202.989392  64.775527  3.796 -100.00 -100.00 -100.00
 166    36.215 56297.04769109 13.79 202.972627  64.770989  3.521 -100.00 -100.00 -100.00
 166    36.241 56297.04769168 13.97 202.978446  64.771846  4.211 -100.00 -100.00 -100.00
 166    36.915 56297.04769227 13.24 202.984265  64.772702  3.744 -100.00 -100.00 -100.00
 166    36.423 56297.04769287 13.61 202.990084  64.773558  3.719 -100.00 -100.00 -100.00
 167    38.459 56306.96333673 12.57 202.974802  64.769079  2.437 -100.00 -100.00 -100.00
 167    37.881 56306.96333732 12.89 202.980621  64.769936  3.033 -100.00 -100.00 -100.00
 167    38.034 56306.96333791 13.06 202.986440  64.770792  3.206 -100.00 -100.00 -100.00
 167    37.843 56306.96333851 12.78 202.992259  64.771648  2.549 -100.00 -100.00 -100.00
 168    38.079 56316.87897890 13.00 202.970791  64.767944  3.639 -100.00 -100.00 -100.00
 168    37.842 56316.87897949 12.49 202.976609  64.768801  2.751 -100.00 -100.00 -100.00
 168    37.763 56316.87898008 12.29 202.982428  64.769657  2.681 -100.00 -100.00 -100.00
 168    37.594 56316.87898067 12.41 202.988247  64.770514  2.711 -100.00 -100.00 -100.00
 169    38.276 56326.79462033 12.41 202.973952  64.770178  2.797 -100.00 -100.00 -100.00
 169    38.244 56326.79462092 12.16 202.979771  64.771035  2.831 -100.00 -100.00 -100.00
 169    38.158 56326.79462151 12.26 202.985590  64.771891  2.885 -100.00 -100.00 -100.00
 169    38.876 56326.79462210 12.06 202.991409  64.772747  2.627 -100.00 -100.00 -100.00
 170    37.978 56336.71026018 11.85 202.971476  64.771629  2.673 -100.00 -100.00 -100.00
 170    38.500 56336.71026077 11.62 202.977294  64.772485  2.951 -100.00 -100.00 -100.00
 170    37.537 56336.71026136 11.85 202.983114  64.773342  2.700 -100.00 -100.00 -100.00
 170    38.343 56336.71026195 11.89 202.988933  64.774198  2.746 -100.00 -100.00 -100.00
 171    37.034 56346.62589892 12.98 202.974325  64.772109  4.096 -100.00 -100.00 -100.00
 171    38.007 56346.62589951 12.75 202.980143  64.772966  3.903 -100.00 -100.00 -100.00
 171    37.517 56346.62590010 12.38 202.985962  64.773823  3.146 -100.00 -100.00 -100.00
 171    37.603 56346.62590069 12.78 202.991782  64.774679  4.000 -100.00 -100.00 -100.00
 172    37.849 56356.54153465 11.88 202.973521  64.770052  3.314 -100.00 -100.00 -100.00
 172    37.576 56356.54153524 12.03 202.979339  64.770909  3.414 -100.00 -100.00 -100.00
 172    38.239 56356.54153583 11.89 202.985157  64.771765  3.249 -100.00 -100.00 -100.00
 172    38.348 56356.54153642 11.70 202.990975  64.772621  2.967 -100.00 -100.00 -100.00
 173    37.974 56366.45718203 10.47 202.972890  64.768498  2.401 -100.00 -100.00 -100.00
 173    37.740 56366.45718262 10.93 202.978707  64.769354  3.147 -100.00 -100.00 -100.00
 173    38.235 56366.45718321 10.73 202.984525  64.770211  2.944 -100.00 -100.00 -100.00
 173    38.492 56366.45718380 10.64 202.990343  64.771067  2.818 -100.00 -100.00 -100.00
 176    38.074 56396.20412012  9.96 202.971297  64.773379  2.884 -100.00 -100.00 -100.00
 176    36.665 56396.20412071 11.62 202.977116  64.774236  4.738 -100.00 -100.00 -100.00
 176    38.220 56396.20412130 10.48 202.982935  64.775092  3.586 -100.00 -100.00 -100.00
 176    38.080 56396.20412189 10.23 202.988754  64.775948  3.190 -100.00 -100.00 -100.00
 177    35.096 56406.11976166  8.20 202.971392  64.774356  6.640 -100.00 -100.00 -100.00
 177    34.425 56406.11976225 10.86 202.977211  64.775212 10.870 -100.00 -100.00 -100.00
 177    34.691 56406.11976285  9.96 202.983030  64.776069  9.293 -100.00 -100.00 -100.00
 177    34.564 56406.11976344 10.44 202.988850  64.776925  9.931 -100.00 -100.00 -100.00
 178    35.854 56416.03540002 10.68 202.975217  64.774042  5.681 -100.00 -100.00 -100.00
 178    36.828 56416.03540061 10.63 202.981036  64.774899  5.863 -100.00 -100.00 -100.00
 178    37.412 56416.03540120  9.63 202.986855  64.775755  4.414 -100.00 -100.00 -100.00
 179    43.615 56425.95103267 25.48 202.970911  64.771283 20.282 -100.00 -100.00 -100.00
 179    34.683 56425.95103326 27.90 202.976729  64.772140 30.335 -100.00 -100.00 -100.00
 179    39.775 56425.95103385 25.94 202.982548  64.772997 16.691 -100.00 -100.00 -100.00
 179    41.273 56425.95103444 21.51 202.988367  64.773853 10.334 -100.00 -100.00 -100.00
 180   100.971 56435.86668267  1.31 202.976350  64.771710  6.185 -100.00 -100.00 -100.00
 180   112.515 56435.86668326 12.01 202.982168  64.772566 12.100 -100.00 -100.00 -100.00
 180   122.358 56435.86668385  2.66 202.987987  64.773423  3.636 -100.00 -100.00 -100.00
 181   105.496 56445.78233445 19.22 202.975508  64.772636 18.656 -100.00 -100.00 -100.00
 181   105.060 56445.78233504 21.67 202.981326  64.773492 24.008 -100.00 -100.00 -100.00
 181   104.640 56445.78233563 25.35 202.987145  64.774348   -100 -100.00 -100.00 -100.00
 182   108.382 56455.69798339 21.42 202.969993  64.773260 16.169 -100.00 -100.00 -100.00
 182   108.111 56455.69798398 22.63 202.975812  64.774116 16.012 -100.00 -100.00 -100.00
 182   104.038 56455.69798457 26.15 202.981631  64.774973 26.882 -100.00 -100.00 -100.00
 182   103.602 56455.69798516 28.49 202.987450  64.775829   -100 -100.00 -100.00 -100.00
 184    40.143 56475.52927253 31.17 202.974061  64.771705 18.000 -100.00 -100.00 -100.00
 184    40.226 56475.52927312 31.76 202.979879  64.772562 19.624 -100.00 -100.00 -100.00
 184    39.897 56475.52927371 35.42 202.985697  64.773418   -100 -100.00 -100.00 -100.00
 184    39.879 56475.52927430 40.20 202.991516  64.774274   -100 -100.00 -100.00 -100.00
 185    39.395 56485.44491133 49.95 202.973386  64.768913   -100 -100.00 -100.00 -100.00
 185    39.289 56485.44491192 52.12 202.979203  64.769770  8.095 -100.00 -100.00 -100.00
 185    39.453 56485.44491251 52.83 202.985020  64.770626  4.733 -100.00 -100.00 -100.00
 185    39.352 56485.44491310 52.46 202.990838  64.771482 27.749 -100.00 -100.00 -100.00
 187    39.253 56505.27618202 50.05 202.973384  64.769010   -100 -100.00 -100.00 -100.00
 187    39.436 56505.27618261 51.37 202.979201  64.769867   -100 -100.00 -100.00 -100.00
 187    39.257 56505.27618320 54.33 202.985019  64.770723   -100 -100.00 -100.00 -100.00
 187    39.265 56505.27618379 51.90 202.990837  64.771579 22.454 -100.00 -100.00 -100.00
 188    43.077 56515.19181488 33.08 202.970790  64.770308 16.397 -100.00 -100.00 -100.00
 188    38.701 56515.19181547 34.14 202.976607  64.771165 22.409 -100.00 -100.00 -100.00
 188    38.869 56515.19181606 35.66 202.982425  64.772022 23.938 -100.00 -100.00 -100.00
 188    38.808 56515.19181665 40.88 202.988243  64.772878   -100 -100.00 -100.00 -100.00
 190    44.200 56535.02311939 27.38 202.969971  64.770399 13.856 -100.00 -100.00 -100.00
 190    38.547 56535.02311998 28.82 202.975789  64.771255 18.857 -100.00 -100.00 -100.00
 190    38.667 56535.02312057 34.11 202.981608  64.772112   -100 -100.00 -100.00 -100.00
 190    38.923 56535.02312116 37.52 202.987426  64.772969 29.690 -100.00 -100.00 -100.00
 192    44.633 56554.85441100 34.09 202.970750  64.769128 25.737 -100.00 -100.00 -100.00
 192    38.337 56554.85441159 34.56 202.976568  64.769985 29.403 -100.00 -100.00 -100.00
 192    38.414 56554.85441218 35.47 202.982387  64.770841 30.836 -100.00 -100.00 -100.00
 192    38.703 56554.85441277 40.59 202.988205  64.771697   -100 -100.00 -100.00 -100.00
 193    43.170 56564.77005436 25.49 202.975284  64.771728 13.897 -100.00 -100.00 -100.00
 193    39.615 56564.77005495 26.22 202.981102  64.772584 15.842 -100.00 -100.00 -100.00
 193    38.068 56564.77005554 31.16 202.986922  64.773441   -100 -100.00 -100.00 -100.00
 194    37.276 56574.68569563 47.35 202.972227  64.773655 16.264 -100.00 -100.00 -100.00
 194    37.552 56574.68569622 41.84 202.978045  64.774512   -100 -100.00 -100.00 -100.00
 194    38.328 56574.68569681 34.15 202.983865  64.775368 21.461 -100.00 -100.00 -100.00
 194    38.417 56574.68569740 46.71 202.989685  64.776224 31.111 -100.00 -100.00 -100.00
 195    43.919 56584.60133404 25.62 202.969937  64.774193  8.775 -100.00 -100.00 -100.00
 195    43.042 56584.60133463 26.34 202.975756  64.775050 10.352 -100.00 -100.00 -100.00
 195    39.030 56584.60133522 30.46 202.981575  64.775907 22.298 -100.00 -100.00 -100.00
 195    38.921 56584.60133581 32.59 202.987395  64.776763 27.733 -100.00 -100.00 -100.00
 196    36.688 56594.51696943 42.09 202.970970  64.773031  6.342 -100.00 -100.00 -100.00
 196    36.705 56594.51697002 34.21 202.976788  64.773887   -100 -100.00 -100.00 -100.00
 196    38.463 56594.51697061 28.11 202.982607  64.774744 13.949 -100.00 -100.00 -100.00
 196    38.299 56594.51697120 41.70 202.988426  64.775601 17.959 -100.00 -100.00 -100.00
 197    36.374 56604.43262263 39.56 202.973064  64.772272   -100 -100.00 -100.00 -100.00
 197    36.107 56604.43262322 42.73 202.978882  64.773129   -100 -100.00 -100.00 -100.00
 197    35.868 56604.43262381 41.03 202.984701  64.773986   -100 -100.00 -100.00 -100.00
 197    35.895 56604.43262441 37.21 202.990520  64.774842   -100 -100.00 -100.00 -100.00
 198    36.102 56614.34827056 28.03 202.969850  64.771143 17.566 -100.00 -100.00 -100.00
 198    36.789 56614.34827115 24.27 202.975668  64.771999  9.533 -100.00 -100.00 -100.00
 198    38.671 56614.34827174 24.40 202.981486  64.772856  9.591 -100.00 -100.00 -100.00
 198    39.339 56614.34827233 23.30 202.987305  64.773712  6.671 -100.00 -100.00 -100.00
 199    37.350 56624.26391541 20.68 202.973604  64.772126  7.400 -100.00 -100.00 -100.00
 199    38.433 56624.26391600 19.89 202.979423  64.772982  5.683 -100.00 -100.00 -100.00
 199    38.833 56624.26391659 19.49 202.985242  64.773839  4.920 -100.00 -100.00 -100.00
 199    39.004 56624.26391718 19.35 202.991061  64.774695  5.006 -100.00 -100.00 -100.00
 200    37.594 56634.17955714 24.58 202.974024  64.772698 10.385 -100.00 -100.00 -100.00
 200    37.990 56634.17955773 24.36 202.979843  64.773555  9.789 -100.00 -100.00 -100.00
 200    38.760 56634.17955833 22.72 202.985662  64.774411  6.660 -100.00 -100.00 -100.00
 200    39.593 56634.17955892 21.82 202.991482  64.775267  5.236 -100.00 -100.00 -100.00
 201    36.770 56644.09519381 23.43 202.972655  64.772041 10.993 -100.00 -100.00 -100.00
 201    38.198 56644.09519440 21.18 202.978474  64.772897  7.668 -100.00 -100.00 -100.00
 201    38.263 56644.09519499 20.69 202.984292  64.773754  6.728 -100.00 -100.00 -100.00
 201    39.576 56644.09519558 21.19 202.990112  64.774610  6.388 -100.00 -100.00 -100.00
 202    38.465 56654.01084631 16.90 202.970801  64.770673  3.706 -100.00 -100.00 -100.00
 202    38.742 56654.01084690 16.47 202.976620  64.771530  3.113 -100.00 -100.00 -100.00
 202    39.201 56654.01084749 16.84 202.982439  64.772387  3.109 -100.00 -100.00 -100.00
 202    39.865 56654.01084808 17.05 202.988258  64.773243  3.074 -100.00 -100.00 -100.00
 203    38.613 56663.92649509 16.30 202.971106  64.769155  3.330 -100.00 -100.00 -100.00
 203    38.877 56663.92649568 16.00 202.976924  64.770012  2.500 -100.00 -100.00 -100.00
 203    38.743 56663.92649627 16.12 202.982743  64.770868  3.048 -100.00 -100.00 -100.00
 203    39.380 56663.92649686 16.62 202.988562  64.771725  3.382 -100.00 -100.00 -100.00
 204    38.374 56673.84214107 15.70 202.970294  64.768449  2.988 -100.00 -100.00 -100.00
 204    38.259 56673.84214166 16.42 202.976112  64.769305  4.214 -100.00 -100.00 -100.00
 204    37.532 56673.84214225 17.33 202.981931  64.770162  5.675 -100.00 -100.00 -100.00
 204    37.092 56673.84214284 16.74 202.987750  64.771018  4.802 -100.00 -100.00 -100.00
 205    38.062 56683.75778598 20.95 202.970220  64.769759  6.621 -100.00 -100.00 -100.00
 205    38.194 56683.75778657 20.06 202.976038  64.770616  5.564 -100.00 -100.00 -100.00
 205    37.131 56683.75778716 21.33 202.981857  64.771472  7.736 -100.00 -100.00 -100.00
 205    38.986 56683.75778775 20.32 202.987676  64.772329  5.969 -100.00 -100.00 -100.00
 206    38.270 56693.67342898 16.46 202.972043  64.771588  3.500 -100.00 -100.00 -100.00
 206    38.318 56693.67342957 16.84 202.977861  64.772445  3.344 -100.00 -100.00 -100.00
 206    38.261 56693.67343016 17.10 202.983680  64.773301  4.265 -100.00 -100.00 -100.00
 206    37.512 56693.67343075 16.79 202.989500  64.774157  3.383 -100.00 -100.00 -100.00
 207    39.896 56703.58906748 16.11 202.972878  64.772145  3.401 -100.00 -100.00 -100.00
 207    38.818 56703.58906807 16.52 202.978697  64.773002  3.879 -100.00 -100.00 -100.00
 207    39.448 56703.58906866 16.11 202.984516  64.773858  3.416 -100.00 -100.00 -100.00
 207    39.088 56703.58906926 16.43 202.990335  64.774715  3.325 -100.00 -100.00 -100.00
 208    40.266 56713.50470028 15.50 202.970605  64.770387  3.048 -100.00 -100.00 -100.00
 208    39.524 56713.50470087 15.83 202.976423  64.771244  2.998 -100.00 -100.00 -100.00
 208    39.150 56713.50470146 16.14 202.982241  64.772101  3.413 -100.00 -100.00 -100.00
 208    38.504 56713.50470205 15.84 202.988059  64.772958  3.531 -100.00 -100.00 -100.00
 210    39.465 56733.33599968 14.45 202.970051  64.770086  2.574 -100.00 -100.00 -100.00
 210    39.410 56733.33600028 14.78 202.975869  64.770943  2.741 -100.00 -100.00 -100.00
 210    38.539 56733.33600087 14.84 202.981687  64.771799  3.129 -100.00 -100.00 -100.00
 210    38.796 56733.33600146 15.26 202.987506  64.772655  3.634 -100.00 -100.00 -100.00
 211    38.943 56743.25164720 14.03 202.971192  64.772262  2.726 -100.00 -100.00 -100.00
 211    38.954 56743.25164779 14.05 202.977010  64.773118  2.663 -100.00 -100.00 -100.00
 211    38.677 56743.25164838 14.45 202.982829  64.773974  3.062 -100.00 -100.00 -100.00
 211    38.788 56743.25164897 14.64 202.988648  64.774830  3.440 -100.00 -100.00 -100.00
 212    39.628 56753.16729051 13.39 202.973615  64.774490  2.447 -100.00 -100.00 -100.00
 212    38.647 56753.16729110 13.82 202.979434  64.775347  2.608 -100.00 -100.00 -100.00
 212    38.753 56753.16729169 13.88 202.985254  64.776203  3.235 -100.00 -100.00 -100.00
 212    38.128 56753.16729228 14.61 202.991073  64.777059  3.439 -100.00 -100.00 -100.00
 213    34.906 56763.08292776 11.45 202.970003  64.774277  8.344 -100.00 -100.00 -100.00
 213    34.813 56763.08292836 12.04 202.975822  64.775134  8.074 -100.00 -100.00 -100.00
 213    34.894 56763.08292895 10.97 202.981641  64.775990  6.565 -100.00 -100.00 -100.00
 213    34.848 56763.08292954 12.18 202.987461  64.776846  8.623 -100.00 -100.00 -100.00
 214    35.525 56772.99856074 34.11 202.974453  64.773509 26.250 -100.00 -100.00 -100.00
 214    39.569 56772.99856133 34.66 202.980272  64.774366 27.785 -100.00 -100.00 -100.00
 214    40.427 56772.99856192 32.76 202.986091  64.775222 19.336 -100.00 -100.00 -100.00
 215    38.229 56782.91421824 41.98 202.973390  64.772815   -100 -100.00 -100.00 -100.00
 215    38.070 56782.91421883 44.24 202.979209  64.773672  9.265 -100.00 -100.00 -100.00
 215    38.533 56782.91421942 44.17 202.985028  64.774528   -100 -100.00 -100.00 -100.00
 215    38.420 56782.91422001 45.03 202.990848  64.775384  2.003 -100.00 -100.00 -100.00
 216    40.498 56792.82987196 47.11 202.971328  64.772359   -100 -100.00 -100.00 -100.00
 216    40.517 56792.82987255 47.60 202.977147  64.773216   -100 -100.00 -100.00 -100.00
 216    40.386 56792.82987315 51.51 202.982966  64.774072 21.848 -100.00 -100.00 -100.00
 216    40.616 56792.82987374 50.57 202.988785  64.774928   -100 -100.00 -100.00 -100.00
 217    39.581 56802.74552302 30.90 202.970339  64.772740 16.767 -100.00 -100.00 -100.00
 217    39.565 56802.74552361 30.72 202.976158  64.773597 18.091 -100.00 -100.00 -100.00
 217    39.754 56802.74552420 30.99 202.981977  64.774453 17.664 -100.00 -100.00 -100.00
 217    39.624 56802.74552479 38.12 202.987797  64.775309   -100 -100.00 -100.00 -100.00
 218    44.019 56812.66116673 27.57 202.974805  64.773534 13.994 -100.00 -100.00 -100.00
 218    39.389 56812.66116732 30.34 202.980624  64.774390 21.290 -100.00 -100.00 -100.00
 218    39.040 56812.66116791 35.21 202.986443  64.775246   -100 -100.00 -100.00 -100.00
 219    39.773 56822.57680583 39.80 202.970517  64.772183   -100 -100.00 -100.00 -100.00
 219    39.800 56822.57680642 36.87 202.976335  64.773040   -100 -100.00 -100.00 -100.00
 219    39.870 56822.57680701 40.52 202.982154  64.773896   -100 -100.00 -100.00 -100.00
 219    39.764 56822.57680760 42.16 202.987973  64.774752  7.059 -100.00 -100.00 -100.00
 220    83.693 56832.49244163 29.03 202.975545  64.771304   -100 -100.00 -100.00 -100.00
 220    83.401 56832.49244222 32.31 202.981363  64.772160  6.245 -100.00 -100.00 -100.00
 220    83.191 56832.49244281 22.34 202.987181  64.773017  7.821 -100.00 -100.00 -100.00
 221    41.105 56842.40807297 44.01 202.970097  64.768775 31.440 -100.00 -100.00 -100.00
 221    40.760 56842.40807356 47.36 202.975913  64.769632   -100 -100.00 -100.00 -100.00
 221    40.646 56842.40807415 49.06 202.981731  64.770489   -100 -100.00 -100.00 -100.00
 221    40.649 56842.40807474 52.37 202.987548  64.771345 12.589 -100.00 -100.00 -100.00
 222    41.075 56852.32371274 29.84 202.972426  64.768846   -100 -100.00 -100.00 -100.00
 222    40.075 56852.32371333 25.79 202.978244  64.769703 19.692 -100.00 -100.00 -100.00
 222    40.049 56852.32371392 31.24 202.984061  64.770559   -100 -100.00 -100.00 -100.00
 222    40.113 56852.32371451 32.50 202.989879  64.771416   -100 -100.00 -100.00 -100.00
 223    42.968 56862.23936710 27.56 202.972597  64.770250 13.670 -100.00 -100.00 -100.00
 223    40.593 56862.23936769 29.26 202.978414  64.771106 18.667 -100.00 -100.00 -100.00
 223    40.624 56862.23936828 38.05 202.984232  64.771963   -100 -100.00 -100.00 -100.00
 223    40.643 56862.23936887 37.56 202.990051  64.772819   -100 -100.00 -100.00 -100.00
 224    39.628 56872.15502082 42.59 202.971859  64.771638   -100 -100.00 -100.00 -100.00
 224    39.530 56872.15502141 40.85 202.977677  64.772494   -100 -100.00 -100.00 -100.00
 224    39.493 56872.15502200 46.34 202.983495  64.773351   -100 -100.00 -100.00 -100.00
 224    39.519 56872.15502259 46.52 202.989314  64.774207  3.459 -100.00 -100.00 -100.00
 225    39.472 56882.07067182 38.20 202.974984  64.772655   -100 -100.00 -100.00 -100.00
 225    39.492 56882.07067241 38.02 202.980803  64.773512   -100 -100.00 -100.00 -100.00
 225    39.526 56882.07067300 39.89 202.986622  64.774368   -100 -100.00 -100.00 -100.00
 226    39.196 56891.98631828 42.69 202.969811  64.771714   -100 -100.00 -100.00 -100.00
 226    38.938 56891.98631887 45.73 202.975629  64.772571   -100 -100.00 -100.00 -100.00
 226    39.061 56891.98631946 47.47 202.981448  64.773427   -100 -100.00 -100.00 -100.00
 226    39.087 56891.98632005 48.18 202.987267  64.774283   -100 -100.00 -100.00 -100.00
 227    44.393 56901.90196248 22.94 202.972569  64.771822 11.405 -100.00 -100.00 -100.00
 227    38.876 56901.90196307 26.69 202.978388  64.772678 24.659 -100.00 -100.00 -100.00
 227    41.772 56901.90196366 24.70 202.984207  64.773535 16.940 -100.00 -100.00 -100.00
 227    39.108 56901.90196425 31.16 202.990026  64.774391   -100 -100.00 -100.00 -100.00
 228    39.324 56911.81760478 48.29 202.975283  64.773101   -100 -100.00 -100.00 -100.00
 228    39.154 56911.81760537 49.44 202.981102  64.773957   -100 -100.00 -100.00 -100.00
 228    38.964 56911.81760596 52.78 202.986922  64.774813   -100 -100.00 -100.00 -100.00
 229    38.347 56921.73324490 29.92 202.972468  64.773759 30.274 -100.00 -100.00 -100.00
 229    38.224 56921.73324549 27.37 202.978287  64.774616 25.460 -100.00 -100.00 -100.00
 229    38.434 56921.73324608 27.90 202.984106  64.775472 21.224 -100.00 -100.00 -100.00
 229    38.489 56921.73324667 33.09 202.989926  64.776328   -100 -100.00 -100.00 -100.00
 230    37.802 56931.64888318 50.51 202.973719  64.774683 14.544 -100.00 -100.00 -100.00
 230    37.877 56931.64888377 49.95 202.979539  64.775539   -100 -100.00 -100.00 -100.00
 230    38.139 56931.64888436 39.23 202.985358  64.776395   -100 -100.00 -100.00 -100.00
 230    38.371 56931.64888495 45.44 202.991178  64.777251 18.403 -100.00 -100.00 -100.00
 231    37.580 56941.56451597 29.96 202.972788  64.773921 16.059 -100.00 -100.00 -100.00
 231    38.715 56941.56451656 28.80 202.978607  64.774778 14.487 -100.00 -100.00 -100.00
 231    38.215 56941.56451715 29.10 202.984426  64.775635 13.145 -100.00 -100.00 -100.00
 231    38.283 56941.56451774 28.49 202.990245  64.776491 13.970 -100.00 -100.00 -100.00
 232    37.401 56951.48015736 45.73 202.971956  64.772822 28.545 -100.00 -100.00 -100.00
 232    37.303 56951.48015795 49.58 202.977774  64.773679 27.421 -100.00 -100.00 -100.00
 232    37.350 56951.48015854 48.65 202.983592  64.774536   -100 -100.00 -100.00 -100.00
 232    37.151 56951.48015913 38.36 202.989411  64.775392 27.720 -100.00 -100.00 -100.00
 233    35.990 56961.39580873 45.21 202.973346  64.772554   -100 -100.00 -100.00 -100.00
 233    35.899 56961.39580932 43.08 202.979164  64.773411   -100 -100.00 -100.00 -100.00
 233    35.790 56961.39580991 43.17 202.984983  64.774267  0.042 -100.00 -100.00 -100.00
 233    35.764 56961.39581050 38.46 202.990802  64.775123   -100 -100.00 -100.00 -100.00
 234    36.360 56971.31145501 33.14 202.972664  64.772420   -100 -100.00 -100.00 -100.00
 234    36.490 56971.31145560 29.87 202.978483  64.773276 22.578 -100.00 -100.00 -100.00
 234    36.323 56971.31145619 28.84 202.984301  64.774133 21.781 -100.00 -100.00 -100.00
 234    36.163 56971.31145678 27.70 202.990120  64.774989 18.956 -100.00 -100.00 -100.00
 235    36.585 56981.22709704 34.30 202.969887  64.771960   -100 -100.00 -100.00 -100.00
 235    36.616 56981.22709763 34.97 202.975705  64.772817   -100 -100.00 -100.00 -100.00
 235    36.629 56981.22709822 34.14 202.981524  64.773673   -100 -100.00 -100.00 -100.00
 235    36.726 56981.22709881 30.97 202.987343  64.774530 21.169 -100.00 -100.00 -100.00
 236    36.842 56991.14273501 28.08 202.970955  64.771501 17.585 -100.00 -100.00 -100.00
 236    37.095 56991.14273560 26.77 202.976773  64.772358 13.221 -100.00 -100.00 -100.00
 236    36.878 56991.14273620 26.53 202.982592  64.773214 14.520 -100.00 -100.00 -100.00
 236    36.712 56991.14273679 25.67 202.988411  64.774070 13.342 -100.00 -100.00 -100.00
 237    36.687 57001.05836640 23.76 202.970463  64.769775 11.340 -100.00 -100.00 -100.00
 237    36.636 57001.05836699 25.10 202.976281  64.770632 13.921 -100.00 -100.00 -100.00
 237    36.586 57001.05836758 23.92 202.982099  64.771489 11.819 -100.00 -100.00 -100.00
 237    36.559 57001.05836817 21.57 202.987918  64.772345  7.465 -100.00 -100.00 -100.00
 238    36.884 57010.97402359 22.03 202.970110  64.769413  8.188 -100.00 -100.00 -100.00
 238    36.927 57010.97402418 23.39 202.975929  64.770270 11.463 -100.00 -100.00 -100.00
 238    36.766 57010.97402477 24.38 202.981747  64.771127 14.775 -100.00 -100.00 -100.00
 238    36.578 57010.97402536 23.48 202.987566  64.771983 11.456 -100.00 -100.00 -100.00
 239    36.695 57020.88967554 20.76 202.971065  64.769395  8.880 -100.00 -100.00 -100.00
 239    36.940 57020.88967613 20.19 202.976884  64.770252  8.133 -100.00 -100.00 -100.00
 239    36.920 57020.88967672 18.87 202.982702  64.771108  6.221 -100.00 -100.00 -100.00
 239    36.820 57020.88967731 20.93 202.988522  64.771964  9.871 -100.00 -100.00 -100.00
 240    37.202 57030.80532447 19.65 202.970774  64.770176  6.651 -100.00 -100.00 -100.00
 240    37.288 57030.80532506 19.56 202.976592  64.771032  6.765 -100.00 -100.00 -100.00
 240    37.329 57030.80532565 19.51 202.982411  64.771889  6.240 -100.00 -100.00 -100.00
 240    37.090 57030.80532624 19.47 202.988231  64.772745  5.926 -100.00 -100.00 -100.00
 241    37.118 57040.72097162 19.05 202.971261  64.771203  5.610 -100.00 -100.00 -100.00
 241    36.864 57040.72097221 19.44 202.977080  64.772060  6.305 -100.00 -100.00 -100.00
 241    37.172 57040.72097280 19.65 202.982899  64.772916  7.731 -100.00 -100.00 -100.00
 241    36.798 57040.72097339 19.42 202.988718  64.773772  7.118 -100.00 -100.00 -100.00
 242    36.814 57050.63661667 19.62 202.972298  64.771956  7.914 -100.00 -100.00 -100.00
 242    36.875 57050.63661726 19.41 202.978117  64.772812  7.558 -100.00 -100.00 -100.00
 242    36.619 57050.63661785 19.11 202.983936  64.773669  7.061 -100.00 -100.00 -100.00
 242    36.335 57050.63661844 19.45 202.989755  64.774525  7.539 -100.00 -100.00 -100.00
 243    36.686 57060.55225718 19.79 202.969974  64.771111  8.284 -100.00 -100.00 -100.00
 243    36.632 57060.55225777 19.85 202.975792  64.771967  8.655 -100.00 -100.00 -100.00
 243    36.432 57060.55225836 18.69 202.981611  64.772824  6.860 -100.00 -100.00 -100.00
 243    36.512 57060.55225895 19.25 202.987430  64.773680  7.891 -100.00 -100.00 -100.00
 244    36.589 57070.46789236 18.22 202.970407  64.770424  5.934 -100.00 -100.00 -100.00
 244    36.586 57070.46789295 18.35 202.976225  64.771281  6.108 -100.00 -100.00 -100.00
 244    36.416 57070.46789355 18.46 202.982043  64.772137  6.803 -100.00 -100.00 -100.00
 244    36.676 57070.46789414 18.05 202.987861  64.772994  5.609 -100.00 -100.00 -100.00
 245    36.421 57080.38352362 18.62 202.974084  64.770780  7.447 -100.00 -100.00 -100.00
 245    36.575 57080.38352421 18.84 202.979902  64.771637  7.025 -100.00 -100.00 -100.00
 245    36.885 57080.38352480 18.40 202.985720  64.772493  6.428 -100.00 -100.00 -100.00
 245    36.337 57080.38352539 18.65 202.991539  64.773349  7.160 -100.00 -100.00 -100.00
 246    37.107 57090.29916372 18.07 202.971248  64.771606  5.914 -100.00 -100.00 -100.00
 246    37.185 57090.29916431 18.14 202.977065  64.772463  5.590 -100.00 -100.00 -100.00
 246    37.019 57090.29916491 18.24 202.982883  64.773319  5.352 -100.00 -100.00 -100.00
 246    36.699 57090.29916550 17.89 202.988702  64.774176  5.227 -100.00 -100.00 -100.00
 247    38.355 57100.21482194 16.99 202.973371  64.774096  5.654 -100.00 -100.00 -100.00
 247    36.608 57100.21482253 18.25 202.979190  64.774952  6.384 -100.00 -100.00 -100.00
 247    37.465 57100.21482312 17.65 202.985009  64.775809  6.023 -100.00 -100.00 -100.00
 247    36.070 57100.21482371 18.70 202.990829  64.776665  7.555 -100.00 -100.00 -100.00
 248    36.462 57110.13047691 18.02 202.974591  64.775166  7.012 -100.00 -100.00 -100.00
 248    36.826 57110.13047750 17.28 202.980411  64.776022  5.360 -100.00 -100.00 -100.00
 248    37.050 57110.13047809 17.10 202.986230  64.776878  5.822 -100.00 -100.00 -100.00
 249    37.240 57120.04612612 16.36 202.974994  64.774323  5.873 -100.00 -100.00 -100.00
 249    37.195 57120.04612671 16.96 202.980813  64.775180  7.067 -100.00 -100.00 -100.00
 249    38.049 57120.04612730 16.40 202.986632  64.776036  5.752 -100.00 -100.00 -100.00
 250    38.499 57129.96176917 14.93 202.973034  64.772627  4.290 -100.00 -100.00 -100.00
 250    37.675 57129.96176976 15.57 202.978852  64.773483  5.189 -100.00 -100.00 -100.00
 250    36.968 57129.96177036 15.99 202.984671  64.774340  6.178 -100.00 -100.00 -100.00
 250    37.446 57129.96177095 15.17 202.990491  64.775196  4.643 -100.00 -100.00 -100.00
 251    42.879 57139.87740714 23.43 202.973420  64.772085 12.626 -100.00 -100.00 -100.00
 251    39.808 57139.87740773 28.82 202.979239  64.772942 28.723 -100.00 -100.00 -100.00
 251    40.275 57139.87740832 28.66 202.985058  64.773798 24.434 -100.00 -100.00 -100.00
 251    40.262 57139.87740891 32.06 202.990878  64.774655   -100 -100.00 -100.00 -100.00
 252   100.697 57149.79304175  2.87 202.975594  64.772642  7.108 -100.00 -100.00 -100.00
 252   121.707 57149.79304234 11.19 202.981413  64.773498 11.939 -100.00 -100.00 -100.00
 252    97.601 57149.79304293 10.98 202.987232  64.774355 15.976 -100.00 -100.00 -100.00
 253    39.931 57159.70867283 48.10 202.972219  64.771937   -100 -100.00 -100.00 -100.00
 253    39.748 57159.70867342 50.61 202.978037  64.772794 11.908 -100.00 -100.00 -100.00
 253    39.989 57159.70867401 51.36 202.983855  64.773651   -100 -100.00 -100.00 -100.00
 253    39.831 57159.70867460 46.15 202.989674  64.774507   -100 -100.00 -100.00 -100.00
 254    41.586 57169.62432427 46.50 202.970583  64.771142   -100 -100.00 -100.00 -100.00
 254    41.616 57169.62432486 51.36 202.976401  64.771998   -100 -100.00 -100.00 -100.00
 254    41.750 57169.62432545 52.81 202.982219  64.772855   -100 -100.00 -100.00 -100.00
 254    41.309 57169.62432604 53.80 202.988038  64.773711  2.056 -100.00 -100.00 -100.00
 255    40.095 57179.53998017 31.65 202.974640  64.770568 16.371 -100.00 -100.00 -100.00
 255    40.502 57179.53998076 34.11 202.980458  64.771425 24.672 -100.00 -100.00 -100.00
 255    41.215 57179.53998135 38.30 202.986276  64.772281 19.082 -100.00 -100.00 -100.00
 255    40.762 57179.53998194 38.96 202.992094  64.773137 31.589 -100.00 -100.00 -100.00
 256    38.492 57189.45563163 29.64 202.974525  64.769652 26.235 -100.00 -100.00 -100.00
 256    38.553 57189.45563222 32.24 202.980342  64.770509   -100 -100.00 -100.00 -100.00
 256    39.293 57189.45563281 33.36 202.986160  64.771365 26.578 -100.00 -100.00 -100.00
 256    38.810 57189.45563340 34.48 202.991978  64.772221   -100 -100.00 -100.00 -100.00
 257    38.021 57199.37127916 27.36 202.970942  64.769660  9.424 -100.00 -100.00 -100.00
 257    37.996 57199.37127975 31.78 202.976759  64.770516 20.339 -100.00 -100.00 -100.00
 257    38.265 57199.37128034 34.22 202.982577  64.771373 25.134 -100.00 -100.00 -100.00
 257    38.649 57199.37128093 35.41 202.988395  64.772229 21.350 -100.00 -100.00 -100.00
 258    38.754 57209.28691336 41.46 202.969856  64.770936 27.346 -100.00 -100.00 -100.00
 258    39.044 57209.28691395 45.47 202.975673  64.771792 27.952 -100.00 -100.00 -100.00
 258    38.528 57209.28691454 49.79 202.981491  64.772648   -100 -100.00 -100.00 -100.00
 258    38.388 57209.28691513 47.19 202.987310  64.773505   -100 -100.00 -100.00 -100.00
 259    38.848 57219.20255794 44.10 202.972504  64.772383   -100 -100.00 -100.00 -100.00
 259    38.734 57219.20255853 38.99 202.978322  64.773239   -100 -100.00 -100.00 -100.00
 259    38.630 57219.20255912 40.54 202.984140  64.774096   -100 -100.00 -100.00 -100.00
 259    38.486 57219.20255971 44.61 202.989959  64.774952 14.782 -100.00 -100.00 -100.00
 260    38.868 57229.11820110 34.56 202.971862  64.772050   -100 -100.00 -100.00 -100.00
 260    38.589 57229.11820169 32.50 202.977680  64.772907   -100 -100.00 -100.00 -100.00
 260    38.552 57229.11820228 39.25 202.983499  64.773763   -100 -100.00 -100.00 -100.00
 260    39.074 57229.11820287 38.37 202.989318  64.774619   -100 -100.00 -100.00 -100.00
 261    38.449 57239.03384200 33.29 202.971254  64.771131   -100 -100.00 -100.00 -100.00
 261    38.614 57239.03384259 34.96 202.977072  64.771987   -100 -100.00 -100.00 -100.00
 261    38.698 57239.03384318 36.51 202.982890  64.772844   -100 -100.00 -100.00 -100.00
 261    38.389 57239.03384377 38.33 202.988709  64.773700  5.223 -100.00 -100.00 -100.00
 262    38.371 57248.94948021 28.31 202.974390  64.770931 13.162 -100.00 -100.00 -100.00
 262    38.433 57248.94948080 28.89 202.980209  64.771787 14.430 -100.00 -100.00 -100.00
 262    38.523 57248.94948139 30.11 202.986027  64.772644 18.044 -100.00 -100.00 -100.00
 262    38.705 57248.94948198 33.32 202.991846  64.773500 24.907 -100.00 -100.00 -100.00
 263    38.499 57258.86511586 45.22 202.975599  64.771652   -100 -100.00 -100.00 -100.00
 263    38.560 57258.86511645 47.46 202.981417  64.772509   -100 -100.00 -100.00 -100.00
 263    38.361 57258.86511704 45.89 202.987236  64.773365 13.377 -100.00 -100.00 -100.00
 264    40.223 57268.78074996 30.28 202.973549  64.772737  8.589 -100.00 -100.00 -100.00
 264    40.175 57268.78075055 34.25 202.979367  64.773594 17.587 -100.00 -100.00 -100.00
 264    40.322 57268.78075114 37.81 202.985186  64.774450 26.680 -100.00 -100.00 -100.00
 264    40.341 57268.78075173 38.25 202.991006  64.775307 24.096 -100.00 -100.00 -100.00
 265    39.375 57278.69639994 30.72 202.971584  64.774138 25.699 -100.00 -100.00 -100.00
 265    39.289 57278.69640054 34.02 202.977403  64.774995   -100 -100.00 -100.00 -100.00
 265    39.658 57278.69640113 32.65 202.983222  64.775852   -100 -100.00 -100.00 -100.00
 265    39.705 57278.69640172 36.48 202.989041  64.776708   -100 -100.00 -100.00 -100.00
 266    39.128 57288.61205612 54.85 202.973846  64.774724   -100 -100.00 -100.00 -100.00
 266    39.248 57288.61205671 52.48 202.979665  64.775580  4.578 -100.00 -100.00 -100.00
 266    39.360 57288.61205730 50.03 202.985484  64.776437  6.789 -100.00 -100.00 -100.00
 267    38.504 57298.52770880 44.68 202.970733  64.773153 20.735 -100.00 -100.00 -100.00
 267    38.552 57298.52770939 46.78 202.976551  64.774009 22.969 -100.00 -100.00 -100.00
 267    38.584 57298.52770998 46.69 202.982370  64.774866   -100 -100.00 -100.00 -100.00
 267    38.814 57298.52771057 43.77 202.988189  64.775722   -100 -100.00 -100.00 -100.00
 268    38.055 57308.44335859 45.13 202.974982  64.772232   -100 -100.00 -100.00 -100.00
 268    38.346 57308.44335918 51.63 202.980800  64.773089   -100 -100.00 -100.00 -100.00
 268    38.170 57308.44335977 49.44 202.986619  64.773945 14.401 -100.00 -100.00 -100.00
 269    37.510 57318.35900403 41.22 202.970747  64.771452 28.531 -100.00 -100.00 -100.00
 269    37.669 57318.35900462 45.58 202.976565  64.772308 30.540 -100.00 -100.00 -100.00
 269    37.194 57318.35900521 47.32 202.982384  64.773165   -100 -100.00 -100.00 -100.00
 269    38.248 57318.35900580 37.04 202.988202  64.774021 23.443 -100.00 -100.00 -100.00
 270    36.726 57328.27464713 43.15 202.973371  64.772753   -100 -100.00 -100.00 -100.00
 270    36.643 57328.27464772 48.71 202.979189  64.773609  8.987 -100.00 -100.00 -100.00
 270    36.757 57328.27464832 42.80 202.985008  64.774466   -100 -100.00 -100.00 -100.00
 270    36.623 57328.27464891 37.89 202.990828  64.775321   -100 -100.00 -100.00 -100.00
 271    35.986 57338.19028773 45.15 202.972482  64.773532   -100 -100.00 -100.00 -100.00
 271    35.750 57338.19028832 49.73 202.978301  64.774389 11.424 -100.00 -100.00 -100.00
 271    35.720 57338.19028891 44.96 202.984120  64.775245   -100 -100.00 -100.00 -100.00
 271    35.633 57338.19028950 38.71 202.989940  64.776101   -100 -100.00 -100.00 -100.00
 272    35.331 57348.10593603 32.21 202.970735  64.772779 30.462 -100.00 -100.00 -100.00
 272    35.069 57348.10593662 34.30 202.976554  64.773636   -100 -100.00 -100.00 -100.00
 272    35.092 57348.10593721 30.80 202.982373  64.774492 32.503 -100.00 -100.00 -100.00
 272    34.885 57348.10593781 29.79 202.988193  64.775348 32.411 -100.00 -100.00 -100.00
 273    35.785 57358.02158268 27.51 202.974423  64.771363 24.745 -100.00 -100.00 -100.00
 273    35.664 57358.02158327 26.55 202.980242  64.772220 22.164 -100.00 -100.00 -100.00
 273    35.693 57358.02158386 26.82 202.986061  64.773076 23.239 -100.00 -100.00 -100.00
 273    35.304 57358.02158445 26.66 202.991881  64.773932 24.093 -100.00 -100.00 -100.00
 274    36.387 57367.93722574 22.85 202.975524  64.769610 15.321 -100.00 -100.00 -100.00
 274    36.243 57367.93722633 20.56 202.981342  64.770467 10.742 -100.00 -100.00 -100.00
 274    36.192 57367.93722692 20.74 202.987162  64.771323 10.725 -100.00 -100.00 -100.00
 275    37.073 57377.85286577 22.74 202.975026  64.769517 13.988 -100.00 -100.00 -100.00
 275    36.986 57377.85286636 22.48 202.980844  64.770374 11.812 -100.00 -100.00 -100.00
 275    37.100 57377.85286695 22.60 202.986663  64.771230 12.383 -100.00 -100.00 -100.00
 275    36.885 57377.85286754 23.07 202.992483  64.772086 14.460 -100.00 -100.00 -100.00
 276    36.838 57387.76850384 20.10 202.971262  64.770625 11.267 -100.00 -100.00 -100.00
 276    36.925 57387.76850444 18.93 202.977080  64.771482  8.529 -100.00 -100.00 -100.00
 276    36.946 57387.76850503 19.20 202.982899  64.772339  9.428 -100.00 -100.00 -100.00
 276    36.826 57387.76850562 19.44 202.988719  64.773195  9.580 -100.00 -100.00 -100.00
 277    36.618 57397.68414189 17.54 202.975535  64.772575  7.279 -100.00 -100.00 -100.00
 277    37.409 57397.68414248 16.32 202.981354  64.773431  5.683 -100.00 -100.00 -100.00
 277    37.033 57397.68414307 16.99 202.987174  64.774288  5.868 -100.00 -100.00 -100.00
 278    36.591 57407.59977741 16.29 202.970180  64.771482  6.265 -100.00 -100.00 -100.00
 278    36.751 57407.59977800 16.36 202.975998  64.772339  7.130 -100.00 -100.00 -100.00
 278    37.448 57407.59977859 14.87 202.981817  64.773196  4.604 -100.00 -100.00 -100.00
 278    37.348 57407.59977918 15.03 202.987636  64.774053  5.137 -100.00 -100.00 -100.00
 279    36.773 57417.51542984 15.89 202.971935  64.770857  6.009 -100.00 -100.00 -100.00
 279    36.696 57417.51543043 15.97 202.977753  64.771714  6.957 -100.00 -100.00 -100.00
 279    36.551 57417.51543102 15.70 202.983571  64.772571  7.437 -100.00 -100.00 -100.00
 279    37.884 57417.51543162 14.12 202.989390  64.773427  4.777 -100.00 -100.00 -100.00
 280    36.110 57427.43108039 16.70 202.970087  64.770202  7.495 -100.00 -100.00 -100.00
 280    36.332 57427.43108098 16.03 202.975904  64.771058  7.245 -100.00 -100.00 -100.00
 280    36.414 57427.43108157 15.43 202.981723  64.771915  6.454 -100.00 -100.00 -100.00
 280    37.696 57427.43108216 13.61 202.987541  64.772771  4.316 -100.00 -100.00 -100.00
 281    36.328 57437.34672855 14.36 202.970307  64.771568  5.369 -100.00 -100.00 -100.00
 281    36.284 57437.34672914 14.77 202.976125  64.772425  7.021 -100.00 -100.00 -100.00
 281    36.715 57437.34672973 14.49 202.981943  64.773281  5.539 -100.00 -100.00 -100.00
 281    37.238 57437.34673032 14.42 202.987762  64.774138  5.813 -100.00 -100.00 -100.00
 282    37.649 57447.26237546 13.31 202.971694  64.774172  5.901 -100.00 -100.00 -100.00
 282    37.210 57447.26237605 12.84 202.977513  64.775029  4.565 -100.00 -100.00 -100.00
 282    37.562 57447.26237664 13.62 202.983332  64.775885  5.958 -100.00 -100.00 -100.00
 282    37.635 57447.26237723 13.49 202.989152  64.776741  5.876 -100.00 -100.00 -100.00
 283    36.119 57457.17802118 14.09 202.971765  64.775777  6.406 -100.00 -100.00 -100.00
 283    37.317 57457.17802177 13.56 202.977585  64.776634  6.480 -100.00 -100.00 -100.00
 283    35.442 57457.17802236 16.99 202.983404  64.777490 11.277 -100.00 -100.00 -100.00
 283    35.613 57457.17802295 18.44 202.989225  64.778346 13.749 -100.00 -100.00 -100.00
 284    37.127 57467.09366458 12.53 202.975233  64.775617  5.437 -100.00 -100.00 -100.00
 284    37.835 57467.09366517 11.51 202.981052  64.776473  4.048 -100.00 -100.00 -100.00
 284    38.191 57467.09366576 11.36 202.986872  64.777330  3.703 -100.00 -100.00 -100.00
 285    38.186 57477.00930305 11.53 202.970432  64.772246  4.212 -100.00 -100.00 -100.00
 285    36.717 57477.00930364 13.00 202.976251  64.773103  6.551 -100.00 -100.00 -100.00
 285    37.942 57477.00930423 11.93 202.982070  64.773960  4.800 -100.00 -100.00 -100.00
 285    37.712 57477.00930482 12.36 202.987890  64.774816  5.318 -100.00 -100.00 -100.00
 286    38.284 57486.92493881  9.35 202.970945  64.769870  4.279 -100.00 -100.00 -100.00
 286    38.230 57486.92493940  9.24 202.976764  64.770727  4.618 -100.00 -100.00 -100.00
 286    36.898 57486.92493999 11.07 202.982582  64.771584  6.944 -100.00 -100.00 -100.00
 286    36.093 57486.92494058 12.47 202.988401  64.772440  8.570 -100.00 -100.00 -100.00
 287    35.080 57496.84057234 19.08 202.970909  64.769209 29.690 -100.00 -100.00 -100.00
 287    36.499 57496.84057293 20.35 202.976727  64.770066 26.363 -100.00 -100.00 -100.00
 287    35.227 57496.84057352 20.45 202.982545  64.770922   -100 -100.00 -100.00 -100.00
 287    36.905 57496.84057411 18.91 202.988364  64.771779 23.386 -100.00 -100.00 -100.00
 289    39.527 57516.67186573 47.76 202.970786  64.772172   -100 -100.00 -100.00 -100.00
 289    39.470 57516.67186632 51.62 202.976604  64.773029  6.084 -100.00 -100.00 -100.00
 289    39.552 57516.67186691 54.85 202.982423  64.773886 28.361 -100.00 -100.00 -100.00
 289    39.714 57516.67186750 47.17 202.988242  64.774742   -100 -100.00 -100.00 -100.00
 290    40.392 57526.58751919 41.24 202.971001  64.771991   -100 -100.00 -100.00 -100.00
 290    40.756 57526.58751978 42.68 202.976819  64.772848   -100 -100.00 -100.00 -100.00
 290    40.655 57526.58752037 43.34 202.982638  64.773704   -100 -100.00 -100.00 -100.00
 290    40.598 57526.58752096 45.65 202.988457  64.774561  4.732 -100.00 -100.00 -100.00
 291    39.770 57536.50317018 43.48 202.973189  64.770319   -100 -100.00 -100.00 -100.00
 291    39.744 57536.50317077 49.89 202.979006  64.771175   -100 -100.00 -100.00 -100.00
 291    39.809 57536.50317136 49.47 202.984824  64.772032   -100 -100.00 -100.00 -100.00
 291    39.608 57536.50317195 50.76 202.990643  64.772888 21.192 -100.00 -100.00 -100.00
 292    40.013 57546.41881854 48.72 202.975767  64.769190 32.673 -100.00 -100.00 -100.00
 292    39.972 57546.41881913 50.54 202.981585  64.770046   -100 -100.00 -100.00 -100.00
 292    39.643 57546.41881973 53.82 202.987402  64.770902 16.811 -100.00 -100.00 -100.00
 293    39.371 57556.33446480 44.58 202.972790  64.769133   -100 -100.00 -100.00 -100.00
 293    39.377 57556.33446539 49.79 202.978607  64.769989   -100 -100.00 -100.00 -100.00
 293    39.023 57556.33446598 51.64 202.984425  64.770846 21.750 -100.00 -100.00 -100.00
 293    39.214 57556.33446657 49.77 202.990243  64.771702 14.770 -100.00 -100.00 -100.00
 294    38.843 57566.25011034 35.27 202.974063  64.771432 25.509 -100.00 -100.00 -100.00
 294    39.274 57566.25011093 35.53 202.979881  64.772288 20.881 -100.00 -100.00 -100.00
 294    39.445 57566.25011152 38.36 202.985700  64.773144 25.153 -100.00 -100.00 -100.00
 294    39.462 57566.25011211 39.41 202.991518  64.774000 27.525 -100.00 -100.00 -100.00
 295    39.054 57576.16575478 38.77 202.971900  64.772854 28.684 -100.00 -100.00 -100.00
 295    39.158 57576.16575537 39.99 202.977719  64.773710   -100 -100.00 -100.00 -100.00
 295    39.074 57576.16575596 43.56 202.983537  64.774567   -100 -100.00 -100.00 -100.00
 295    39.139 57576.16575655 43.67 202.989356  64.775423   -100 -100.00 -100.00 -100.00
 296    42.489 57586.08139818 25.77 202.969831  64.772783 25.359 -100.00 -100.00 -100.00
 296    39.467 57586.08139877 28.68 202.975650  64.773639   -100 -100.00 -100.00 -100.00
 296    39.669 57586.08139936 30.77 202.981469  64.774496   -100 -100.00 -100.00 -100.00
 296    39.985 57586.08139995 30.84 202.987288  64.775352   -100 -100.00 -100.00 -100.00
 297    40.039 57595.99703992 36.26 202.974111  64.772396   -100 -100.00 -100.00 -100.00
 297    40.191 57595.99704051 40.51 202.979930  64.773252   -100 -100.00 -100.00 -100.00
 297    40.629 57595.99704110 40.13 202.985749  64.774109   -100 -100.00 -100.00 -100.00
 297    40.487 57595.99704169 41.19 202.991568  64.774965   -100 -100.00 -100.00 -100.00
