# NaN NaN NaN ;Mean Elev.(m), Avg Gradient(m/km), RMS Gradient(m/km) - SRTM1     
#    1.688  -2.686  28.010 ;Mean Elev.(m), Avg Gradient(m/km), RMS Gradient(m/km) - ASTER GDEM
#    9.357  -2.000  26.956 ;Mean Elev.(m), Avg Gradient(m/km), RMS Gradient(m/km) - GMTED2010 
   1 198.770360  61.886061    69.421    69.516  4 54661.12796864  5.306
   2 198.771824  61.884935   151.627   151.627  2 54671.04361430  2.411
   3 198.771968  61.885515    13.530    13.524  3 54680.95925811 22.521
   5 198.776080  61.886838    13.246    13.311  4 54700.79054157 35.989
   6 198.772344  61.886738    12.692    12.653  3 54710.70618758 39.441
   7 198.768053  61.885395    13.616    13.728  4 54720.62183864 46.814
   9 198.759808  61.883986    10.941    10.824  3 54740.45313362 36.223
  11 198.761058  61.884220    10.880    10.902  4 54760.28442728 48.690
  12 198.761000  61.884209    11.830    11.819  3 54770.20007159 26.912
  13 198.762133  61.883480    10.970    10.970  4 54780.11571282 24.840
  14 198.757552  61.884391    11.189    11.194  4 54790.03135085 22.920
  15 198.762561  61.883569    10.845    10.834  4 54799.94698895 21.165
  16 198.765095  61.884489    10.895    10.859  3 54809.86262677 16.710
  17 198.769940  61.885199    10.974    10.949  4 54819.77826584 12.713
  18 198.768522  61.885682    11.804    11.155  3 54829.69391804 10.596
  19 198.768029  61.885233    12.892    13.392  4 54839.60955693  9.777
  20 198.767537  61.884869    11.794    11.400  4 54849.52520603  9.813
  21 198.769820  61.884484    12.053    12.053  2 54859.44085484  9.296
  22 198.767389  61.885685    12.810    12.052  4 54869.35650313  9.320
  23 198.767740  61.884994    14.773    14.843  4 54879.27215085 11.410
  24 198.767118  61.883538    14.845    15.036  3 54889.18779543 15.589
  25 198.758626  61.883836    77.880    77.813  4 54899.10343592  2.128
  26 198.757772  61.883308    15.104    15.144  4 54909.01907491 12.531
  27 198.760579  61.883486    67.346    66.613  4 54918.93471295  3.699
  28 198.762210  61.884521    15.210    15.200  4 54928.85035059 12.358
  30 198.765063  61.884091    10.118    10.102  4 54948.68162285 29.263
  31 198.762324  61.884569    12.281    12.274  3 54958.59725939 28.096
  32 198.761061  61.884662    17.403    17.303  4 54968.51290781 49.853
  33 198.765104  61.884267    48.173    41.712  4 54978.42855559  9.335
  35 198.766272  61.884847    67.942    67.765  3 54998.25985036 24.860
  36 198.766417  61.884779    14.526    14.464  3 55008.17549603 31.813
  37 198.765882  61.885190    14.242    14.260  3 55018.09113968 27.344
  38 198.768293  61.885371    13.914    13.810  3 55028.00678227 23.245
  39 198.770834  61.885855    14.067    13.973  3 55037.92242440 17.692
  40 198.773542  61.886002    53.958    58.656  3 55047.83806551  3.762
  41 198.770762  61.886361    65.937    65.439  3 55057.75370414 20.987
  42 198.768268  61.885209    20.626    10.721  4 55067.66934183 35.257
  43 198.760847  61.884512    17.911    14.416  4 55077.58499149 16.449
  44 198.759304  61.883820    11.327    11.246  4 55087.50063916 37.404
  45 198.761340  61.883884    16.987    13.941  4 55097.41628540 20.476
  46 198.761671  61.884879    42.737    43.712  4 55107.33193092  7.391
  47 198.762198  61.884480    11.085    11.085  3 55117.24757595 48.560
  48 198.761061  61.883245    10.205    10.194  4 55127.16321863 48.373
  49 198.755573  61.883585     8.692     8.722  4 55137.07885848 44.278
  50 198.759908  61.882879     9.768     9.776  4 55146.99449754 30.646
  51 198.762354  61.884679     9.650     9.678  4 55156.91013552 23.876
  52 198.768312  61.885288     9.287     9.298  3 55166.82577399 26.577
  53 198.771647  61.885620     9.391     9.384  4 55176.74141188 27.512
  54 198.770877  61.885252    11.174    10.417  3 55186.65705480 30.478
  55 198.767687  61.885026    67.857    65.714  3 55196.57270558  4.448
  56 198.767492  61.885146    71.145    70.489  3 55206.48835534  1.574
  57 198.769866  61.885596    74.251    74.252  3 55216.40400465  0.927
  58 198.771097  61.885416    14.539    14.557  3 55226.31965328 20.402
  60 198.759482  61.884058     8.906     9.024  4 55246.15094114 27.103
  61 198.752129  61.883858    68.595    74.850  3 55256.06658057  6.090
  62 198.754897  61.883340    61.063    55.366  3 55265.98221978  0.667
  63 198.761089  61.884044     8.616     8.529  3 55275.89785846 26.251
  64 198.765512  61.885005     8.630     8.607  4 55285.81349607 23.499
  66 198.763307  61.883952    75.700    72.356  4 55305.64477095  6.266
  67 198.755156  61.884078    14.256    14.380  4 55315.56041731 26.848
  68 198.756331  61.884138    10.107    10.147  4 55325.47606291 39.593
  69 198.762972  61.884576    16.153    16.178  3 55335.39170769 45.751
  70 198.768251  61.885130    96.230    96.580  3 55345.30735193 14.976
  71 198.769522  61.885110    12.082    12.073  3 55355.22299488 35.033
  72 198.766629  61.885442    35.304    35.256  4 55365.13863541 14.518
  73 198.767578  61.884957    14.187    14.206  3 55375.05427484 16.553
  74 198.768574  61.885876    11.946    11.938  4 55384.96991309 38.161
  75 198.773763  61.886037    12.980    12.708  3 55394.88555098 17.696
  76 198.775495  61.886669    48.524    46.236  4 55404.80119022  4.525
  77 198.770883  61.885835    13.394    13.314  4 55414.71684151 25.042
  78 198.763876  61.884354    13.129    13.151  3 55424.63248956 46.569
  79 198.755128  61.884094    13.708    13.677  4 55434.54813463 50.652
  80 198.757355  61.883121    13.636    13.483  4 55444.46377923 24.094
  81 198.761336  61.883693    66.216    66.513  4 55454.37942262 23.328
  82 198.765127  61.884827    40.550    40.468  4 55464.29506513  8.484
  83 198.765932  61.884943    55.645    55.428  3 55474.21070493 26.258
  84 198.762348  61.884461    10.044    10.048  4 55484.12634148 42.424
  85 198.757769  61.884158     8.420     8.360  4 55494.04197587 34.553
  86 198.760771  61.884375     9.639     9.630  4 55503.95760983 41.561
  87 198.765665  61.885001     9.293     9.272  4 55513.87325880 36.561
  88 198.770826  61.885631    55.715    55.836  4 55523.78890890 24.897
  90 198.768300  61.885279     9.225     9.176  3 55543.62020285 26.141
  91 198.764861  61.885089     8.841     8.850  3 55553.53584671 22.728
  92 198.766744  61.884794    10.907    10.253  4 55563.45148988 10.676
  93 198.768366  61.885668    11.329    10.995  4 55573.36713222 12.023
  95 198.768174  61.885120     8.902     8.887  3 55593.19841070 19.790
  96 198.764244  61.884474     9.787     9.975  4 55603.11404462 14.137
  99 198.766009  61.884769    10.934    11.296  3 55632.86096596 13.557
 100 198.766980  61.885006    10.384    10.476  4 55642.77661675 12.982
 101 198.765627  61.884796    11.461    11.641  4 55652.69226451 13.070
 102 198.760477  61.884350    12.040    12.033  4 55662.60790771 12.084
 104 198.760369  61.883775    12.749    13.947  4 55682.43918722 30.272
 105 198.764499  61.885356     9.867     9.899  4 55692.35482478 36.462
 106 198.772609  61.885938    13.847    13.899  3 55702.27046120 42.717
 107 198.773701  61.886593    60.536    60.412  3 55712.18610389 20.175
 108 198.770801  61.886138    61.090    60.838  3 55722.10175314 16.366
 109 198.769894  61.885166    14.351    14.316  3 55732.01740065 28.561
 110 198.767571  61.885424    14.550    14.496  4 55741.93304670 20.367
 111 198.767300  61.885591    14.280    14.467  3 55751.84869170 25.666
 112 198.767703  61.885326    13.803    13.961  3 55761.76433451 48.747
 113 198.764892  61.885321    14.305    14.356  4 55771.67997415 24.709
 114 198.762869  61.884399    13.902    13.913  3 55781.59561046 24.696
 115 198.761178  61.884617    13.693    13.579  4 55791.51124397 34.590
 116 198.765500  61.884730    13.443    13.180  4 55801.42687674 26.769
 117 198.766532  61.885072    47.494    40.869  4 55811.34252685  9.099
 118 198.768392  61.885000    29.982    12.003  3 55821.25817555 36.121
 119 198.766275  61.885324    62.273    62.586  4 55831.17381908 17.565
 120 198.764320  61.884854    12.704    11.713  3 55841.08945818 22.536
 121 198.762939  61.884780    11.769    10.750  4 55851.00509429 27.772
 122 198.766911  61.885111    10.267    10.261  3 55860.92072890 48.675
 123 198.767785  61.885831    10.055    10.051  3 55870.83638141 38.740
 124 198.772161  61.885718     9.304     9.583  4 55880.75203241 22.177
 125 198.772024  61.886150     9.398     9.545  3 55890.66767625 20.101
 126 198.772296  61.886086    10.090    10.099  3 55900.58331431 18.845
 127 198.774967  61.885802    11.065    10.981  3 55910.49894784 13.352
 128 198.771634  61.885761    10.592    10.584  4 55920.41460074 14.624
 132 198.760406  61.883514    13.790    14.132  4 55960.07718396  9.729
 135 198.765787  61.885848    66.524    66.695  3 55989.82409357  0.619
 137 198.767229  61.883512    15.324    15.324  2 56009.65538840  8.165
 138 198.767307  61.882436    15.066    15.066  2 56019.57103527  9.312
 140 198.764347  61.884717     8.735     8.663  4 56039.40232023 24.623
 141 198.768421  61.885216    12.280    13.372  3 56049.31796029 20.742
 142 198.770079  61.886368    12.354    12.329  3 56059.23359736 31.722
 143 198.772452  61.886642    15.754    15.610  3 56069.14923194 45.084
 144 198.770376  61.886142    52.537    45.287  3 56079.06488290  6.731
 145 198.770082  61.885521    61.141    60.971  4 56088.98053137 21.852
 146 198.769258  61.885854    15.022    14.948  3 56098.89617723 32.191
 147 198.768656  61.885563    27.911    16.260  4 56108.81182087 32.546
 148 198.765268  61.885244    14.188    14.352  3 56118.72744980 25.521
 149 198.762747  61.884649    67.305    68.740  4 56128.64308674 25.042
 150 198.763190  61.884211    44.159    44.342  3 56138.55872044  4.757
 151 198.763382  61.884469    37.804    37.695  4 56148.47436811 34.855
 152 198.765945  61.884945    13.735    13.911  4 56158.39001729 22.156
 153 198.766720  61.885285    42.872    43.372  3 56168.30566518  6.854
 154 198.763893  61.885096    13.335    13.295  4 56178.22130988 45.008
 155 198.761916  61.884342    13.558    13.549  4 56188.13695024 42.275
 156 198.763098  61.883746    14.217    14.353  4 56198.05258748 24.914
 157 198.765187  61.885151    13.948    13.841  4 56207.96822176 22.148
 158 198.772845  61.886075    12.443    12.599  3 56217.88385504 21.415
 159 198.775778  61.886716    10.722    10.795  3 56227.79949968 41.118
 160 198.773150  61.886451    11.203    11.222  4 56237.71515394 32.919
 161 198.769534  61.885840    76.864    76.772  3 56247.63080426  1.663
 162 198.770659  61.884598    10.905    10.905  2 56257.54645005 24.087
 163 198.769156  61.885688    11.085    11.088  3 56267.46209192 22.537
 164 198.772086  61.885637    11.060    11.008  3 56277.37773260 17.032
 165 198.769113  61.885790    11.439    11.236  4 56287.29338024 14.279
 166 198.764519  61.884562    11.379    11.365  3 56297.20902927 13.866
 167 198.759718  61.883229    10.579    10.499  4 56307.12467435 16.449
 168 198.754649  61.883742    11.221    11.100  4 56317.04031639 10.862
 169 198.759360  61.884113    11.646    11.473  4 56326.95595788 10.412
 170 198.765619  61.884986    11.668    11.604  3 56336.87159850  9.806
 171 198.769148  61.885536    11.653    11.646  3 56346.78723738  9.677
 172 198.768790  61.885108    13.183    13.264  4 56356.70287349  9.556
 178 198.774810  61.885727    15.243    15.186  3 56416.19673875 21.392
 179 198.772126  61.886007    14.736    14.672  3 56426.11237154 27.121
 180 198.768940  61.885235    10.259    10.281  4 56436.02802112 33.794
 181 198.765957  61.885406    59.339    59.392  4 56445.94367266 25.620
 182 198.769095  61.885123    22.544    16.239  3 56455.85932248 35.517
 183 198.767334  61.885312    15.746    15.798  4 56465.77496876 36.492
 184 198.764342  61.884438    14.500    14.530  4 56475.69061121 35.578
 185 198.760409  61.883466    60.991    60.750  3 56485.60625005  2.832
 186 198.758468  61.883656    13.834    14.078  3 56495.52188598 25.473
 187 198.763338  61.884605    13.146    12.931  3 56505.43752069 52.163
 188 198.772122  61.885896    50.262    45.004  3 56515.35315418  3.726
 189 198.772777  61.886069    36.506    36.366  4 56525.26880789 32.911
 190 198.768305  61.885552    64.604    65.463  3 56535.18445829 25.559
 192 198.761235  61.883833    64.826    64.289  4 56555.01574911 14.074
 193 198.764494  61.884655    14.747    14.920  4 56564.93139211 19.765
 194 198.770809  61.885957    12.281    11.723  3 56574.84703406 22.594
 195 198.774806  61.887149    12.174    12.185  3 56584.76267294 21.335
 196 198.776954  61.886881    13.424    13.415  4 56594.67830898 47.797
 197 198.770090  61.886029    10.822    10.830  3 56604.59396152 45.287
 198 198.765765  61.885274     9.512     9.513  3 56614.50960942 46.939
 199 198.766215  61.885270     9.358     9.373  3 56624.42525376 36.014
 200 198.769331  61.885246    64.793    65.172  4 56634.34089551 14.392
 201 198.769716  61.886142    10.125    10.245  3 56644.25653202 31.584
 202 198.766730  61.884696    10.635    10.589  4 56654.17218482 18.606
 203 198.760952  61.883762    10.537    10.458  4 56664.08783309 31.905
 204 198.756987  61.883604    10.471    10.372  4 56674.00347881 34.289
 205 198.761219  61.883552    10.334    10.332  4 56683.91912413 43.666
 206 198.764727  61.884886    10.749     9.827  4 56693.83476718 28.620
 210 198.761418  61.884099    11.777    11.685  4 56733.49733868 22.110
 211 198.764150  61.884578     9.003     8.995  3 56743.41298599 25.135
 212 198.770972  61.885367     8.814     8.973  3 56753.32862927 25.572
 213 198.773830  61.886852    14.802    14.912  3 56763.24426674 31.680
 214 198.775838  61.886715    19.558    14.592  4 56773.15989986 30.802
 215 198.770195  61.885207    23.851     9.602  3 56783.07555704 35.800
 216 198.763248  61.884859    40.649    40.842  4 56792.99121035  6.211
 217 198.763744  61.883813    14.055    14.045  4 56802.90686170 34.054
 218 198.762270  61.884947    64.161    68.059  4 56812.82250472 22.347
 219 198.765146  61.884460    52.629    51.744  3 56822.73814475  3.308
 221 198.764135  61.884335    14.349    14.324  3 56842.56941225 30.692
 222 198.764018  61.884485    42.899    43.840  3 56852.48505209  5.141
 223 198.763896  61.884487    14.441    14.425  3 56862.40070616 30.840
 224 198.766101  61.884549    38.270    37.747  4 56872.31635983 33.669
 225 198.765703  61.884840    60.635    69.122  3 56882.23201016  7.194
 226 198.763154  61.885030    37.720    37.646  4 56892.14765671 36.409
 227 198.761707  61.884338    14.583    14.599  3 56902.06330044 19.832
 228 198.762851  61.884122    39.817    39.231  4 56911.97894247  6.206
 229 198.766096  61.884709    13.230    13.363  3 56921.89458307 20.562
 230 198.770451  61.885954    57.656    57.774  3 56931.81022149 19.047
 231 198.775807  61.886279    11.661    11.814  3 56941.72585493 37.674
 232 198.772988  61.886826    10.668    10.586  3 56951.64149666 44.607
 233 198.768189  61.885968    10.177    10.168  3 56961.55714757 45.116
 234 198.765940  61.885252    59.110    59.192  3 56971.47279367 16.215
 235 198.765832  61.885293    10.154    10.143  3 56981.38843576 31.276
 236 198.769054  61.885097    10.379    10.409  3 56991.30407370 39.534
 237 198.769057  61.885929    59.286    58.847  4 57001.21970487  2.785
 238 198.769488  61.883553    10.643    10.643  2 57011.13536273 23.789
 239 198.760770  61.884477    57.789    57.890  4 57021.05101357 19.989
 240 198.761551  61.884175    67.653    64.370  3 57030.96666260  2.692
 241 198.762557  61.884675    10.714    10.599  4 57040.88230977 43.076
 242 198.766018  61.884741    61.641    61.905  4 57050.79795513  7.611
 243 198.765633  61.885411    63.413    62.450  4 57060.71359593  7.075
 244 198.766662  61.885543     9.909     9.963  4 57070.62923132 27.084
 245 198.770201  61.885390    60.390    58.265  3 57080.54486260 13.144
 247 198.772530  61.885909     9.250     9.223  3 57100.37616118 29.175
 248 198.773090  61.885862    10.651    10.217  3 57110.29181581 25.596
 249 198.771974  61.885551    14.905    14.932  3 57120.20746473 28.657
 250 198.767694  61.885515    14.590    14.570  3 57130.12310752 29.433
 251 198.767584  61.885144    11.910    11.938  4 57140.03874544 36.499
 252 198.769416  61.885556    50.198    55.221  3 57149.95437999 19.560
 253 198.771454  61.886493    14.465    14.558  3 57159.87001158 41.983
 254 198.769957  61.885720    60.176    59.766  3 57169.78566376 26.001
 255 198.765997  61.884501    39.678    38.402  4 57179.70131920 33.707
 256 198.758861  61.884583    14.076    14.065  4 57189.61697016 26.076
 257 198.761594  61.883553    11.959    11.792  4 57199.53261841 24.872
 259 198.764858  61.885294    12.224    12.306  4 57219.36389666 23.228
 260 198.767005  61.885111    63.666    63.939  4 57229.27953987 23.330
 261 198.766134  61.885260    18.773    12.570  4 57239.19518054 13.585
 262 198.766437  61.885286    63.169    62.922  4 57249.11081833 24.564
 263 198.769613  61.885687    12.523    12.166  4 57259.02645399 17.665
 264 198.775309  61.886323    59.342    59.228  3 57268.94208866 20.006
 265 198.777203  61.886743    14.697    14.758  3 57278.85773930 16.495
 266 198.773315  61.887167    67.818    68.094  3 57288.77339490 16.673
 267 198.770769  61.885918    13.508    13.330  3 57298.68904795 48.860
 268 198.766332  61.884931    58.599    57.467  3 57308.60469716 24.081
 269 198.763398  61.884626    66.239    66.553  4 57318.52034277 16.635
 270 198.764245  61.884612    45.633    39.177  3 57328.43598550  8.374
 271 198.765883  61.885504    10.164    10.174  4 57338.35162598 45.941
 272 198.764797  61.885221     9.994    10.005  3 57348.26727435 29.137
 273 198.762380  61.884127     9.518     9.533  3 57358.18292040 24.597
 274 198.758142  61.883641     9.870     9.897  4 57368.09856294 25.909
 275 198.756889  61.884336    10.104    10.161  4 57378.01420280 23.470
 276 198.764921  61.884674    56.274    55.941  3 57387.92984194 15.173
 277 198.770440  61.885993    10.201    10.229  4 57397.84547998 33.330
 278 198.775512  61.885924     9.795     9.813  3 57407.76111667 26.115
 279 198.769614  61.885476     9.710     9.697  4 57417.67676894 30.686
 280 198.763775  61.885278     9.283     9.275  4 57427.59241927 28.753
 281 198.765876  61.884717     9.200     9.198  4 57437.50806758 30.233
 282 198.770606  61.885366     9.096     9.085  4 57447.42371449 29.222
 283 198.774177  61.886201     8.860     8.899  3 57457.33936018 28.446
 284 198.775620  61.885968     8.817     8.843  3 57467.25500323 24.355
 285 198.771473  61.885711     8.794     8.746  4 57477.17064182 28.922
 286 198.768013  61.885065    14.778    14.663  3 57487.08627733 28.686
 287 198.768260  61.885145     9.381     9.366  3 57497.00191093 33.483
 288 198.771684  61.886034     9.011     9.058  4 57506.91754865 46.848
 289 198.771162  61.886117    66.974    67.282  4 57516.83320497 19.501
 290 198.769359  61.885574    14.621    14.516  3 57526.74885847 46.476
 291 198.763207  61.884749    58.945    62.364  4 57536.66450902  6.642
 292 198.760012  61.883384    65.156    65.203  4 57546.58015715 18.497
 293 198.759285  61.883357    55.511    55.761  4 57556.49580360  3.031
 294 198.763901  61.884199    41.166    40.917  4 57566.41144908  5.383
 295 198.768653  61.885121    58.272    67.135  3 57576.32709380  5.392
 296 198.769584  61.885671    67.959    67.944  4 57586.24273720  0.934
 297 198.767173  61.885585    13.675    13.711  3 57596.15837814 25.831
