-152470.511   323.128     0.00   52.05
-152183.834   337.022    48.47   54.37
-151897.145   350.822    48.13   55.95
-151610.444   375.922    87.54   66.18
-151323.730   397.369    74.80   69.66
-151037.004   415.601    63.58   68.42
-150750.266   431.177    54.32   60.07
-150463.516   441.791    37.01   51.35
-150176.754   452.798    38.38   46.58
-149889.979   461.537    30.47   50.06
-149603.193   462.325     2.75   57.67
-149316.394   462.320    -0.02   61.18
-149029.583   466.569    14.81   62.64
-148742.759   468.731     7.54   62.30
-148455.924   472.517    13.20   60.94
-148169.076   464.268   -28.75   69.18
-147882.216   447.383   -58.86   73.90
-147595.344   420.306   -94.38   72.70
-147308.459   392.535   -96.80   68.44
-147021.562   372.305   -70.51   61.92
-146734.654   351.856   -71.27   53.52
-146447.732   338.452   -46.71   43.63
-146160.799   337.243    -4.21   42.83
-145873.854   345.432    28.53   56.33
-145586.896   355.089    33.65   67.64
-145299.926   365.699    36.97   72.30
-145012.943   376.878    38.95   73.08
-144725.949   384.457    26.41   70.92
-144438.942   391.504    24.55   68.44
-144151.923   395.820    15.04   63.53
-143864.892   404.174    29.10   56.65
-143577.849   411.233    24.59   48.75
-143290.793   421.956    37.35   42.73
-143003.725   432.659    37.28   43.01
-142716.645   452.419    68.83   55.52
-142429.552   472.629    70.39   67.95
-142142.447   489.640    59.25   73.00
-141855.330   513.097    81.70   75.65
-141568.201   525.912    44.63   72.66
-141281.060   540.163    49.63   72.88
-140993.906   549.242    31.61   68.31
-140706.740   552.162    10.17   68.14
-140419.562   554.119     6.82   71.15
-140132.371   555.866     6.08   73.44
-139845.168   542.776   -45.58   74.86
-139557.953   523.760   -66.21   74.63
-139270.726   487.944  -124.69   77.23
-138983.486   466.820   -73.54   78.96
-138696.234   454.345   -43.43   74.26
-138408.970   444.306   -34.95   68.18
-138121.694   442.636    -5.81   59.86
-137834.405   444.309     5.82   58.10
-137547.104   452.430    28.26   62.52
-137259.790   455.965    12.30   60.78
-136972.465   451.497   -15.55   68.05
-136685.127   434.174   -60.28   68.23
-136397.777   419.269   -51.87   63.44
-136110.414   418.146    -3.91   70.12
-135823.039   432.836    51.11   83.57
-135535.652   449.711    58.72   90.97
-135248.253   480.985   108.81  100.35
-134960.841   512.783   110.63   90.89
-134673.417   527.601    51.55   85.78
-134385.981   533.999    22.26   84.05
-134098.532   524.693   -32.38   84.96
-133811.071   511.102   -47.28   76.05
-133523.598   492.708   -63.98   61.21
-133236.112   491.467    -4.32   65.92
-132948.614   493.027     5.43   74.99
-132661.104   498.640    19.52   80.48
-132373.581   520.161    74.85   84.20
-132086.047   548.287    97.81   82.06
-131798.499   565.976    61.51   73.86
-131510.940   573.187    25.08   67.85
-131223.368   561.178   -41.76   74.27
-130935.784   543.919   -60.01   86.68
-130648.187   506.963  -128.49  102.55
-130360.578   462.104  -155.97  104.88
-130072.957   425.605  -126.89   83.95
-129785.324   402.131   -81.61   63.49
-129497.678   393.636   -29.53   53.39
-129210.020   408.343    51.12   66.30
-128922.349   438.820   105.94   90.47
-128634.666   487.427   168.95  104.81
-128346.971   534.016   161.93  105.64
-128059.263   567.654   116.91   96.49
-127771.543   588.843    73.64   87.76
-127483.811   601.798    45.02   93.43
-127196.066   591.691   -35.12  105.95
-126908.309   572.335   -67.26  114.63
-126620.540   549.264   -80.17  109.05
-126332.758   537.812   -39.79   97.35
-126044.964   532.715   -17.71   89.68
-125757.856   520.950   -40.97   85.75
-125472.601   509.753   -39.25   82.74
-125187.336   501.183   -30.04   81.66
-124902.059   494.916   -21.97   87.22
-124616.771   475.212   -69.06   84.51
-124331.471   462.354   -45.06   80.49
-124046.161   453.040   -32.64   73.61
-123760.838   454.202     4.07   70.03
-123475.505   457.533    11.67   72.40
-123190.160   470.287    44.70   85.41
-122904.804   478.550    28.95   92.45
-122619.436   499.717    74.17   98.60
-122334.058   519.820    70.44   99.74
-122048.667   541.470    75.86   96.45
-121763.266   551.995    36.88   87.78
-121477.853   562.730    37.61   77.18
-121192.429   577.342    51.19   69.76
-120906.993   595.191    62.53   72.90
-120621.546   616.519    74.72   76.43
-120336.088   642.046    89.42   82.13
-120050.619   671.873   104.48   90.73
-119765.138   691.312    68.09  100.84
-119479.645   705.917    51.16   99.83
-119194.142   723.652    62.11   95.19
-118908.627   738.851    53.23   89.53
-118623.100   747.879    31.62   82.94
-118337.563   741.582   -22.06   79.26
-118052.014   722.487   -66.87   82.07
-117766.453   695.479   -94.57   93.20
-117480.881   669.609   -90.59  101.69
-117195.298   621.050  -170.03  107.84
-116909.703   573.638  -166.01   93.31
-116624.098   541.199  -113.57   80.00
-116338.480   508.928  -112.99   61.83
-116052.852   496.760   -42.60   57.74
-115767.211   498.298     5.38   63.16
-115481.560   504.920    23.18   75.05
-115195.897   534.028   101.89   96.42
-114910.223   568.294   119.95  106.71
-114624.537   604.676   127.34  106.34
-114338.840   631.609    94.27   97.54
-114053.132   643.199    40.57   92.31
-113767.412   648.591    18.87   85.08
-113481.681   647.332    -4.41   85.54
-113195.939   630.762   -57.99   96.74
-112910.185   616.245   -50.80   97.95
-112624.419   588.028   -98.74  104.72
-112338.643   564.069   -83.84  105.03
-112052.855   534.754  -102.57  112.14
-111767.055   504.624  -105.42  116.58
-111481.244   476.681   -97.76  114.97
-111195.422   447.605  -101.72  112.16
-110909.588   420.321   -95.45  109.58
-110623.743   391.305  -101.50  103.61
-110337.886   364.440   -93.98   90.94
-110052.018   344.576   -69.48   72.55
-109766.139   335.101   -33.14   63.64
-109480.248   342.878    27.20   70.15
-109194.346   359.005    56.41   88.70
-108908.432   390.425   109.89  109.63
-108622.507   434.360   153.65  125.73
-108336.571   468.260   118.55  122.35
-108050.623   490.668    78.36  119.60
-107764.664   490.106    -1.97  118.79
-107478.693   477.460   -44.22  125.99
-107192.711   462.607   -51.93  125.38
-106906.717   431.173  -109.91  122.12
-106620.712   402.094  -101.67  113.09
-106334.696   372.126  -104.77  104.99
-106048.668   345.688   -92.43   99.02
-105762.628   324.056   -75.63   88.17
-105476.578   307.957   -56.28   80.44
-105190.515   289.189   -65.61   68.95
-104904.442   272.442   -58.54   60.22
-104618.357   258.546   -48.57   53.38
-104332.260   246.067   -43.62   41.42
-104046.152   236.939   -31.90   25.38
-103760.033   232.586   -15.21   21.90
-103473.902   235.024     8.52   33.24
-103187.759   239.699    16.34   47.01
-102901.606   245.639    20.75   55.10
-102615.440   252.557    24.18   63.08
-102329.264   270.708    63.42   80.71
-102043.075   289.995    67.39   97.66
-101756.876   312.422    78.36  110.45
-101470.665   323.105    37.32  115.39
-101184.442   329.025    20.69  112.24
-100898.208   322.450   -22.97  110.26
-100611.963   309.987   -43.54   95.37
-100325.706   303.878   -21.34   85.13
-100039.437   303.746    -0.46   78.86
 -99753.157   301.362    -8.33   70.49
 -99466.866   308.291    24.20   69.48
 -99180.563   339.404   108.67   72.45
 -98894.249   368.072   100.12   67.51
 -98607.923   391.279    81.05   67.96
 -98321.585   400.878    33.52   74.36
 -98035.237   414.548    47.74   86.90
 -97748.876   426.717    42.49  100.43
 -97462.505   417.460   -32.33  108.36
 -97176.121   411.843   -19.61  105.91
 -96889.726   416.610    16.64  103.51
 -96603.320   420.896    14.96   88.67
 -96316.902   412.298   -30.02   81.00
 -96030.473   400.525   -41.10   78.98
 -95744.033   405.941    18.91   77.08
 -95457.580   410.835    17.09   78.41
 -95171.117   403.335   -26.18   78.45
 -94884.641   383.453   -69.40   71.15
 -94598.155   359.679   -82.98   75.08
 -94311.656   337.595   -77.08   83.47
 -94025.147   304.525  -115.42   76.34
 -93738.625   281.032   -81.99   60.15
 -93452.092   280.559    -1.65   59.49
 -93165.548   294.969    50.29   74.35
 -92878.992   314.136    66.89   82.18
 -92592.425   336.655    78.58   85.87
 -92305.846   364.240    96.25   77.30
 -92019.256   404.328   139.87   66.94
 -91732.654   423.151    65.68   62.38
 -91446.040   431.427    28.87   59.51
 -91159.415   429.951    -5.15   58.74
 -90872.779   416.388   -47.32   64.74
 -90586.131   397.035   -67.51   69.75
 -90299.471   367.198  -104.08   66.51
 -90012.800   338.250  -100.98   58.48
 -89726.118   311.530   -93.20   54.65
 -89439.424   290.343   -73.90   48.17
 -89152.718   276.327   -48.88   38.57
 -88866.001   276.003    -1.13   40.91
 -88579.272   280.572    15.94   48.52
 -88292.532   290.865    35.90   58.43
 -88005.780   312.420    75.17   73.53
 -87719.016   331.010    64.82   78.11
 -87432.241   352.949    76.50   77.43
 -87145.455   366.431    47.01   75.80
 -86858.657   393.955    95.97   69.83
 -86571.847   416.614    79.00   59.34
 -86285.026   429.048    43.35   51.31
 -85998.193   423.798   -18.30   54.15
 -85711.349   414.820   -31.30   63.12
 -85424.493   402.813   -41.86   72.79
 -85137.626   384.124   -65.15   75.95
 -84850.747   364.873   -67.10   68.49
 -84563.856   353.526   -39.55   60.75
 -84276.954   354.078     1.93   63.07
 -83990.041   366.864    44.56   69.81
 -83703.115   386.745    69.29   75.47
 -83416.178   404.677    62.49   74.76
 -83129.230   423.173    64.46   69.16
 -82842.270   433.146    34.75   63.87
 -82555.298   431.262    -6.57   64.56
 -82268.315   418.634   -44.00   72.48
 -81981.321   407.703   -38.09   77.47
 -81694.314   393.427   -49.74   77.81
 -81407.296   371.126   -77.69   71.62
 -81120.267   345.013   -90.98   66.66
 -80833.226   316.168  -100.49   63.42
 -80546.173   300.616   -54.18   61.45
 -80259.109   296.457   -14.49   64.66
 -79972.033   293.712    -9.56   67.33
 -79684.946   289.384   -15.07   67.00
 -79397.847   281.356   -27.96   66.94
 -79110.736   273.440   -27.57   66.46
 -78823.614   264.634   -30.67   68.97
 -78536.480   242.261   -77.92   72.37
 -78249.334   215.208   -94.21   73.85
 -77962.177   189.668   -88.94   72.97
 -77675.009   170.895   -65.37   69.35
 -77387.828   158.139   -44.42   60.25
 -77100.636   146.775   -39.57   55.44
 -76813.433   144.610    -7.54   62.45
 -76526.218   138.806   -20.21   66.22
 -76238.991   129.265   -33.21   66.03
 -75951.753   120.791   -29.50   65.38
 -75664.503   105.873   -51.93   59.79
 -75377.241    87.719   -63.20   46.56
 -75089.968    73.037   -51.11   30.44
 -74802.683    64.827   -28.58   22.65
 -74515.386    64.828     0.00   24.57
 -74228.078    72.527    26.80   34.84
 -73940.759    84.625    42.11   45.19
 -73653.427    98.042    46.70   48.75
 -73366.084   112.369    49.86   53.46
 -73078.729   127.257    51.81   51.76
 -72791.363   133.688    22.38   47.66
 -72503.985   131.768    -6.68   46.24
 -72216.596   126.305   -19.01   42.73
 -71929.194   125.302    -3.49   39.13
 -71641.782   136.302    38.27   40.76
 -71354.357   149.386    45.52   41.07
 -71066.921   155.791    22.28   40.27
 -70779.473   156.920     3.93   40.89
 -70492.013   153.684   -11.26   48.75
 -70204.542   144.107   -33.32   58.40
 -69917.059   135.204   -30.97   66.88
 -69629.565   116.392   -65.43   70.37
 -69342.059   102.776   -47.36   69.66
 -69054.541    89.042   -47.76   72.01
 -68767.012    78.469   -36.77   71.77
 -68479.471    68.509   -34.64   72.45
 -68191.918    62.528   -20.80   76.30
 -67904.353    45.730   -58.41   70.68
 -67616.777    32.915   -44.56   62.26
 -67329.189    19.813   -45.56   51.21
 -67041.590     7.769   -41.88   32.46
 -66753.979    -1.232   -31.30   11.06
 -66466.356    -3.083    -6.43    0.44
 -66178.721    -3.048     0.12    0.36
 -65891.075    -2.973     0.26    0.42
 -65603.417    -2.852     0.42    0.48
 -65315.748    -2.739     0.39    0.50
 -65028.066    -2.623     0.40    0.50
 -64740.374    -2.501     0.43    0.46
 -64452.669    -2.335     0.57    0.49
 -64164.953    -2.119     0.75    0.55
 -63878.077    -1.898     0.77    0.54
 -63592.750    -1.695     0.71    0.50
 -63307.413    -1.543     0.53    0.48
 -63022.065    -1.375     0.59    0.38
 -62736.707    -1.254     0.42    0.22
 -62451.337    -1.202     0.18    0.00
 -62165.957    -1.202     0.00    0.00
 -61880.567    -1.202     0.00    0.00
 -61595.166    -1.202     0.00    0.00
 -61309.754    -1.202     0.00    0.00
 -61024.331    -1.166     0.13    0.19
 -60738.898    -1.069     0.34    0.34
 -60453.454    -0.937     0.46    0.44
 -60167.999    -0.782     0.54    0.50
 -59882.533    -0.604     0.62    0.49
 -59597.057    -0.439     0.57    0.43
 -59311.570    -0.270     0.59    0.25
 -59026.073    -0.202     0.24    0.00
 -58740.564    -0.202     0.00    0.00
 -58455.046    -0.202     0.00    0.00
 -58169.516    -0.180     0.08    0.15
 -57883.975    -0.091     0.31    0.32
 -57598.424     0.027     0.41    0.42
 -57312.863     0.158     0.46    0.48
 -57027.290     0.302     0.50    0.50
 -56741.707     0.438     0.48    0.48
 -56456.113     0.582     0.50    0.41
 -56170.508     0.783     0.71    0.37
 -55884.893     0.954     0.60    0.38
 -55599.267     1.119     0.58    0.47
 -55313.630     1.287     0.59    0.50
 -55027.982     1.514     0.80    0.58
 -54742.324     1.820     1.07    0.61
 -54456.655     2.146     1.14    0.59
 -54170.975     2.455     1.08    0.66
 -53885.285     2.776     1.12    0.71
 -53599.583     3.078     1.06    0.67
 -53313.871     3.408     1.15    0.62
 -53028.149     3.701     1.02    0.70
 -52742.415     4.018     1.11    0.72
 -52456.671     4.386     1.29    0.75
 -52170.916     4.694     1.08    0.77
 -51885.151     4.972     0.97    0.74
 -51599.374     5.276     1.06    0.63
 -51313.587     5.515     0.84    0.50
 -51027.789     5.806     1.02    0.60
 -50741.980     6.065     0.91    0.58
 -50456.161     6.339     0.96    0.54
 -50170.331     6.596     0.90    0.65
 -49884.490     6.892     1.03    0.64
 -49598.638     7.279     1.36    0.76
 -49312.776     7.710     1.51    1.01
 -49026.903     8.162     1.58    1.17
 -48741.019     8.656     1.73    1.17
 -48455.124     9.199     1.90    1.06
 -48169.219     9.708     1.78    0.98
 -47883.303    10.255     1.91    0.93
 -47597.376    10.798     1.90    1.07
 -47311.438    11.343     1.91    1.33
 -47025.489    12.059     2.50    1.52
 -46739.530    12.895     2.92    1.62
 -46453.560    13.675     2.73    1.58
 -46167.579    14.586     3.19    1.63
 -45881.588    15.418     2.91    1.65
 -45595.585    16.320     3.15    1.73
 -45309.572    17.149     2.90    1.91
 -45023.548    18.119     3.39    2.03
 -44737.513    19.313     4.17    1.78
 -44451.468    20.250     3.28    1.72
 -44165.412    21.198     3.31    1.78
 -43879.345    22.164     3.38    1.72
 -43593.267    23.294     3.95    1.99
 -43307.178    25.477     7.63    4.68
 -43021.079    28.726    11.36    7.21
 -42734.968    32.723    13.97    9.02
 -42448.847    37.048    15.11   10.03
 -42162.716    41.654    16.10    9.72
 -41876.573    45.417    13.15    7.73
 -41590.420    47.688     7.93    5.56
 -41304.255    48.091     1.41    5.21
 -41018.080    47.356    -2.57    6.44
 -40731.895    45.642    -5.99    7.76
 -40445.698    43.354    -8.00    8.58
 -40159.491    39.566   -13.23   10.44
 -39873.272    36.186   -11.81   10.99
 -39587.043    33.173   -10.53   11.45
 -39300.803    30.509    -9.31   10.93
 -39014.553    28.917    -5.56   10.01
 -38728.291    27.805    -3.88    9.02
 -38442.019    27.313    -1.72    8.44
 -38155.736    28.110     2.78    8.65
 -37869.442    28.457     1.21    8.51
 -37583.137    29.247     2.76    8.78
 -37296.822    30.112     3.02    8.83
 -37010.495    29.425    -2.40    8.36
 -36724.158    29.002    -1.48    7.98
 -36437.810    27.512    -5.20    7.11
 -36151.451    26.819    -2.42    6.53
 -35865.081    25.997    -2.87    5.80
 -35578.701    25.146    -2.97    4.85
 -35292.310    25.305     0.56    4.79
 -35005.907    25.731     1.49    4.88
 -34719.494    27.427     5.92    6.62
 -34433.071    30.354    10.22    8.53
 -34146.636    34.334    13.89   10.20
 -33860.190    39.457    17.88   10.17
 -33573.734    43.888    15.47    9.03
 -33287.267    47.719    13.38    7.34
 -33000.789    50.052     8.14    5.43
 -32714.300    50.915     3.01    4.70
 -32427.800    51.379     1.62    4.22
 -32141.289    51.116    -0.92    4.00
 -31854.768    49.726    -4.85    4.45
 -31568.236    49.242    -1.69    4.30
 -31281.692    49.226    -0.06    4.39
 -30995.138    50.194     3.38    4.65
 -30708.573    51.930     6.06    5.67
 -30421.998    54.762     9.88    7.60
 -30135.411    58.783    14.03    9.17
 -29848.814    64.331    19.36   10.75
 -29562.205    68.940    16.08   10.36
 -29275.586    71.598     9.27    8.52
 -28988.956    72.622     3.57    8.13
 -28702.315    70.828    -6.26    9.85
 -28415.663    68.184    -9.22   11.16
 -28129.001    64.522   -12.77   11.05
 -27842.327    59.769   -16.58    8.39
 -27555.643    57.373    -8.36    7.74
 -27268.947    55.982    -4.85    7.11
 -26982.241    56.647     2.32    7.74
 -26695.524    57.709     3.70    7.00
 -26408.796    58.179     1.64    6.42
 -26122.058    58.321     0.49    5.74
 -25835.308    56.805    -5.28    6.09
 -25548.547    54.555    -7.85    6.88
 -25261.776    51.676   -10.04    7.39
 -24974.993    48.662   -10.51    6.73
 -24688.200    46.895    -6.16    5.34
 -24401.396    46.460    -1.52    5.15
 -24114.581    47.154     2.42    5.63
 -23827.755    48.413     4.39    6.15
 -23540.918    50.438     7.06    6.51
 -23254.071    53.016     8.99    6.19
 -22967.212    56.100    10.75    6.02
 -22680.342    58.265     7.55    5.88
 -22393.462    60.420     7.51    7.30
 -22106.571    63.141     9.48    8.38
 -21819.668    64.657     5.29    8.19
 -21532.755    66.668     7.01    8.86
 -21245.831    67.462     2.77    8.15
 -20958.896    69.598     7.44    8.21
 -20671.950    71.442     6.43    8.37
 -20384.994    72.479     3.61    8.08
 -20098.026    74.014     5.35    7.88
 -19811.047    74.776     2.65    7.12
 -19524.058    73.697    -3.76    8.13
 -19237.057    70.917    -9.68    9.06
 -18950.046    67.727   -11.12    9.55
 -18663.024    63.623   -14.30   11.57
 -18375.990    58.546   -17.69   15.85
 -18088.946    53.021   -19.25   21.20
 -17801.891    46.238   -23.63   24.82
 -17514.825    40.068   -21.49   27.21
 -17227.748    34.124   -20.71   27.66
 -16940.660    26.592   -26.24   25.45
 -16653.561    19.602   -24.35   20.16
 -16366.452    14.828   -16.63   15.13
 -16079.331    12.510    -8.07   12.58
 -15792.199    10.926    -5.52   10.85
 -15505.057     9.613    -4.57    6.58
 -15217.903     8.717    -3.12    2.33
 -14930.739     8.275    -1.54    0.89
 -14643.564     8.148    -0.44    0.86
 -14356.377     8.011    -0.48    0.75
 -14069.180     7.891    -0.42    0.61
 -13781.972     7.813    -0.27    0.32
 -13494.752     7.888     0.26    0.42
 -13207.522     8.004     0.41    0.53
 -12920.281     8.067     0.22    0.60
 -12633.029     8.129     0.22    0.71
 -12345.766     8.072    -0.20    0.79
 -12058.492     8.028    -0.15    0.81
 -11771.207     8.019    -0.03    0.85
 -11483.911     8.005    -0.05    0.83
 -11196.604     8.052     0.16    0.89
 -10909.287     8.208     0.55    0.92
 -10621.958     8.186    -0.08    1.00
 -10334.618     8.268     0.28    1.06
 -10047.267     8.320     0.18    1.22
  -9759.906     8.169    -0.53    1.60
  -9472.533     8.082    -0.31    1.60
  -9185.149     7.863    -0.76    1.81
  -8897.755     7.568    -1.03    1.94
  -8610.349     7.305    -0.92    2.12
  -8322.932     6.901    -1.41    2.21
  -8035.505     6.492    -1.42    2.29
  -7748.066     5.984    -1.77    2.37
  -7460.617     5.362    -2.16    2.29
  -7173.156     4.812    -1.91    2.33
  -6885.685     4.044    -2.67    2.03
  -6598.202     3.585    -1.60    1.88
  -6310.709     3.119    -1.62    1.63
  -6023.204     2.657    -1.61    1.24
  -5735.689     2.402    -0.89    1.08
  -5448.162     2.099    -1.06    0.63
  -5160.625     2.039    -0.21    0.56
  -4873.076     1.939    -0.35    0.41
  -4585.517     1.879    -0.21    0.27
  -4297.946     1.841    -0.13    0.20
  -4010.365     1.798    -0.15    0.00
  -3722.772     1.798     0.00    0.00
  -3435.169     1.798     0.00    0.00
  -3147.554     1.798     0.00    0.00
  -2859.928     1.798     0.00    0.00
  -2572.292     1.798     0.00    0.00
  -2284.644     1.798     0.00    0.00
  -1997.980     1.798     0.00    0.00
  -1712.586     1.798     0.00    0.00
  -1427.181     1.732    -0.23    0.33
  -1141.766     1.512    -0.77    0.67
   -856.341     1.127    -1.35    0.92
   -570.906     0.783    -1.20    0.98
   -285.461     0.479    -1.06    0.93
     -0.006     0.294    -0.65    0.84
    285.459     0.489     0.68    1.23
    570.934     0.827     1.18    1.58
    856.419     1.472     2.26    1.81
   1141.915     2.146     2.36    1.80
   1427.420     2.834     2.41    1.54
   1712.935     3.380     1.91    1.00
   1998.460     3.784     1.41    0.12
   2283.996     3.798     0.05    0.00
   2569.541     3.798     0.00    0.00
   2855.097     3.798     0.00    0.00
   3140.662     3.798     0.00    0.00
   3426.238     3.835     0.13    0.19
   3711.823     4.017     0.64    0.54
   3997.419     4.343     1.14    0.99
   4283.025     4.827     1.70    1.38
   4568.641     5.465     2.23    1.72
   4854.266     6.141     2.37    1.99
   5139.902     6.977     2.93    2.17
   5425.548     7.835     3.01    2.16
   5711.204     8.494     2.30    2.11
   5996.870     8.945     1.58    1.97
   6282.547     9.227     0.99    1.85
   6568.233     9.445     0.77    1.73
   6853.929     9.539     0.33    1.56
   7139.635     9.747     0.73    2.30
   7425.352    11.662     6.71    5.97
   7711.078    14.701    10.64    8.79
   7996.815    18.374    12.85   10.11
   8282.562    22.287    13.70    9.93
   8568.318    25.369    10.79    8.31
   8854.085    27.402     7.11    5.87
   9139.862    25.988    -4.95    7.47
   9425.649    23.348    -9.24    8.52
   9711.446    21.366    -6.93    8.27
   9997.253    20.592    -2.71    7.73
  10283.070    20.922     1.15    7.35
  10568.897    23.410     8.70    8.28
  10854.735    28.093    16.38    9.56
  11140.582    34.305    21.73   10.45
  11426.440    39.465    18.05   11.31
  11712.307    43.834    15.28   10.96
  11998.185    46.430     9.08    9.26
  12284.073    46.061    -1.29    9.61
  12569.971    42.849   -11.23   12.39
  12855.879    37.447   -18.90   14.27
  13141.797    31.227   -21.76   13.07
  13427.725    26.257   -17.38    9.77
  13713.664    22.482   -13.20    5.85
  13999.612    20.316    -7.58    4.30
  14285.571    19.664    -2.28    4.49
  14571.539    19.769     0.37    5.49
  14857.518    21.042     4.45    8.05
  15143.507    23.331     8.00   10.66
  15429.506    24.784     5.08   12.37
  15715.515    24.985     0.70   12.04
  16001.534    25.287     1.06   12.08
  16287.563    23.857    -5.00    9.73
  16573.602    22.373    -5.19    7.50
  16859.652    20.855    -5.30    5.32
  17145.712    19.291    -5.47    3.65
  17431.781    19.138    -0.53    3.43
  17717.861    19.820     2.38    4.38
  18003.951    21.077     4.39    5.68
  18290.051    23.819     9.58    8.06
  18576.161    26.358     8.87    8.00
  18862.282    29.039     9.37    8.63
  19148.412    32.805    13.16   10.67
  19434.553    37.208    15.39   12.93
  19720.704    43.041    20.38   15.09
  20006.865    48.035    17.45   15.30
  20293.035    52.257    14.75   14.63
  20579.217    55.884    12.67   14.49
  20865.408    59.249    11.76   13.70
  21151.609    60.151     3.15   13.55
  21437.821    61.383     4.31   13.43
  21724.042    60.435    -3.31   13.72
  22010.274    60.704     0.94   14.17
  22296.516    59.620    -3.79   13.09
  22582.768    58.871    -2.62   11.29
  22869.031    59.158     1.00   10.20
  23155.303    59.542     1.34    9.16
  23441.585    61.791     7.85    9.46
  23727.878    63.564     6.19    9.79
  24014.181    67.561    13.96   10.14
  24300.494    71.648    14.28   11.80
  24586.817    76.761    17.86   15.02
  24873.150    83.381    23.12   19.07
  25159.494    92.343    31.30   24.49
  25445.847   101.769    32.92   25.89
  25732.211   110.148    29.26   24.53
  26018.585   113.236    10.78   24.08
  26304.969   112.262    -3.40   25.78
  26591.363   107.821   -15.51   25.38
  26877.768   104.090   -13.03   23.95
  27164.182    99.465   -16.15   19.38
  27450.607    97.470    -6.97   14.29
  27737.042    98.798     4.64   12.91
  28023.487   103.376    15.98   14.92
  28309.942   111.442    28.16   18.98
  28596.408   119.086    26.68   20.76
  28882.883   128.350    32.34   23.40
  29169.369   142.258    48.55   28.35
  29455.865   155.680    46.85   30.44
  29742.371   166.028    36.12   27.47
  30028.887   169.612    12.51   25.23
  30315.414   170.514     3.15   24.71
  30601.950   171.199     2.39   25.72
  30888.497   172.247     3.66   28.69
  31175.054   177.194    17.26   37.29
  31461.621   187.798    37.01   46.84
  31748.199   204.099    56.88   51.96
  32034.786   228.980    86.82   54.95
  32321.384   249.509    71.63   54.94
  32607.992   263.082    47.36   50.24
  32894.610   273.926    37.83   46.46
  33181.239   286.176    42.74   46.74
  33467.877   290.602    15.44   45.50
  33754.526   285.305   -18.48   54.84
  34041.185   278.680   -23.11   56.20
  34327.854   273.891   -16.71   56.75
  34614.533   274.950     3.70   50.91
  34901.223   274.820    -0.45   47.47
  35187.922   272.082    -9.55   46.62
  35474.632   266.999   -17.73   46.83
  35761.352   265.706    -4.51   47.70
  36048.083   260.474   -18.24   49.20
  36334.823   245.247   -53.11   48.74
  36621.574   228.984   -56.71   45.98
  36908.335   214.708   -49.78   41.96
  37195.106   208.798   -20.61   38.82
  37481.888   207.457    -4.67   37.96
  37768.679   196.331   -38.80   40.50
  38055.481   183.355   -45.24   43.73
  38342.293   174.873   -29.58   42.45
  38629.116   168.629   -21.77   38.33
  38915.948   162.160   -22.55   34.37
  39202.791   157.395   -16.61   27.52
  39489.644   159.334     6.76   25.33
  39776.507   165.679    22.12   25.79
  40063.380   173.783    28.25   28.26
  40350.264   183.287    33.13   34.07
  40637.158   191.895    30.00   36.85
  40924.062   202.544    37.12   38.31
  41210.976   209.688    24.90   36.27
  41497.901   218.324    30.10   32.87
  41784.836   223.748    18.90   31.91
  42071.781   228.509    16.59   34.05
  42358.736   227.382    -3.93   35.78
  42645.701   217.548   -34.27   44.22
  42932.677   207.189   -36.10   51.55
  43219.663   194.777   -43.25   53.18
  43506.659   187.515   -25.30   50.52
  43793.666   178.604   -31.05   41.54
  44080.682   178.084    -1.81   30.86
  44367.709   186.455    29.16   33.19
  44654.747   201.979    54.09   33.05
  44941.794   218.865    58.83   33.03
  45228.852   236.869    62.72   37.18
  45515.920   259.273    78.04   46.36
  45802.998   282.236    79.99   57.96
  46090.087   301.124    65.79   63.74
  46377.185   323.602    78.30   67.85
  46664.294   343.995    71.03   66.37
  46951.414   361.107    59.60   65.29
  47238.543   378.509    60.61   63.78
  47525.683   391.812    46.33   62.51
  47812.833   408.977    59.78   67.62
  48099.993   441.302   112.57   85.07
  48387.164   474.984   117.29   93.74
  48674.345   502.201    94.78   90.28
  48961.536   532.417   105.21   88.66
  49248.737   559.813    95.39   95.51
  49535.949   592.967   115.44  101.54
  49823.171   616.077    80.46  116.87
  50110.403   652.192   125.74  126.43
  50397.646   678.503    91.60  124.29
  50684.898   716.585   132.57  115.29
