# NaN NaN NaN ;Mean Elev.(m), Avg Gradient(m/km), RMS Gradient(m/km) - SRTM1     
#   32.184 -60.475  61.521 ;Mean Elev.(m), Avg Gradient(m/km), RMS Gradient(m/km) - ASTER GDEM
#   35.000  -6.398  44.252 ;Mean Elev.(m), Avg Gradient(m/km), RMS Gradient(m/km) - GMTED2010 
   1 202.069511  64.818324    36.818    37.002  4 54659.09646540 20.960
   3 202.068521  64.818191    15.492    15.589  4 54678.92775569  7.666
   4 202.066430  64.820168   120.040   123.599  4 54688.84339839  4.182
   5 202.067141  64.821378    17.084    17.133  4 54698.75903937  8.512
   6 202.063187  64.821230   123.016   123.016  2 54708.67468244  7.725
   7 202.067193  64.818157    19.939    20.549  4 54718.59033464 15.274
   9 202.069989  64.814013    96.839    97.415  3 54738.42163161 12.756
  10 202.066636  64.815134    83.409    83.463  5 54748.33727846 24.876
  11 202.065871  64.816318    98.507    98.321  4 54758.25292522 22.405
  12 202.068032  64.816303    33.075    33.110  4 54768.16857015 43.835
  13 202.066792  64.815451    96.252    96.132  4 54778.08421147 12.421
  14 202.064109  64.814520    82.581    82.473  4 54787.99985028 17.909
  15 202.067217  64.813924    33.148    33.190  4 54797.91548860 34.726
  16 202.069061  64.815410    33.005    33.004  4 54807.83112663 23.994
  17 202.067852  64.817821    33.428    33.236  4 54817.74676377 21.272
  18 202.066535  64.818838    33.365    33.368  4 54827.66241383 22.194
  19 202.066791  64.818208    34.301    34.312  4 54837.57805296 16.659
  21 202.066892  64.817875    34.546    34.688  4 54857.40935112 10.503
  22 202.068575  64.818452    33.617    33.689  4 54867.32500004 12.079
  23 202.069220  64.818394    35.455    35.610  4 54877.24064824  9.937
  24 202.069586  64.817359    36.294    36.159  4 54887.15629348 11.048
  25 202.067198  64.815694    36.464    36.385  4 54897.07193513  8.956
  26 202.068166  64.814076    37.161    37.190  4 54906.98757448  7.890
  27 202.068270  64.814100    35.586    35.711  4 54916.90321248  7.017
  28 202.067261  64.815280    33.853    33.747  4 54926.81885019  7.408
  29 202.067536  64.816154    36.824    36.677  4 54936.73448740  8.388
  31 202.066819  64.816051   144.619   145.202  4 54956.56575604  1.218
  32 202.065189  64.815245    93.632    88.828  4 54966.48140461 14.955
  33 202.058484  64.816232   129.739   129.739  2 54976.39705159  0.671
  38 202.067122  64.818136    97.330    97.383  4 55025.97528001 23.650
  40 202.067546  64.819534    96.616    96.735  4 55045.80656328 24.601
  41 202.065626  64.819570    83.022    82.980  4 55055.72220259 26.128
  46 202.065430  64.815945    95.034    95.569  4 55105.30042852 23.741
  47 202.069049  64.815355   100.317    99.476  4 55115.21607457  8.302
  48 202.067379  64.814829    96.503    96.688  4 55125.13171773 12.597
  50 202.065205  64.814509    32.975    32.982  4 55144.96299673 37.140
  51 202.066531  64.815436    34.873    35.083  5 55154.87863469 24.416
  52 202.068187  64.816515    34.948    34.806  4 55164.79427298 22.179
  53 202.069092  64.817693    35.445    35.655  4 55174.70991099 20.121
  54 202.066860  64.818460    35.225    35.248  4 55184.62555056 19.075
  55 202.067520  64.818140    35.224    35.300  4 55194.54120183 17.118
  56 202.065385  64.818607    34.680    34.584  4 55204.45685147 17.991
  57 202.066311  64.819203    35.359    35.443  4 55214.37250069 13.826
  58 202.065924  64.819317    35.187    35.207  4 55224.28814932 13.221
  59 202.065099  64.818007    35.057    34.828  4 55234.20379624 12.770
  60 202.068520  64.815221    35.582    35.409  4 55244.11944042 12.983
  61 202.068264  64.813442    35.275    35.135  4 55254.03508119 13.025
  62 202.067263  64.813636    36.065    36.079  4 55263.95071988 12.439
  63 202.068028  64.815282    35.647    35.721  4 55273.86635773 13.055
  64 202.069521  64.816415    35.757    35.691  4 55283.78199522 10.817
  65 202.066623  64.816557    35.355    35.474  4 55293.69763097 10.886
  66 202.064000  64.815506    35.506    35.476  4 55303.61326789 12.008
  68 202.064763  64.814589   129.899   129.251  4 55323.44456103  3.051
  76 202.064724  64.820958    97.902    97.971  4 55402.76968502 19.411
  80 202.068384  64.813710    98.106    98.969  4 55442.43227810 20.225
  81 202.066373  64.815629    98.284    98.231  4 55452.34792085 23.911
  82 202.065940  64.817207   118.844   118.844  2 55462.26356296  2.921
  83 202.066297  64.816647    96.253    95.574  4 55472.17920356 19.470
  84 202.067917  64.814783    95.179    95.225  4 55482.09484153 21.877
  85 202.065592  64.813864    32.111    32.102  4 55492.01047686 43.267
  86 202.067739  64.814664    31.787    31.802  4 55501.92611077 34.608
  87 202.069218  64.816618    31.709    31.715  4 55511.84175558 38.142
  88 202.066101  64.818751    32.827    32.824  4 55521.75740480 38.433
  89 202.065291  64.819069    33.023    33.061  4 55531.67305311 30.681
  90 202.068219  64.817620    32.546    32.633  4 55541.58870024 31.200
  91 202.064372  64.817462    32.604    32.645  4 55551.50434454 28.662
  92 202.067278  64.817594    32.872    32.876  4 55561.41998794 19.348
  93 202.066211  64.819141    32.658    32.612  4 55571.33563010 20.309
  94 202.069229  64.819151    34.901    34.959  4 55581.25127160 15.401
  95 202.067112  64.817899    34.600    34.622  4 55591.16690964 14.300
  96 202.068271  64.815265    34.519    34.319  4 55601.08254487 14.999
  97 202.066913  64.814046    33.898    34.001  4 55610.99817762 16.025
  98 202.068254  64.814965    33.932    34.275  4 55620.91380948 16.874
  99 202.068478  64.816696    34.309    33.963  4 55630.82946229 16.184
 100 202.068034  64.817825    33.716    33.660  4 55640.74511309 16.711
 101 202.066950  64.816981    32.228    31.804  4 55650.66076134 18.941
 102 202.067711  64.814378    35.102    35.032  4 55660.57640627 12.799
 103 202.066232  64.813210    33.326    33.436  5 55670.49204745 15.230
 105 202.058130  64.818317    79.955    79.955  2 55690.32332324  9.368
 106 202.065425  64.819649    95.209    95.532  4 55700.23895973 21.582
 109 202.065669  64.817958    98.831    98.889  4 55729.98589729 21.104
 110 202.064375  64.818274    98.138    98.273  4 55739.90154379 18.456
 112 202.069158  64.818246    98.980    99.555  4 55759.73283274 19.425
 115 202.066342  64.814379    99.852    99.777  5 55789.47974422 11.381
 116 202.066334  64.815178    93.539    93.051  4 55799.39537724 28.048
 118 202.066448  64.817971    96.727    96.628  4 55819.22667245 16.970
 119 202.071527  64.816960   101.256   101.256  2 55829.14231747  3.747
 120 202.063133  64.816514    96.195    96.696  3 55839.05795680 15.903
 121 202.073683  64.813606    78.093    78.093  2 55848.97359501  6.331
 122 202.065269  64.815810    96.123    96.347  4 55858.88922913 20.295
 123 202.065818  64.817832    32.059    32.041  4 55868.80487730 40.516
 124 202.066089  64.819651    32.485    32.454  4 55878.72052874 25.384
 125 202.068449  64.819763    32.211    32.241  4 55888.63617388 19.691
 126 202.069123  64.818980    32.872    32.154  4 55898.55181313 17.490
 127 202.066614  64.818867    35.215    35.251  4 55908.46744706 15.332
 128 202.067227  64.818493    32.972    32.921  4 55918.38309595 16.433
 129 202.066500  64.818530    35.243    35.175  4 55928.29874886 14.244
 130 202.068139  64.817783    35.554    35.732  4 55938.21439851 12.919
 131 202.068103  64.816134    36.091    36.020  4 55948.13004316 10.499
 132 202.067386  64.814614    36.336    36.463  4 55958.04568323 10.901
 133 202.064349  64.814557    36.074    36.102  4 55967.96132058 10.027
 134 202.065709  64.815409    35.759    35.650  4 55977.87695745 10.232
 135 202.067881  64.816655    36.306    36.301  4 55987.79259374  9.852
 136 202.067626  64.817473    35.872    35.969  4 55997.70823337  9.794
 137 202.067673  64.816553    35.882    35.827  4 56007.62388479  9.373
 138 202.067676  64.815172    35.885    35.951  4 56017.53953202  8.472
 139 202.065860  64.814948    32.732    32.708  4 56027.45517607  9.215
 142 202.065339  64.819368   110.024   110.531  4 56057.20209647 10.847
 143 202.066215  64.820148   104.066   104.173  4 56067.11772991 20.796
 145 202.065713  64.818808   111.887   122.299  3 56086.94902766  2.383
 147 202.067690  64.817911    98.949    98.953  4 56106.78031877 13.991
 150 202.072894  64.814762   110.733   110.733  2 56136.52722116  3.794
 151 202.068408  64.815360    83.846    83.714  4 56146.44286457 26.460
 153 202.064485  64.816983    98.560    97.303  4 56166.27416203  8.059
 156 202.068919  64.815312   104.369   104.369  2 56196.02108736  6.776
 157 202.062341  64.816867   124.299   124.299  2 56205.93672116  0.860
 159 202.066151  64.819869    97.589    97.678  4 56225.76799392 19.906
 160 202.066071  64.820017    32.125    32.093  4 56235.68364927 41.301
 161 202.069609  64.818815    33.489    32.657  4 56245.59930115 30.198
 162 202.069679  64.818101    35.706    35.874  4 56255.51494757 19.035
 163 202.066934  64.818647    34.948    35.175  4 56265.43058969 20.451
 164 202.067197  64.818990    35.593    35.563  5 56275.34623036 16.664
 165 202.065935  64.818581    35.623    35.601  4 56285.26187587 15.550
 166 202.069398  64.816186    35.743    35.768  4 56295.17752688 15.236
 167 202.063947  64.814853    34.965    35.117  4 56305.09317284 16.344
 168 202.066594  64.813854    35.750    35.808  5 56315.00881594 14.941
 169 202.067263  64.815018    35.870    35.984  4 56324.92445683 13.575
 170 202.067653  64.816748    36.066    36.135  4 56334.84009690 13.123
 171 202.069069  64.817147    36.434    36.328  4 56344.75573626 12.544
 172 202.065094  64.817101    36.058    36.258  4 56354.67137284 12.589
 173 202.068840  64.815224    36.156    36.136  4 56364.58701812 12.806
 174 202.066154  64.815209    36.241    36.172  4 56374.50266681 11.714
 176 202.069731  64.817690    36.426    36.483  4 56394.33395679 11.154
 177 202.069095  64.818859    36.088    35.950  4 56404.24959861 10.015
 178 202.067490  64.819323    36.286    36.380  4 56414.16523737  7.897
 180 202.068552  64.818305    96.350    95.285  4 56433.99651693  4.268
 181 202.065707  64.818403   101.256   101.214  4 56443.91216889 20.248
 182 202.067769  64.818498    38.855    38.844  4 56453.82781880 29.421
 187 202.067210  64.815811    99.543    99.752  4 56503.40602082  6.619
 190 202.068766  64.817153    90.753    90.753  2 56533.15295493  7.822
 193 202.067847  64.816680   109.210   109.210  2 56562.89989057  1.718
 194 202.068179  64.819163    94.022    95.633  4 56572.81553196 25.950
 195 202.068353  64.820685    98.238   103.456  4 56582.73117132 23.224
 196 202.067021  64.820628   109.355   105.504  3 56592.64680621 17.662
 197 202.068901  64.818355    96.464    96.403  4 56602.56245769 25.835
 198 202.064488  64.817712    31.999    32.040  4 56612.47810664 41.360
 199 202.068630  64.817710    32.763    32.869  4 56622.39375195 28.963
 200 202.068961  64.818582    32.994    32.973  4 56632.30939391 26.519
 201 202.065307  64.819239    33.811    33.229  4 56642.22503117 23.580
 202 202.064771  64.817120    35.026    35.147  4 56652.14068069 18.951
 203 202.063976  64.814739    35.357    35.360  4 56662.05633047 18.012
 204 202.065528  64.813646    34.687    34.660  4 56671.97197746 18.473
 205 202.066735  64.815240    35.569    35.661  5 56681.88762256 18.266
 206 202.065708  64.817574    36.063    36.149  4 56691.80326541 17.015
 207 202.066850  64.818558    36.090    36.057  4 56701.71890471 16.251
 208 202.064359  64.818001    35.568    35.550  4 56711.63453885 16.242
 210 202.066901  64.815162    36.191    36.326  4 56731.46583589 14.157
 211 202.066061  64.817051    35.621    35.619  4 56741.38148354 13.709
 212 202.069718  64.819031    36.117    35.991  4 56751.29712728 12.936
 213 202.069739  64.820522    37.370    37.388  4 56761.21276564 12.411
 215 202.060352  64.819267   125.060   125.060  2 56781.04405111  1.428
 216 202.065554  64.816831    98.123    98.055  4 56790.95970658 20.982
 217 202.069287  64.816108   116.082   116.172  4 56800.87535875  9.895
 219 202.066078  64.817873    99.259   102.467  4 56820.70664334 21.541
 221 202.064757  64.815471    99.419   100.025  4 56840.53791230 18.558
 222 202.064239  64.815249    98.036    98.786  4 56850.45354765 23.327
 223 202.064114  64.816125    98.963    99.060  4 56860.36920199 25.032
 226 202.068446  64.816986   104.420   100.492  3 56890.11615426  6.364
 227 202.063025  64.816056   101.910    98.915  3 56900.03179839 14.248
 228 202.065180  64.815624    97.137    96.867  4 56909.94744106 17.698
 229 202.061279  64.817976   103.325   103.781  3 56919.86308134 19.145
 232 202.064922  64.820987    97.239    92.602  4 56949.60999107 13.888
 233 202.067715  64.818321    33.239    33.230  4 56959.52564389 49.444
 234 202.065292  64.817280    32.288    32.294  4 56969.44129097 43.141
 235 202.065857  64.817309    33.369    33.321  4 56979.35693431 35.527
 236 202.068323  64.817844    34.196    34.171  4 56989.27257333 34.249
 237 202.069782  64.818165    34.033    33.430  4 56999.18820601 22.297
 238 202.069382  64.816862    34.452    33.743  4 57009.10385784 20.773
 239 202.065688  64.815536    34.068    33.948  4 57019.01951019 20.081
 240 202.068731  64.814396    35.847    35.918  4 57028.93516010 18.338
 241 202.067655  64.815397    35.059    35.191  4 57038.85080785 17.892
 242 202.068302  64.816823    35.712    35.977  4 57048.76645337 16.861
 243 202.069489  64.817696    35.539    35.372  4 57058.68209507 16.241
 244 202.068075  64.817860    35.433    35.552  4 57068.59773091 14.698
 245 202.065549  64.818024    35.347    35.458  4 57078.51336231 12.721
 246 202.066618  64.818347    34.461    34.381  4 57088.42899735 15.338
 247 202.066301  64.819042    35.690    35.572  4 57098.34465566 14.107
 248 202.067057  64.819939    35.603    35.765  4 57108.26031109 13.573
 249 202.066083  64.820249    35.826    35.825  4 57118.17596127 13.190
 250 202.064542  64.819475    35.653    35.683  4 57128.09160538 12.583
 251 202.067532  64.817883    31.719    31.763  4 57138.00724448 24.296
 252 202.060490  64.818663    94.432    94.432  2 57147.92287868 13.840
 253 202.067095  64.818332    98.005    98.028  4 57157.83851168 23.006
 254 202.061653  64.819080    92.905    92.905  2 57167.75415800 18.027
 256 202.069217  64.815676    97.333    97.292  4 57187.58546752 24.595
 257 202.069017  64.814955    87.391    83.701  4 57197.50111567 18.118
 259 202.066680  64.816456    95.960    95.269  4 57217.33239446 10.338
 261 202.067540  64.817649   105.948   105.948  2 57237.16367958  4.212
 262 202.062181  64.818556   110.369   114.174  3 57247.07931712  3.695
 264 202.065542  64.819741   113.148   116.329  4 57266.91058726  2.519
 265 202.066822  64.820598   111.892   111.892  2 57276.82623321  1.928
 266 202.067684  64.820519   112.850   113.524  3 57286.74189000  1.379
 267 202.065590  64.819761    98.198    98.285  4 57296.65754367 18.683
 269 202.067961  64.817052    96.625    97.101  4 57316.48884057 21.994
 270 202.065079  64.817285    98.356    99.190  4 57326.40448333 24.085
 271 202.064521  64.817765    32.876    32.873  4 57336.32012420 39.843
 272 202.064851  64.817306    31.980    31.987  4 57346.23577125 30.432
 273 202.066677  64.815880    32.594    32.607  4 57356.15141869 28.209
 274 202.068448  64.814696    33.133    33.140  4 57366.06706244 25.400
 275 202.066770  64.815022    34.105    33.972  5 57375.98270248 22.783
 276 202.066973  64.816357    33.899    33.891  5 57385.89834081 21.008
 277 202.066894  64.817833    33.827    33.557  5 57395.81397859 20.822
 278 202.066362  64.818846    34.743    34.766  4 57405.72961535 18.111
 279 202.065934  64.818258    33.717    33.425  4 57415.64526471 19.995
 280 202.066829  64.817422    33.976    33.370  5 57425.56091618 18.291
 281 202.068681  64.817353    34.781    34.831  4 57435.47656467 17.297
 282 202.067506  64.818885    34.714    34.542  4 57445.39221104 16.134
 283 202.066046  64.820330    34.916    34.983  4 57455.30785657 14.744
 284 202.067184  64.820258    34.655    34.590  4 57465.22350044 15.638
 285 202.067113  64.818997    35.184    35.112  4 57475.13914050 14.672
 286 202.065705  64.817817    32.089    32.039  4 57485.05477698 14.732
 287 202.068082  64.817304    31.639    31.646  4 57494.97041108 17.771
 289 202.068978  64.818877    98.794    99.672  4 57514.80169969 21.418
 291 202.068950  64.815687    36.715    36.753  4 57534.63300612 50.831
 292 202.058205  64.815579   107.316   107.316  2 57544.54865410  8.687
 293 202.064887  64.814901   100.355   100.355  2 57554.46430135  3.920
 295 202.062070  64.818753   101.029   101.029  2 57574.29559026 14.413
 296 202.069295  64.817846    98.841    98.841  2 57584.21123495  4.514
 297 202.065803  64.817609    98.545    98.655  4 57594.12687663 17.591
