# NaN NaN NaN ;Mean Elev.(m), Avg Gradient(m/km), RMS Gradient(m/km) - SRTM1     
#   10.050   0.105   1.781 ;Mean Elev.(m), Avg Gradient(m/km), RMS Gradient(m/km) - ASTER GDEM
#    0.047  -0.137   0.398 ;Mean Elev.(m), Avg Gradient(m/km), RMS Gradient(m/km) - GMTED2010 
   1 195.563296  62.746363     2.154     2.110  3 54663.93240185 32.132
   2 195.562795  62.747822     2.277     2.277  2 54673.84804680 28.495
   3 195.558587  62.748542   -73.795   -74.028  3 54683.76368988  9.632
   4 195.561482  62.749695     2.357     2.381  3 54693.67933227 32.783
   5 195.561748  62.748050   -80.774   -80.682  3 54703.59497162  8.137
   6 195.564780  62.746619     1.717     1.717  2 54713.51062161 32.749
   7 195.566727  62.745633     1.746     1.730  3 54723.42627234 31.687
   8 195.567443  62.746242     1.936     1.988  3 54733.34192084 32.649
   9 195.565467  62.747925     1.637     1.652  3 54743.25756781 34.773
  10 195.563042  62.748781     1.530     1.542  3 54753.17321439 34.007
  11 195.562483  62.748134     1.313     1.357  3 54763.08886052 40.083
  12 195.563276  62.746013     1.226     1.238  3 54773.00450405 33.836
  13 195.567432  62.745224     1.180     1.218  3 54782.92014519 28.847
  14 195.568201  62.745286     0.864     0.885  3 54792.83578373 28.597
  15 195.566158  62.746239     1.169     1.153  3 54802.75142098 22.099
  16 195.566234  62.747317     1.309     1.244  3 54812.66705821 18.087
  17 195.562716  62.746624     1.211     1.218  3 54822.58270044 16.422
  18 195.563742  62.746698     1.417     1.396  3 54832.49834082 14.377
  19 195.562486  62.747106     1.343     1.351  3 54842.41399085 13.680
  20 195.561061  62.748832     2.830     2.830  2 54852.32963986 12.670
  21 195.556299  62.750066     2.661     2.568  3 54862.24528823 13.548
  22 195.556379  62.751121     2.569     2.655  3 54872.16093702 13.116
  23 195.558872  62.750179     2.662     2.841  3 54882.07658394 11.992
  24 195.562470  62.747826     3.151     3.151  2 54891.99222749 12.920
  25 195.566648  62.746486     3.231     3.159  3 54901.90786832 12.538
  26 195.565057  62.746379     3.161     3.219  3 54911.82350711 12.905
  27 195.562780  62.747606     3.283     3.283  2 54921.73914487 11.996
  28 195.561033  62.747920     3.376     3.299  3 54931.65478189 12.509
  29 195.566309  62.747355     3.338     3.312  3 54941.57041790 11.743
  30 195.570662  62.745157     1.246     1.232  3 54951.48605197 41.797
  31 195.571132  62.743450     1.625     1.612  3 54961.40169320 33.093
  32 195.570890  62.744714     2.913     2.875  3 54971.31734196 44.212
  33 195.567875  62.746428     3.359     3.332  3 54981.23298943 30.151
  34 195.563041  62.747326     2.632     2.440  3 54991.14863636 36.583
  35 195.564337  62.748194     2.441     2.430  3 55001.06428348 34.183
  36 195.564313  62.748096     2.346     2.286  3 55010.97992858 33.638
  37 195.565120  62.748006     2.331     2.459  3 55020.89557221 35.430
  38 195.560852  62.747971     2.174     2.070  3 55030.81121424 30.478
  39 195.560599  62.749315     2.050     1.965  3 55040.72685607 32.296
  40 195.559574  62.749281     1.886     1.886  2 55050.64249623 26.221
  41 195.562199  62.747912     1.709     1.709  2 55060.55813443 32.300
  42 195.563815  62.745342     1.222     1.182  3 55070.47377559 34.678
  43 195.567389  62.744551     1.279     1.248  3 55080.38942498 33.113
  44 195.566170  62.744950     1.461     1.503  3 55090.30507230 39.754
  45 195.566624  62.747534     1.471     1.592  3 55100.22071910 34.134
  46 195.561834  62.748370     2.037     2.037  2 55110.13636478 31.934
  47 195.561095  62.747602     1.874     1.900  3 55120.05200902 35.469
  48 195.564338  62.745806     1.430     1.386  3 55129.96765087 38.637
  49 195.566709  62.744190     0.357     0.368  3 55139.88329063 40.522
  50 195.569677  62.745228     1.658     1.750  3 55149.79892961 20.921
  51 195.564764  62.746007     1.262     1.180  3 55159.71456755 17.267
  52 195.563983  62.747462     1.478     1.473  3 55169.63020556 15.712
  53 195.563295  62.747307     1.835     1.945  3 55179.54584224 22.459
  54 195.561906  62.746510     1.399     1.411  3 55189.46148869 38.114
  55 195.561440  62.747083     2.515     2.662  3 55199.37713920 25.055
  56 195.560687  62.748402     2.690     2.845  3 55209.29278901 23.241
  57 195.559403  62.749624     2.642     2.642  2 55219.20843831 23.170
  58 195.560252  62.749935     2.711     2.953  3 55229.12408688 23.302
  59 195.561934  62.748891     2.701     2.676  3 55239.03973223 21.908
  60 195.562726  62.746664     2.470     2.528  3 55248.95537376 19.688
  61 195.566154  62.746038     2.499     2.499  2 55258.87101329 19.540
  62 195.565531  62.745947     2.411     2.421  3 55268.78665170 17.770
  63 195.565304  62.747049     2.394     2.451  3 55278.70228997 17.825
  64 195.564424  62.747121     2.457     2.528  3 55288.61792678 16.477
  65 195.567120  62.746498     2.719     2.711  3 55298.53356145 12.597
  66 195.568343  62.745001     2.386     2.260  3 55308.44920444 10.278
  67 195.568099  62.744143     2.541     2.564  3 55318.36485043 10.358
  68 195.570371  62.745561     2.380     2.388  3 55328.28049591 31.936
  69 195.566557  62.746705     3.482     3.465  3 55338.19614025 37.949
  70 195.564712  62.748026     3.306     3.322  3 55348.11178437 30.742
  71 195.562725  62.748144     1.584     1.619  3 55358.02742659 34.098
  72 195.563364  62.748139     2.693     2.666  3 55367.94306692 29.993
  73 195.561005  62.747186     2.008     2.028  3 55377.85870539 44.463
  74 195.562460  62.747549     1.533     1.540  3 55387.77434350 34.140
  75 195.563183  62.747587     2.158     2.158  2 55397.68998055 30.250
  76 195.561963  62.746602     1.737     1.774  3 55407.60562409 30.661
  77 195.564241  62.746277     2.306     2.322  3 55417.52127522 28.337
  78 195.568926  62.746186     2.147     2.255  3 55427.43692314 34.845
  79 195.567751  62.745547     2.242     2.285  3 55437.35256785 47.776
  80 195.564201  62.745476     2.172     2.136  3 55447.26821114 31.312
  81 195.564696  62.746719     1.543     1.518  3 55457.18385461 32.809
  82 195.562103  62.746494     1.252     1.203  3 55467.09949697 32.594
  83 195.565444  62.746207     1.505     1.359  3 55477.01513664 42.292
  84 195.569514  62.745448     1.654     1.325  3 55486.93077314 29.587
  85 195.569485  62.744214     1.276     1.260  3 55496.84640694 39.023
  86 195.567167  62.744355     1.168     1.070  3 55506.76204296 41.065
  87 195.566584  62.746483     0.689     0.679  3 55516.67769355 33.558
  88 195.563929  62.747558     1.070     1.091  3 55526.59334290 26.680
  89 195.562694  62.748036     0.822     0.822  2 55536.50899031 19.555
  90 195.560049  62.747696     1.011     0.980  3 55546.42463535 17.852
  91 195.562794  62.749052     1.513     1.483  3 55556.34027929 16.565
  92 195.560197  62.749096     1.292     1.292  2 55566.25592177 20.521
  93 195.561950  62.749029     1.612     1.574  3 55576.17156402 24.437
  94 195.561944  62.747038     1.567     1.539  3 55586.08720409 22.533
  95 195.568985  62.746243     1.460     1.435  3 55596.00284170 17.682
  96 195.570781  62.745100     2.505     2.462  3 55605.91847565 13.940
  97 195.568528  62.744171     2.418     2.360  3 55615.83410709 14.236
  98 195.565764  62.744620     2.464     2.403  3 55625.74974837 16.604
  99 195.567755  62.746217     2.415     2.482  3 55635.66540070 17.022
 100 195.567157  62.746043     2.568     2.584  3 55645.58105048 14.670
 101 195.566849  62.745192     2.853     3.009  3 55655.49669746 12.188
 102 195.569765  62.745414     2.979     3.067  3 55665.41234035 12.214
 103 195.566508  62.745024     2.893     2.830  3 55675.32797972  7.245
 104 195.566819  62.746285     1.406     1.508  3 55685.24361796 25.322
 105 195.563828  62.746383     2.505     2.716  3 55695.15925463 34.058
 106 195.564786  62.746511     3.306     3.267  3 55705.07489038 40.792
 107 195.566846  62.747188     2.430     2.439  3 55714.99053830 35.406
 108 195.562265  62.746812     2.410     2.430  3 55724.90618682 30.749
 109 195.562885  62.748261     2.311     2.349  3 55734.82183405 31.349
 110 195.561025  62.748855     2.190     2.190  2 55744.73747965 44.051
 111 195.562772  62.748924     2.578     2.478  3 55754.65312389 28.178
 112 195.564050  62.746890     2.043     2.012  3 55764.56876555 29.194
 113 195.567823  62.745065     2.253     2.221  4 55774.48440463 25.774
 114 195.570568  62.744278     2.080     2.065  3 55784.40004054 27.283
 115 195.568984  62.744589     2.495     2.607  3 55794.31567393 22.387
 116 195.565336  62.745102     2.237     2.178  3 55804.23131094 23.238
 117 195.566046  62.746312     2.544     2.379  3 55814.14696078 21.877
 118 195.566235  62.745296     1.257     1.320  3 55824.06260822 34.498
 119 195.570206  62.744581     1.419     1.411  3 55833.97825136 34.445
 120 195.570114  62.743811     1.299     1.341  4 55843.89389011 36.330
 121 195.569555  62.744673     1.267     1.248  3 55853.80952592 33.899
 122 195.568520  62.746437     1.653     1.657  3 55863.72516330 49.234
 123 195.564002  62.747624     0.806     0.855  3 55873.64081669 29.307
 124 195.562383  62.747383     0.822     0.810  3 55883.55646493 20.669
 125 195.563668  62.747019     1.226     1.220  3 55893.47210718 15.061
 126 195.565976  62.746890     1.434     1.442  3 55903.38774408 32.386
 127 195.564064  62.747034     1.928     1.951  3 55913.30338173 15.472
 128 195.561945  62.748546     2.228     2.228  2 55923.21903589 15.072
 129 195.560218  62.748368     2.159     2.168  3 55933.13468699 16.685
 130 195.566151  62.747712     2.371     2.242  3 55943.05033435 14.492
 131 195.568106  62.745383     2.486     2.490  3 55952.96597684 15.170
 132 195.569396  62.744616     2.522     2.486  3 55962.88161616 14.175
 133 195.567010  62.745286     1.985     1.972  3 55972.79725330 15.511
 134 195.563791  62.746259     2.296     2.284  3 55982.71288911 14.015
 135 195.563412  62.745835     2.117     2.068  3 55992.62852323 11.808
 136 195.569154  62.746131     2.318     2.296  3 56002.54417201 11.695
 137 195.568950  62.744453     2.548     2.469  3 56012.45982132 11.422
 138 195.568213  62.744257     2.509     2.587  3 56022.37546728 11.199
 139 195.565634  62.745713     2.986     2.867  3 56032.29111056  9.867
 140 195.561212  62.747244     0.963     0.963  3 56042.20675164 14.831
 141 195.560135  62.748148     1.619     1.707  3 56052.12239051 11.170
 142 195.562038  62.747663     1.806     1.837  3 56062.03802661 36.217
 143 195.563858  62.746311     4.005     4.017  3 56071.95366625 42.698
 144 195.566929  62.747338     2.809     2.920  3 56081.86931706 33.506
 145 195.562793  62.747594     3.177     3.137  3 56091.78496452 31.342
 146 195.562531  62.748909     2.817     2.840  3 56101.70061008 30.177
 147 195.562505  62.748482     2.827     2.841  3 56111.61624116 26.781
 148 195.563525  62.746221     2.395     2.367  3 56121.53188026 27.348
 149 195.568567  62.744117     2.054     2.093  3 56131.44751600 25.652
 150 195.569224  62.742764     2.027     2.022  3 56141.36315112 33.352
 151 195.570511  62.745439     2.066     2.113  3 56151.27880250 46.502
 152 195.566271  62.747217     2.128     2.174  3 56161.19445154 28.145
 153 195.564354  62.747815     2.091     2.100  3 56171.11009893 29.505
 154 195.567483  62.747132     1.911     1.931  3 56181.02574240 29.548
 155 195.569868  62.745559     2.493     2.336  3 56190.94138179 28.962
 156 195.571134  62.744976     2.701     2.647  3 56200.85701834 27.366
 157 195.565297  62.744710     2.695     2.731  3 56210.77265195 29.773
 158 195.564870  62.746410     2.355     2.315  3 56220.68828433 46.736
 159 195.562012  62.747968     1.290     1.335  3 56230.60393525 44.997
 160 195.560714  62.747931     1.152     1.119  3 56240.51958809 40.821
 161 195.561916  62.747605     0.883     0.852  3 56250.43523715 24.196
 162 195.562182  62.746861     1.176     1.138  3 56260.35088135 28.876
 163 195.562973  62.747353     1.469     1.452  3 56270.26652331 21.410
 164 195.561320  62.747305     1.514     1.511  3 56280.18216330 19.270
 165 195.561060  62.747863     1.792     1.818  3 56290.09781510 16.888
 166 195.564044  62.747280     1.813     1.850  3 56300.01346354 17.688
 167 195.567443  62.746050     1.725     1.731  3 56309.92910787 22.815
 168 195.565911  62.744625     2.009     2.034  3 56319.84474934 13.104
 169 195.565328  62.745606     2.102     2.027  3 56329.76039025 12.675
 170 195.566147  62.747399     2.513     2.629  3 56339.67603058 13.287
 171 195.562241  62.746640     2.571     2.536  3 56349.59166806 12.778
 172 195.567537  62.746198     3.051     3.209  3 56359.50730477 12.027
 173 195.565800  62.744913     2.736     2.638  3 56369.42295470 11.394
 175 195.563380  62.747005     3.074     3.022  3 56389.25424749 10.918
 176 195.562866  62.749047     3.204     3.067  3 56399.16989107 11.615
 177 195.561919  62.749627     3.461     3.556  3 56409.08553193 10.514
 178 195.559751  62.747953     3.080     3.064  3 56419.00116796 11.014
 179 195.563892  62.747047     2.134     2.134  2 56428.91680223  8.955
 180 195.561598  62.746956     1.765     1.743  3 56438.83245563 44.273
 181 195.561833  62.747835     4.758     4.755  3 56448.74810679 54.931
 182 195.560955  62.748122     3.081     3.017  3 56458.66375557 33.074
 183 195.564250  62.748279     3.215     3.130  3 56468.57940140 26.615
 184 195.564581  62.746972     2.875     2.825  3 56478.49504281 26.240
 185 195.564309  62.745137     2.365     2.392  3 56488.41068026 26.245
 186 195.565837  62.744751     1.869     1.863  3 56498.32631557 31.322
 187 195.565733  62.744614     1.817     1.819  3 56508.24194960 33.100
 188 195.565347  62.745125     1.709     1.734  3 56518.15758844 36.101
 189 195.565416  62.746246     1.668     1.627  3 56528.07324281 34.310
 190 195.563683  62.745892     1.672     1.605  3 56537.98889261 36.680
 191 195.564074  62.745711     2.056     2.094  3 56547.90453860 45.601
 192 195.566733  62.747130     1.502     1.485  3 56557.82018232 34.948
 193 195.562062  62.747283     1.553     1.502  3 56567.73582429 34.106
 194 195.563382  62.749000     1.638     1.616  3 56577.65146563 38.915
 195 195.560796  62.748225     1.707     1.769  3 56587.56710275 35.410
 196 195.560800  62.747377     2.014     1.861  3 56597.48274389 44.678
 197 195.561918  62.747578     2.144     2.012  3 56607.39839557 41.586
 198 195.564608  62.748422     2.397     2.772  3 56617.31404259 34.440
 199 195.561617  62.747688     2.398     2.828  3 56627.22968560 29.323
 200 195.562873  62.747402     1.164     1.191  3 56637.14532628 34.529
 201 195.564373  62.746331     2.557     2.505  3 56647.06096802 25.344
 202 195.567298  62.746512     2.857     2.911  3 56656.97662045 22.171
 203 195.566949  62.746066     1.775     1.819  3 56666.89226816 34.318
 204 195.563180  62.745840     2.046     1.978  3 56676.80791289 36.896
 205 195.564449  62.747171     1.595     1.592  3 56686.72355703 36.755
 206 195.562072  62.746830     2.340     2.371  3 56696.63919863 24.801
 207 195.566169  62.746762     2.406     2.441  3 56706.55483627 23.380
 208 195.564998  62.744946     1.392     1.444  3 56716.47046989 32.091
 209 195.564699  62.746071     2.213     2.004  3 56726.38612313 18.291
 210 195.564072  62.748027     2.228     2.107  3 56736.30177252 16.272
 211 195.561715  62.749588     1.476     1.400  3 56746.21741836 22.329
 212 195.558621  62.749134     1.823     1.739  3 56756.13305962 16.422
 213 195.560895  62.748203     1.419     1.421  3 56766.04869560 42.224
 214 195.563703  62.747527     1.371     1.371  2 56775.96433641 43.507
 215 195.561218  62.747879     1.790     1.769  3 56785.87999280 40.183
 216 195.561012  62.749309     3.254     3.363  3 56795.79564582 26.881
 217 195.559542  62.749708     2.769     2.460  3 56805.71129425 30.317
 218 195.562658  62.749155     3.091     3.100  3 56815.62693632 25.790
 219 195.562292  62.746633     2.143     2.136  3 56825.54257440 25.480
 220 195.565460  62.745199     2.142     2.074  3 56835.45820929 25.817
 221 195.565655  62.744437     2.331     2.281  3 56845.37384074 22.128
 222 195.568251  62.746617     2.579     2.585  3 56855.28948786 27.136
 223 195.564528  62.747562     2.510     2.330  3 56865.20514126 26.565
 224 195.563207  62.747740     2.138     2.138  2 56875.12079395 23.931
 225 195.564094  62.747670     2.177     2.110  3 56885.03644367 25.736
 226 195.564664  62.747400     1.870     1.867  3 56894.95209034 34.229
 227 195.564673  62.748249     1.849     1.854  3 56904.86773388 35.185
 228 195.562155  62.749538     2.758     2.601  3 56914.78337506 25.663
 229 195.558646  62.750038     1.978     1.978  2 56924.69901423 53.378
 230 195.559462  62.749858     1.521     1.521  2 56934.61465089 35.095
 231 195.561772  62.748004     1.597     1.597  2 56944.53028223 32.867
 232 195.564735  62.747356     1.497     1.412  3 56954.44593135 44.489
 233 195.563086  62.747023     1.633     1.559  3 56964.36158101 41.677
 234 195.561572  62.747920     1.961     1.928  3 56974.27722623 47.664
 235 195.559239  62.748144     1.581     1.603  3 56984.19286693 31.497
 236 195.562040  62.747372     1.408     1.408  3 56994.10850302 24.918
 237 195.564708  62.745001     1.466     1.517  3 57004.02414170 20.133
 238 195.566804  62.744444     1.570     1.638  3 57013.93979800 19.092
 239 195.568671  62.745629     1.603     1.527  3 57023.85544935 39.830
 240 195.565487  62.747415     1.671     1.552  3 57033.77109776 23.469
 241 195.562003  62.748429     1.718     1.702  3 57043.68674364 17.847
 242 195.562696  62.748417     1.711     1.666  3 57053.60238724 16.680
 243 195.563414  62.746443     1.792     1.736  3 57063.51802605 14.894
 244 195.566023  62.745390     1.793     1.746  3 57073.43366011 13.482
 245 195.568635  62.746042     1.495     1.497  3 57083.34929071 27.683
 246 195.562886  62.747695     1.758     1.760  3 57093.26493964 19.852
 247 195.557707  62.749571     1.522     1.466  3 57103.18059637 20.751
 248 195.558015  62.750182     1.733     1.733  2 57113.09624967 19.415
 249 195.561011  62.748976     1.853     1.816  3 57123.01189697 14.300
 250 195.564509  62.747744     2.256     2.172  3 57132.92753886 11.950
 251 195.564592  62.746852     1.625     1.625  2 57142.84317570 34.511
 252 195.562405  62.746815     1.750     1.724  3 57152.75880946 43.536
 253 195.565243  62.747583     3.146     3.162  3 57162.67444251 33.219
 254 195.562437  62.747294     2.688     2.674  3 57172.59009929 53.328
 255 195.565594  62.746585     2.563     2.612  3 57182.50575356 32.106
 256 195.568913  62.745866     2.045     2.036  3 57192.42140399 31.441
 257 195.568867  62.746197     1.598     1.581  3 57202.33705162 36.667
 258 195.562184  62.746526     1.629     1.606  3 57212.25268518 36.203
 259 195.560500  62.747929     1.889     1.908  3 57222.16832905 35.951
 260 195.561670  62.748251     1.893     1.893  2 57232.08397161 35.440
 261 195.563923  62.747464     1.799     1.697  3 57241.99961152 36.513
 262 195.567333  62.746665     2.010     2.078  3 57251.91524894 43.257
 263 195.563291  62.745633     1.796     1.698  3 57261.83088380 33.468
 264 195.565147  62.747514     1.963     1.929  3 57271.74651829 35.427
 265 195.560431  62.749309     2.250     2.266  3 57281.66217506 45.015
 266 195.558806  62.749712     2.452     2.462  3 57291.57782993 48.144
 267 195.561201  62.748984     3.126     3.156  3 57301.49348190 26.748
 268 195.563030  62.747410     1.803     1.790  3 57311.40913000 34.089
 269 195.565525  62.747481     2.015     1.977  3 57321.32477509 49.731
 270 195.561024  62.747445     1.572     1.559  3 57331.24041716 38.462
 271 195.561408  62.748770     1.549     1.549  2 57341.15605776 41.489
 272 195.560213  62.748717     2.385     2.379  3 57351.07170870 42.193
 273 195.564012  62.747545     1.843     1.836  3 57360.98735386 20.192
 274 195.564841  62.745210     1.612     1.636  3 57370.90299541 26.829
 275 195.567686  62.745487     2.064     2.035  3 57380.81863520 18.796
 276 195.567501  62.746842     1.954     1.929  3 57390.73427390 22.294
 277 195.561672  62.746651     2.152     2.177  3 57400.64991093 21.334
 278 195.564712  62.747388     2.077     2.083  3 57410.56555126 19.425
 279 195.562557  62.746591     1.472     1.425  3 57420.48120315 24.419
 280 195.562269  62.746633     2.059     2.011  3 57430.39685275 17.383
 281 195.560508  62.747464     2.091     2.095  3 57440.31250029 17.194
 282 195.560995  62.749475     2.284     2.275  3 57450.22814724 17.758
 283 195.559312  62.750122     1.883     1.883  2 57460.14379241 16.590
 284 195.560906  62.749734     2.068     2.059  3 57470.05943452 16.021
 285 195.561605  62.747600     2.347     2.366  3 57479.97507230 15.180
 286 195.563548  62.745870     1.499     1.482  3 57489.89070715 32.602
 287 195.566464  62.745226     1.866     1.935  3 57499.80634014 34.698
 288 195.568041  62.746335     1.530     1.532  3 57509.72198487 43.155
 289 195.562835  62.746583     2.599     2.584  3 57519.63764013 48.533
 290 195.562359  62.746992     2.410     2.363  3 57529.55329310 32.272
 291 195.565386  62.746833     2.532     2.382  3 57539.46894318 48.990
 292 195.566768  62.746114     2.115     2.016  3 57549.38459038 29.237
 293 195.564034  62.745412     1.863     1.812  3 57559.30023592 30.426
 294 195.563439  62.746643     1.774     1.795  3 57569.21588123 33.541
 295 195.562933  62.747946     1.778     1.778  2 57579.13152615 35.879
 296 195.561720  62.748135     2.383     2.383  2 57589.04716932 25.167
 297 195.560874  62.747488     2.337     2.403  3 57598.96280975 27.222
