-102432.525   440.538     0.00   82.81
-102146.623   425.483   -52.66   79.23
-101860.729   417.643   -27.42   74.39
-101574.843   415.823    -6.37   67.79
-101288.964   413.573    -7.87   63.24
-101003.093   421.247    26.84   62.10
-100717.229   436.675    53.97   67.09
-100431.373   458.761    77.26   62.88
-100145.524   481.637    80.03   56.49
 -99859.683   501.126    68.18   53.61
 -99573.850   518.114    59.43   51.43
 -99288.024   535.327    60.22   46.92
 -99002.205   545.411    35.28   43.71
 -98716.394   549.570    14.55   53.16
 -98430.591   542.432   -24.98   61.25
 -98144.795   535.112   -25.61   60.48
 -97859.006   533.959    -4.03   59.56
 -97573.225   539.292    18.66   53.35
 -97287.452   550.196    38.16   56.16
 -97001.686   575.768    89.49   73.32
 -96715.928   613.091   130.61   87.64
 -96430.177   661.404   169.08   96.51
 -96144.434   710.051   170.25  100.01
 -95858.698   760.092   175.13   93.02
 -95572.970   795.112   122.57   81.59
 -95287.249   811.515    57.41   68.03
 -95001.536   819.006    26.22   62.08
 -94715.831   803.975   -52.61   70.24
 -94430.132   773.857  -105.42   81.27
 -94144.442   733.321  -141.89   88.62
 -93858.759   692.122  -144.21   92.21
 -93573.083   643.404  -170.54  103.38
 -93287.415   597.790  -159.68  110.50
 -93001.755   543.690  -189.39  107.24
 -92716.102   490.781  -185.22  107.24
 -92430.456   436.572  -189.78  100.15
 -92144.818   391.839  -156.61   86.79
 -91859.001   352.264  -138.47   69.26
 -91571.658   321.629  -106.62   50.63
 -91284.324   298.981   -78.83   29.79
 -90996.999   284.795   -49.37   18.58
 -90709.681   275.413   -32.65   12.64
 -90422.373   269.747   -19.72   11.03
 -90135.072   264.200   -19.31    9.84
 -89847.780   258.431   -20.08   10.57
 -89560.496   253.843   -15.97    9.84
 -89273.221   249.901   -13.72    7.50
 -88985.954   248.439    -5.09    5.36
 -88698.696   249.413     3.39    6.79
 -88411.446   252.475    10.66    9.23
 -88124.204   256.569    14.25   10.55
 -87836.970   261.455    17.01   10.42
 -87549.745   266.427    17.31    8.81
 -87262.529   272.295    20.43    9.41
 -86975.321   277.211    17.11    9.76
 -86688.121   280.753    12.34    9.09
 -86400.929   282.399     5.73    9.18
 -86113.746   283.166     2.67    9.48
 -85826.572   287.176    13.96   15.44
 -85539.405   293.021    20.35   24.72
 -85252.247   300.534    26.16   32.77
 -84965.098   310.796    35.74   40.02
 -84677.957   325.285    50.46   42.52
 -84390.824   341.827    57.61   40.12
 -84103.699   354.498    44.13   36.57
 -83816.583   368.361    48.28   36.97
 -83529.476   383.302    52.04   44.25
 -83242.376   401.420    63.11   52.16
 -82955.285   420.392    66.08   58.24
 -82668.203   445.080    86.00   57.69
 -82381.129   463.696    64.85   51.86
 -82094.063   478.450    51.40   45.49
 -81807.005   497.357    65.87   41.12
 -81519.956   511.990    50.98   45.71
 -81232.915   526.949    52.12   51.45
 -80945.883   548.667    75.66   57.93
 -80658.859   571.392    79.18   61.41
 -80371.843   598.253    93.59   60.80
 -80084.836   625.762    95.85   54.89
 -79797.837   641.138    53.58   45.71
 -79510.846   646.468    18.57   46.53
 -79223.864   631.446   -52.34   63.02
 -78936.890   605.240   -91.32   83.62
 -78649.925   572.304  -114.77   89.06
 -78362.968   537.982  -119.61   80.18
 -78076.019   510.556   -95.58   68.84
 -77789.078   501.318   -32.20   70.64
 -77502.146   504.032     9.46   80.34
 -77215.222   515.046    38.39   80.13
 -76928.307   528.415    46.60   73.24
 -76641.400   534.825    22.34   59.93
 -76354.501   529.754   -17.68   54.72
 -76067.611   516.959   -44.60   56.44
 -75780.729   493.634   -81.31   60.89
 -75493.855   465.674   -97.47   58.86
 -75206.990   445.218   -71.31   50.67
 -74920.133   429.781   -53.82   43.96
 -74633.284   417.783   -41.83   43.27
 -74346.444   412.146   -19.65   46.56
 -74059.612   407.775   -15.24   49.86
 -73772.788   401.399   -22.23   51.57
 -73485.973   393.128   -28.84   49.70
 -73199.166   382.746   -36.20   46.01
 -72912.367   373.718   -31.48   43.62
 -72625.577   360.338   -46.65   38.91
 -72338.795   348.563   -41.06   34.26
 -72052.022   337.460   -38.72   29.15
 -71765.256   328.019   -32.92   23.78
 -71478.499   319.126   -31.01   17.52
 -71191.751   312.871   -21.82   11.69
 -70905.010   307.819   -17.62    7.51
 -70618.278   305.368    -8.55    5.11
 -70331.555   306.587     4.25    8.43
 -70044.839   312.221    19.65   17.50
 -69758.132   321.157    31.17   25.79
 -69471.434   333.486    43.00   32.79
 -69184.744   345.971    43.55   35.17
 -68898.062   359.809    48.27   32.50
 -68611.388   370.232    36.36   27.87
 -68324.722   375.262    17.55   23.94
 -68038.065   371.429   -13.37   27.50
 -67751.417   356.023   -53.75   41.50
 -67464.776   333.892   -77.21   57.35
 -67178.144   305.085  -100.50   65.44
 -66891.520   283.633   -74.84   59.57
 -66604.905   273.232   -36.29   52.65
 -66318.298   279.004    20.14   62.37
 -66031.699   302.104    80.60   80.91
 -65745.109   340.152   132.76   88.56
 -65458.526   376.617   127.24   80.03
 -65171.952   411.118   120.39   64.14
 -64885.387   435.805    86.15   46.87
 -64598.830   443.211    25.84   38.60
 -64312.281   439.275   -13.73   40.02
 -64025.740   428.350   -38.13   46.65
 -63739.208   404.696   -82.55   58.57
 -63452.684   372.802  -111.31   67.17
 -63166.168   339.353  -116.75   70.63
 -62879.660   304.484  -121.70   70.47
 -62593.161   274.782  -103.67   64.18
 -62306.670   242.667  -112.10   60.24
 -62020.188   212.254  -106.16   58.04
 -61733.714   186.012   -91.61   49.73
 -61447.248   165.020   -73.28   43.42
 -61160.790   145.153   -69.36   40.62
 -60874.341   134.668   -36.60   41.17
 -60587.900   122.589   -42.17   39.45
 -60301.467   116.166   -22.42   36.43
 -60015.043   112.246   -13.69   31.29
 -59728.626   113.034     2.75   29.57
 -59442.219   116.392    11.72   32.68
 -59155.819   126.009    33.58   36.68
 -58869.428   137.760    41.03   37.96
 -58583.045   148.460    37.36   37.13
 -58296.670   157.661    32.13   39.54
 -58010.304   164.648    24.40   43.10
 -57723.946   167.798    11.00   42.75
 -57437.596   175.075    25.42   44.62
 -57151.254   183.581    29.71   45.54
 -56864.921   196.435    44.89   52.99
 -56578.596   214.862    64.36   62.66
 -56292.279   239.493    86.03   71.34
 -56005.971   272.653   115.82   73.03
 -55719.671   304.119   109.91   69.80
 -55433.379   330.915    93.60   61.71
 -55147.095   358.696    97.04   53.99
 -54860.820   377.232    64.75   55.88
 -54574.553   395.584    64.11   58.97
 -54288.294   417.462    76.43   53.11
 -54002.044   423.486    21.04   51.60
 -53715.801   426.577    10.80   52.32
 -53429.568   417.221   -32.69   58.56
 -53143.342   396.754   -71.51   69.92
 -52857.125   362.013  -121.38   78.78
 -52570.915   321.459  -141.70   82.32
 -52284.715   278.754  -149.21   79.18
 -51998.522   238.598  -140.31   69.50
 -51712.338   204.924  -117.67   56.59
 -51426.162   182.350   -78.88   41.63
 -51139.994   169.196   -45.97   30.57
 -50853.834   168.860    -1.18   30.08
 -50567.683   177.899    31.59   39.53
 -50281.540   194.389    57.63   49.25
 -49995.405   215.525    73.87   53.34
 -49709.279   238.981    81.98   56.31
 -49423.161   258.189    67.14   54.57
 -49137.051   275.526    60.60   54.93
 -48850.949   289.645    49.35   54.31
 -48564.856   299.118    33.11   52.96
 -48278.771   301.122     7.01   52.74
 -47992.694   300.925    -0.69   51.05
 -47706.625   305.112    14.64   53.36
 -47420.565   306.479     4.78   59.22
 -47134.512   307.127     2.27   60.23
 -46848.469   312.413    18.48   60.97
 -46562.433   308.042   -15.28   59.49
 -46276.405   296.681   -39.72   61.69
 -45990.386   277.594   -66.73   74.22
 -45704.375   250.075   -96.22   76.66
 -45418.373   235.906   -49.54   68.26
 -45132.378   227.769   -28.45   59.25
 -44846.392   228.767     3.49   60.21
 -44560.414   243.874    52.83   67.62
 -44274.445   271.622    97.03   71.17
 -43988.483   307.768   126.40   60.93
 -43702.530   343.385   124.56   59.12
 -43416.585   374.711   109.55   62.32
 -43130.648   401.122    92.37   61.68
 -42844.720   422.016    73.07   53.89
 -42558.800   432.799    37.71   47.05
 -42272.888   433.718     3.22   50.47
 -41986.984   423.042   -37.34   61.24
 -41701.088   403.515   -68.30   70.09
 -41415.201   382.022   -75.18   73.23
 -41129.322   356.833   -88.11   70.75
 -40843.451   331.841   -87.42   64.91
 -40557.589   311.495   -71.18   65.52
 -40271.734   290.803   -72.39   66.85
 -39985.888   269.812   -73.43   60.99
 -39700.050   262.163   -26.76   54.23
 -39414.221   255.338   -23.88   55.03
 -39128.399   260.281    17.29   57.72
 -38842.586   268.924    30.24   59.20
 -38556.781   278.246    32.62   56.67
 -38270.984   277.054    -4.17   51.87
 -37985.196   267.406   -33.76   59.12
 -37699.415   245.409   -76.97   67.83
 -37413.643   221.111   -85.03   64.28
 -37127.879   206.681   -50.50   51.17
 -36842.124   204.380    -8.05   45.60
 -36556.376   208.552    14.60   47.51
 -36270.637   221.855    46.56   54.66
 -35984.906   237.667    55.34   57.05
 -35699.183   255.936    63.94   54.59
 -35413.469   268.214    42.97   51.59
 -35127.762   276.668    29.59   52.08
 -34842.064   281.966    18.54   49.24
 -34556.374   286.294    15.15   42.90
 -34270.693   287.370     3.77   40.38
 -33985.019   289.525     7.54   36.59
 -33699.354   290.710     4.15   35.44
 -33413.697   285.131   -19.53   37.48
 -33128.048   272.176   -45.35   45.50
 -32842.407   258.119   -49.21   53.80
 -32556.775   235.755   -78.30   63.64
 -32271.150   204.061  -110.96   66.36
 -31985.534   171.019  -115.69   61.84
 -31699.927   142.740   -99.02   50.60
 -31414.327   114.450   -99.05   42.57
 -31128.735    89.557   -87.16   38.08
 -30843.152    69.747   -69.37   36.60
 -30557.577    54.104   -54.78   34.93
 -30272.010    40.511   -47.60   31.13
 -29986.143    29.783   -37.53   24.28
 -29698.725    19.635   -35.31   12.18
 -29411.316    15.010   -16.09    4.72
 -29123.916    13.343    -5.80    2.02
 -28836.525    12.589    -2.62    1.45
 -28549.144    12.262    -1.14    1.50
 -28261.771    12.112    -0.52    1.51
 -27974.407    12.075    -0.13    1.61
 -27687.053    12.534     1.60    2.62
 -27399.708    13.840     4.55    4.47
 -27112.371    15.797     6.81    6.27
 -26825.044    18.262     8.58    7.70
 -26537.726    22.189    13.67    9.86
 -26250.417    26.926    16.49   13.22
 -25963.117    34.777    27.32   19.90
 -25675.826    43.392    29.99   24.53
 -25388.545    50.888    26.09   25.35
 -25101.272    54.372    12.13   23.96
 -24814.009    54.466     0.33   23.63
 -24526.754    52.087    -8.28   22.18
 -24239.509    49.207   -10.03   20.44
 -23952.273    44.444   -16.58   16.48
 -23665.046    41.581    -9.97   12.06
 -23377.827    41.262    -1.11   10.81
 -23090.618    46.077    16.77   14.87
 -22803.419    51.166    17.72   18.26
 -22516.228    55.960    16.69   21.48
 -22229.046    63.018    24.58   23.67
 -21941.873    71.379    29.12   23.97
 -21654.710    78.624    25.23   23.05
 -21367.555    87.194    29.84   21.74
 -21080.410    95.527    29.02   18.26
 -20793.273    99.875    15.14   15.88
 -20506.146   101.104     4.28   14.80
 -20219.028    99.490    -5.62   18.68
 -19931.919    92.370   -24.80   25.37
 -19644.819    81.596   -37.53   32.50
 -19357.728    68.688   -44.96   35.29
 -19070.646    55.526   -45.85   34.40
 -18783.573    43.968   -40.26   31.80
 -18496.509    34.938   -31.46   27.23
 -18209.454    26.943   -27.85   21.71
 -17922.408    22.587   -15.18   18.50
 -17635.372    22.532    -0.19   16.59
 -17348.344    23.971     5.01   15.17
 -17061.326    26.909    10.23   15.12
 -16774.316    29.990    10.73   14.08
 -16487.316    33.091    10.81   10.78
 -16200.325    36.299    11.18    6.65
 -15913.342    37.049     2.61    6.24
 -15626.369    35.661    -4.84    6.29
 -15339.405    34.614    -3.65    7.01
 -15052.450    32.703    -6.66   10.55
 -14765.504    29.996    -9.44   14.45
 -14478.567    27.384    -9.10   16.70
 -14191.639    23.332   -14.12   17.74
 -13904.720    19.626   -12.92   17.88
 -13617.810    15.946   -12.83   17.42
 -13330.909    12.632   -11.55   16.35
 -13044.017     8.995   -12.68   14.13
 -12757.135     5.325   -12.79   10.25
 -12470.261     3.382    -6.77    7.79
 -12183.396     1.831    -5.41    5.14
 -11896.541     0.783    -3.65    3.29
 -11609.694     0.438    -1.20    2.78
 -11322.857     0.073    -1.27    2.27
 -11036.028    -0.105    -0.62    1.94
 -10749.209    -0.225    -0.42    1.81
 -10462.398    -0.540    -1.10    1.40
 -10175.597    -0.492     0.16    1.48
  -9888.804    -0.566    -0.26    1.45
  -9602.021    -0.723    -0.55    1.13
  -9315.247    -0.724    -0.00    1.17
  -9028.481    -0.718     0.02    1.24
  -8741.725    -0.869    -0.53    0.97
  -8454.978    -0.876    -0.03    1.01
  -8168.240    -0.968    -0.32    0.90
  -7881.511    -1.156    -0.66    0.42
  -7594.790    -1.211    -0.19    0.30
  -7308.079    -1.261    -0.17    0.12
  -7021.377    -1.275    -0.05    0.00
  -6734.684    -1.275     0.00    0.00
  -6448.000    -1.254     0.07    0.15
  -6161.325    -1.238     0.05    0.19
  -5874.659    -1.225     0.05    0.22
  -5588.002    -1.224     0.00    0.22
  -5301.354    -1.224    -0.00    0.22
  -5014.715    -1.182     0.15    0.29
  -4728.085    -1.043     0.49    0.61
  -4441.464    -0.519     1.83    1.62
  -4154.852     0.274     2.77    2.46
  -3868.249     1.010     2.57    2.85
  -3581.655     1.703     2.42    3.08
  -3295.070     2.604     3.14    3.26
  -3008.494     3.584     3.42    3.36
  -2721.928     4.287     2.45    3.74
  -2435.370     4.970     2.38    4.40
  -2148.821     5.464     1.73    4.89
  -1862.281     5.746     0.99    5.31
  -1575.750     5.861     0.40    5.71
  -1289.228     5.584    -0.96    5.95
  -1002.715     5.015    -1.99    6.03
   -716.211     4.308    -2.47    5.90
   -429.716     3.438    -3.03    5.47
   -143.230     3.211    -0.79    5.31
    143.247     2.918    -1.02    5.23
    429.714     2.828    -0.31    5.33
    716.173     3.335     1.77    5.75
   1002.623     4.164     2.89    6.19
   1289.064     4.997     2.91    6.40
   1575.496     6.221     4.27    6.52
   1861.919     6.689     1.63    6.52
   2148.333     7.182     1.72    6.57
   2434.738     7.422     0.84    6.52
   2721.134     7.792     1.29    6.55
   3007.521     8.643     2.97    6.41
   3293.899     9.108     1.62    6.29
   3580.268    10.071     3.36    6.51
   3866.629    11.515     5.04    6.90
   4152.980    11.675     0.56    6.88
   4439.322    12.710     3.62    7.11
   4725.655    13.941     4.30    7.44
   5011.979    14.037     0.34    7.24
   5298.294    13.928    -0.38    6.12
   5584.601    13.661    -0.93    5.47
   5870.898    13.597    -0.22    4.06
   6157.186    14.058     1.61    3.19
   6443.465    14.011    -0.17    1.83
   6729.736    13.841    -0.59    0.32
   7015.997    13.819    -0.08    0.29
   7302.250    13.804    -0.05    0.27
   7588.493    13.782    -0.07    0.23
   7874.728    13.815     0.11    0.29
   8160.953    13.802    -0.04    0.27
   8447.170    13.813     0.04    0.28
   8733.377    13.710    -0.36    0.56
   9019.576    13.457    -0.88    1.01
   9305.766    13.088    -1.29    1.43
   9591.946    12.718    -1.29    1.56
   9878.118    12.519    -0.69    1.53
  10164.281    11.984    -1.87    1.96
  10450.435    11.014    -3.39    2.54
  10736.580    10.011    -3.51    3.09
  11022.716     8.835    -4.11    3.47
  11308.843     7.919    -3.20    3.27
  11594.961     7.282    -2.23    2.92
  11881.070     7.232    -0.17    2.95
  12167.170     7.654     1.47    3.35
  12453.261     8.406     2.63    3.42
  12739.343     8.580     0.61    3.47
  13025.417     8.404    -0.62    3.57
  13311.481     8.158    -0.86    3.78
  13597.536     7.992    -0.58    3.84
  13883.583     7.475    -1.81    3.75
  14169.620     6.891    -2.04    3.58
  14455.649     6.829    -0.22    3.17
  14741.669     6.912     0.29    2.87
  15027.679     7.096     0.64    2.45
  15313.681     7.031    -0.23    1.73
  15599.674     7.012    -0.07    1.24
  15885.658     6.922    -0.31    1.15
  16171.633     6.651    -0.95    1.30
  16457.599     6.339    -1.09    1.47
  16743.556     6.251    -0.31    1.47
  17029.504     6.316     0.23    1.57
  17315.443     6.548     0.81    1.57
  17601.374     6.806     0.90    1.76
  17887.295     7.261     1.59    2.04
  18173.208     7.732     1.65    2.27
  18459.111     8.276     1.90    2.31
  18745.006     8.922     2.26    2.08
  19030.891     9.293     1.30    2.04
  19316.768     9.659     1.28    1.93
  19602.636     9.902     0.85    1.82
  19888.495    10.193     1.02    1.80
  20174.345    10.798     2.12    1.73
  20460.186    11.204     1.42    1.79
  20746.018    11.683     1.68    1.97
  21031.842    12.021     1.18    2.12
  21317.656    12.171     0.52    2.24
  21603.461    12.348     0.62    2.61
  21889.258    12.466     0.41    3.33
  22175.046    12.725     0.91    4.65
  22460.824    12.952     0.79    5.79
  22746.594    12.384    -1.99    4.93
  23032.355    12.389     0.02    5.38
  23318.107    11.345    -3.65    3.10
  23603.850    10.799    -1.91    1.36
  23889.584    10.068    -2.56    2.28
  24175.309     8.865    -4.21    2.63
  24461.026     7.931    -3.27    2.85
  24746.733     6.987    -3.30    2.75
  25032.432     6.173    -2.85    2.40
  25318.121     5.416    -2.65    1.70
  25603.802     5.056    -1.26    1.25
  25889.474     4.790    -0.93    0.32
  26175.137     4.747    -0.15    0.15
  26460.791     4.725    -0.08    0.00
  26746.436     4.725     0.00    0.00
  27032.073     4.725     0.00    0.00
  27317.700     4.725     0.00    0.00
  27603.319     5.369     2.26    1.71
  27888.928     6.568     4.20    2.87
  28174.529     7.919     4.73    3.49
  28460.121    10.008     7.31    5.12
  28745.704    13.380    11.81    7.62
  29031.278    17.254    13.57    9.59
  29316.843    22.159    17.18   11.20
  29602.399    27.211    17.69   12.89
  29887.947    33.010    20.31   13.57
  30173.485    38.878    20.55   13.42
  30459.015    41.675     9.79   13.92
  30744.536    43.015     4.69   14.53
  31030.048    43.044     0.10   15.10
  31315.551    41.300    -6.11   15.45
  31601.045    37.115   -14.66   13.46
  31886.977    34.313    -9.80   10.92
  32174.477    32.063    -7.83    8.11
  32461.968    31.016    -3.64    5.56
  32749.449    32.193     4.09    6.87
  33036.920    35.337    10.94    9.67
  33324.381    39.755    15.37   12.10
  33611.832    43.783    14.01   14.09
  33899.274    47.115    11.59   16.01
  34186.705    50.848    12.99   17.75
  34474.127    53.193     8.16   18.22
  34761.540    54.453     4.38   17.18
  35048.942    55.896     5.02   16.89
  35336.334    55.596    -1.05   14.74
  35623.717    55.486    -0.38   11.38
  35911.090    58.411    10.18   11.99
  36198.453    60.718     8.03   13.35
  36485.807    64.688    13.82   15.71
  36773.150    71.260    22.87   18.62
  37060.484    76.798    19.27   18.93
  37347.808    81.746    17.22   17.83
  37635.122    86.049    14.98   16.96
  37922.426    89.362    11.53   16.48
  38209.721    88.859    -1.75   17.72
  38497.006    87.776    -3.77   19.00
  38784.281    86.027    -6.09   19.11
  39071.546    82.611   -11.89   17.35
  39358.801    79.867    -9.55   12.20
  39646.047    80.068     0.70    8.14
  39933.283    81.739     5.82    8.01
  40220.509    84.188     8.52    8.16
  40507.725    86.042     6.45    7.83
  40794.932    87.321     4.45    7.06
  41082.129    86.421    -3.13    7.41
  41369.316    82.640   -13.16   10.78
  41656.493    77.762   -16.99   13.21
  41943.660    72.761   -17.41   13.11
  42230.818    68.768   -13.90   10.99
  42517.966    66.229    -8.84    8.44
  42805.104    63.975    -7.85    5.99
  43092.232    62.747    -4.28    4.42
  43379.351    62.850     0.36    4.28
  43666.460    64.781     6.73    6.29
  43953.559    67.981    11.14    9.52
  44240.648    72.261    14.91   12.16
  44527.728    78.641    22.22   14.91
  44814.797    87.184    29.76   17.70
  45101.857    97.098    34.54   18.88
  45388.908   107.935    37.75   19.61
  45675.948   117.703    34.03   20.83
  45962.979   127.732    34.94   21.59
  46250.000   137.910    35.46   21.04
  46537.011   146.272    29.14   20.16
  46824.013   151.675    18.82   19.46
  47111.004   157.165    19.13   19.70
  47397.986   160.056    10.07   20.52
  47684.959   162.298     7.81   20.64
  47971.921   164.850     8.89   20.86
  48258.874   165.339     1.71   21.06
  48545.817   165.150    -0.66   18.35
  48832.750   167.603     8.55   16.90
  49119.674   168.243     2.23   15.17
  49406.587   170.129     6.57   14.54
  49693.491   174.332    14.65   17.38
  49980.386   182.063    26.95   21.76
  50267.270   190.258    28.57   22.81
  50554.145   201.214    38.19   23.19
  50841.010   211.599    36.20   24.08
  51127.866   225.654    48.99   30.32
  51414.711   241.768    56.18   39.55
  51701.547   264.652    79.78   55.42
  51988.373   295.826   108.69   71.78
  52275.190   336.068   140.31   82.65
  52561.997   379.061   149.90   89.33
  52848.794   418.824   138.64   84.54
  53135.581   447.124    98.68   75.04
  53422.358   463.951    58.68   71.18
  53709.126   469.732    20.16   79.22
  53995.884   468.538    -4.16   86.55
  54282.633   453.991   -50.73   93.92
  54569.372   430.122   -83.24   91.17
  54856.100   411.414   -65.25   84.83
  55142.820   391.846   -68.25   83.55
  55429.529   368.599   -81.08   79.20
  55716.229   338.338  -105.55   81.86
  56002.919   301.491  -128.52   89.37
  56289.600   267.971  -116.92   84.45
  56576.270   242.392   -89.23   82.91
  56862.931   220.119   -77.70   76.39
  57149.583   207.399   -44.37   76.43
  57436.224   190.361   -59.44   85.78
  57722.856   161.469  -100.79   87.77
  58009.478   149.645   -41.25   90.83
  58296.091   132.634   -59.35   90.61
  58582.694   111.578   -73.46   82.69
  58869.287    91.214   -71.05   77.82
  59155.870    72.082   -66.76   70.58
  59442.444    56.874   -53.07   61.45
  59729.008    44.569   -42.94   51.76
  60015.562    25.755   -65.66   27.27
  60302.107    19.177   -22.96   10.59
  60588.641    16.747    -8.48    1.08
  60875.167    16.614    -0.46    0.42
  61161.682    16.696     0.29    0.17
  61448.188    16.725     0.10    0.00
  61734.684    16.725     0.00    0.00
  62021.171    16.675    -0.17    0.22
  62307.648    16.652    -0.08    0.26
  62594.115    16.666     0.05    0.24
  62880.572    16.595    -0.25    0.40
  63167.020    16.562    -0.11    0.41
  63453.458    16.558    -0.01    0.37
  63739.886    16.544    -0.05    0.39
  64026.305    16.488    -0.20    0.43
  64312.714    16.409    -0.28    0.47
  64599.114    16.399    -0.03    0.53
  64885.503    16.460     0.21    0.60
  65171.883    16.596     0.48    0.72
  65458.254    16.695     0.35    0.81
  65744.614    16.811     0.40    0.86
  66030.965    16.941     0.45    0.89
  66317.307    17.066     0.44    0.90
  66603.638    17.236     0.59    0.83
  66889.960    17.392     0.54    0.71
  67176.273    17.473     0.28    0.61
  67462.576    17.452    -0.08    0.59
  67748.869    17.399    -0.18    0.56
  68035.152    17.218    -0.63    0.64
  68321.426    16.982    -0.82    0.73
  68607.690    16.791    -0.67    0.72
  68893.944    16.538    -0.88    0.67
  69180.189    16.373    -0.58    0.56
  69466.424    17.058     2.40    4.79
  69752.650    20.725    12.81   15.51
  70038.866    26.484    20.12   25.59
  70325.072    33.309    23.85   34.65
  70611.268    40.046    23.54   40.20
  70897.455    44.888    16.92   43.18
  71183.632    46.389     5.25   43.84
  71469.800    41.594   -16.76   43.05
  71755.958    33.658   -27.73   37.43
  72042.106    25.358   -29.01   25.90
  72328.245    19.196   -21.54   12.80
  72614.374    16.513    -9.37    0.56
  72900.493    16.502    -0.04    0.42
  73186.603    16.568     0.23    0.36
  73472.703    16.623     0.19    0.30
  73758.794    16.674     0.18    0.22
  74044.875    16.718     0.15    0.09
  74330.946    16.682    -0.13    0.20
  74617.008    16.665    -0.06    0.24
  74903.060    16.673     0.03    0.22
  75189.102    16.654    -0.07    0.26
  75475.135    16.673     0.07    0.22
  75761.158    16.704     0.11    0.15
  76047.171    16.725     0.07    0.00
  76333.175    16.725     0.00    0.00
  76619.169    16.725     0.00    0.00
  76905.154    16.725     0.00    0.00
  77191.129    16.725     0.00    0.00
  77477.094    16.725     0.00    0.00
  77763.050    16.725     0.00    0.00
  78048.996    16.725     0.00    0.00
  78334.933    16.725     0.00    0.00
  78620.860    16.725     0.00    0.00
  78906.777    16.725     0.00    0.00
  79192.685    16.725     0.00    0.00
  79478.583    16.732     0.03    0.09
  79764.471    16.739     0.02    0.12
  80050.350    16.732    -0.02    0.09
  80336.220    16.798     0.23    0.41
  80622.079    17.042     0.85    1.17
  80907.929    17.291     0.87    1.80
  81193.770    17.433     0.50    2.01
  81479.601    17.499     0.23    2.21
  81765.422    17.665     0.58    2.55
  82051.234    18.139     1.66    3.33
  82337.036    20.931     9.77    9.14
  82622.828    27.850    24.21   18.89
  82908.611    41.337    47.19   32.73
  83194.384    61.419    70.27   46.90
  83480.148    85.276    83.48   53.85
  83765.902   108.083    79.81   51.15
  84051.647   125.859    62.21   40.46
  84337.382   141.380    54.32   31.19
  84623.107   154.599    46.27   31.90
  84908.823   163.318    30.51   35.25
  85194.529   163.567     0.87   39.72
  85480.226   165.007     5.04   43.98
  85765.913   172.601    26.58   44.04
  86051.590   182.667    35.23   48.44
  86337.258   189.218    22.93   53.54
  86622.916   196.413    25.19   58.74
  86908.565   209.881    47.14   63.51
  87194.204   229.306    68.01   62.05
  87479.834   233.704    15.40   63.55
  87765.454   226.434   -25.45   71.99
  88051.064   204.604   -76.43   84.89
  88336.665   176.783   -97.41   85.01
  88622.257   150.103   -93.42   76.31
  88907.838   126.135   -83.92   59.61
  89193.410   115.653   -36.71   44.26
  89478.973   118.732    10.79   47.26
  89764.526   139.365    72.25   63.84
  90050.069   173.016   117.85   77.79
  90335.603   207.811   121.86   83.95
  90621.128   245.718   132.76   83.09
  90906.643   276.630   108.27   79.34
  91192.148   310.089   117.19   84.82
  91477.643   343.289   116.29   89.05
  91763.130   375.233   111.89   88.37
  92048.606   399.818    86.12   80.03
  92334.073   419.344    68.40   70.98
  92619.531   431.783    43.58   63.00
