# NaN NaN NaN ;Mean Elev.(m), Avg Gradient(m/km), RMS Gradient(m/km) - SRTM1     
#   13.843   0.382   1.648 ;Mean Elev.(m), Avg Gradient(m/km), RMS Gradient(m/km) - ASTER GDEM
#    0.884  -0.190   0.902 ;Mean Elev.(m), Avg Gradient(m/km), RMS Gradient(m/km) - GMTED2010 
   1 196.060576  62.118617     4.576     4.551  3 54666.89900667 40.405
   2 196.057409  62.119194     5.517     4.689  3 54676.81465095 37.325
   3 196.058314  62.121409     4.156     4.475  3 54686.73029438 26.930
   4 196.055219  62.121159     5.004     5.006  3 54696.64593542 50.106
   5 196.058025  62.120249     5.019     5.102  3 54706.56157580 35.711
   6 196.058468  62.118275     4.494     4.468  3 54716.47722773 40.412
   7 196.061961  62.117304     5.391     5.385  4 54726.39287761 40.673
   8 196.060633  62.117297     4.932     4.507  3 54736.30852545 35.884
   9 196.059078  62.119318     5.506     5.177  4 54746.22417290 34.368
  10 196.057248  62.120924     2.925     2.848  3 54756.13981986 38.822
  11 196.058846  62.121006     3.815     3.823  3 54766.05546537 34.592
  12 196.059991  62.118579     5.088     5.011  4 54775.97110750 25.140
  13 196.061167  62.116437     6.108     6.143  3 54785.88674717 22.080
  14 196.062625  62.116601     6.290     6.365  3 54795.80238572 21.567
  15 196.059832  62.117521     6.128     6.070  3 54805.71802334 18.837
  16 196.059061  62.118584     6.547     6.661  3 54815.63366055 18.732
  17 196.058953  62.119406     5.893     5.823  3 54825.54930740 13.296
  18 196.058944  62.119459     6.049     5.959  4 54835.46494684 12.938
  19 196.057764  62.120039     6.486     6.450  3 54845.38059646 13.276
  20 196.057113  62.121369     6.675     6.573  3 54855.29624553 11.627
  21 196.055443  62.122834     6.746     6.917  4 54865.21189446 11.586
  22 196.054967  62.123263     6.806     6.863  3 54875.12754303 10.910
  23 196.056568  62.122447     7.056     6.859  3 54885.04318889 10.757
  24 196.058358  62.120380     6.963     6.934  4 54894.95883118 11.355
  25 196.061602  62.119256     6.902     6.950  3 54904.87447099 12.700
  26 196.060174  62.118451     7.226     7.263  4 54914.79010920 12.696
  27 196.057852  62.118715     7.029     6.945  3 54924.70574695 11.094
  28 196.058046  62.119330     7.320     7.477  3 54934.62138421 11.627
  29 196.060180  62.118735     7.111     7.194  3 54944.53701955  4.461
  30 196.063091  62.116605     5.890     5.670  3 54954.45265251 25.214
  31 196.063587  62.115355     4.882     4.930  3 54964.36829824 42.313
  32 196.062886  62.115933     7.564     7.571  3 54974.28394649 44.865
  33 196.062644  62.118157     6.298     6.257  3 54984.19959450 44.881
  34 196.061096  62.119839     6.456     5.984  3 54994.11524222 29.493
  35 196.059773  62.120554     6.452     6.104  3 55004.03088860 28.697
  36 196.058397  62.120375     6.804     6.727  4 55013.94653279 28.767
  37 196.058794  62.120447     5.447     5.413  3 55023.86217574 50.472
  38 196.057010  62.120757     5.561     4.686  3 55033.77781783 34.659
  39 196.057774  62.121565     4.343     4.225  3 55043.69345946 42.224
  40 196.057903  62.120737     6.438     6.979  3 55053.60909921 31.381
  41 196.059864  62.118908     5.973     6.166  4 55063.52473678 32.445
  42 196.062357  62.118019     4.962     4.770  3 55073.44038225 34.598
  43 196.060903  62.117227     5.348     5.708  3 55083.35603016 35.031
  44 196.061706  62.118431     5.006     4.669  3 55093.27167701 35.363
  45 196.057786  62.118587     6.726     7.234  3 55103.18732318 32.166
  46 196.058245  62.119574     6.539     7.222  3 55113.10296960 30.679
  47 196.061027  62.119704     3.983     4.384  3 55123.01861373 34.920
  48 196.061437  62.118333     2.600     2.494  3 55132.93425455 37.372
  49 196.061104  62.117003     2.115     1.999  3 55142.84989319 38.547
  50 196.062704  62.117721     4.498     4.579  3 55152.76553157 19.179
  51 196.060546  62.118093     4.982     4.864  3 55162.68116984 17.355
  52 196.058064  62.118224     2.474     2.437  3 55172.59680771 42.503
  53 196.058776  62.118283     5.090     5.088  3 55182.51244427 25.509
  54 196.057394  62.118947     6.217     6.048  3 55192.42809520 26.642
  55 196.057755  62.120631     6.553     6.386  3 55202.34374547 21.975
  56 196.056791  62.121821     6.750     7.045  3 55212.25939497 22.249
  57 196.055130  62.121839     6.744     6.842  3 55222.17504387 21.561
  58 196.055454  62.120922     6.964     7.012  3 55232.09069157 20.121
  59 196.060726  62.120374     6.561     6.558  3 55242.00633655 19.554
  60 196.059997  62.118702     6.128     6.105  3 55251.92197742 17.190
  61 196.061654  62.118987     6.474     6.572  3 55261.83761639 15.885
  62 196.061328  62.119588     6.254     6.037  3 55271.75325424 15.957
  63 196.058602  62.118839     6.247     6.307  3 55281.66889156 15.538
  64 196.060921  62.118316     6.197     5.966  3 55291.58452818 14.968
  65 196.062282  62.116651     6.156     6.156  4 55301.50016232 12.333
  66 196.062894  62.116329     6.170     6.457  3 55311.41580981 13.775
  67 196.062177  62.116699     6.308     6.547  4 55321.33145522 19.685
  68 196.060918  62.117854     4.859     4.808  3 55331.24709960 42.443
  69 196.057696  62.118555     7.266     7.315  3 55341.16274374 29.933
  70 196.059479  62.119609     5.463     4.442  3 55351.07838819 33.864
  71 196.060853  62.119923     5.710     5.283  3 55360.99403034 27.844
  72 196.058782  62.119530     6.551     7.150  3 55370.90966995 31.210
  73 196.056785  62.119633     5.789     5.041  3 55380.82530810 30.778
  74 196.059185  62.120934     4.274     4.070  3 55390.74094603 37.310
  75 196.058277  62.119812     4.670     4.473  3 55400.65658219 40.173
  76 196.058575  62.118226     4.786     4.626  3 55410.57223049 47.707
  77 196.061596  62.117107     4.813     4.700  3 55420.48788067 43.711
  78 196.062583  62.116662     5.357     5.136  3 55430.40352769 34.711
  79 196.061593  62.117855     5.191     5.082  3 55440.31917237 39.709
  80 196.059187  62.119142     5.063     4.906  3 55450.23481551 48.914
  81 196.059189  62.119690     4.257     4.249  3 55460.15045830 39.510
  82 196.060921  62.118744     5.682     5.906  3 55470.06610009 31.159
  83 196.062447  62.116961     5.805     5.667  3 55479.98173866 28.618
  84 196.061634  62.115345     2.173     2.228  3 55489.89737435 40.160
  85 196.063435  62.116110     2.845     2.244  3 55499.81300829 33.167
  86 196.062212  62.117792     1.947     1.923  3 55509.72864937 34.238
  87 196.060135  62.119329     4.164     4.958  3 55519.64429920 25.799
  88 196.058515  62.119694     6.575     6.658  3 55529.55994796 20.777
  89 196.058338  62.119571     6.102     5.932  3 55539.47559507 18.025
  90 196.056924  62.119393     5.962     6.052  3 55549.39123987 16.584
  91 196.057796  62.120919     6.020     6.011  4 55559.30688342 15.836
  92 196.057060  62.122037     6.975     6.987  3 55569.22252597 13.880
  93 196.057474  62.121736     5.816     5.454  3 55579.13816758 12.108
  94 196.060929  62.119964     5.971     5.762  3 55589.05380678 11.058
  95 196.063447  62.116858     5.929     5.976  3 55598.96944267 10.763
  96 196.064455  62.115014     6.229     6.274  3 55608.88507604 11.563
  97 196.065137  62.115655     6.013     6.029  3 55618.80070786 13.047
  98 196.060579  62.117535     6.226     6.181  3 55628.71635555 13.098
  99 196.058311  62.118453     6.639     6.768  3 55638.63200647 12.464
 100 196.059589  62.117753     6.310     6.148  3 55648.54765536 11.237
 101 196.062599  62.116386     6.571     6.628  3 55658.46330129 10.000
 102 196.061468  62.115228     6.799     6.786  3 55668.37894296 11.437
 103 196.060195  62.116304     5.926     5.882  3 55678.29458245 12.806
 104 196.059246  62.118289     6.320     5.938  3 55688.21022018 26.044
 105 196.059144  62.119411     4.584     4.611  4 55698.12585658 45.642
 106 196.061478  62.119196     6.669     6.986  3 55708.04149292 30.035
 107 196.058481  62.118024     6.787     7.194  3 55717.95714361 29.646
 108 196.060061  62.118975     5.838     5.812  4 55727.87279228 35.002
 109 196.057625  62.119713     5.284     5.310  3 55737.78843894 50.861
 110 196.055884  62.120658     4.991     4.985  3 55747.70408440 35.629
 111 196.058860  62.121268     6.740     7.063  3 55757.61972805 25.862
 112 196.058454  62.118742     5.129     4.935  3 55767.53536837 44.844
 113 196.062802  62.116697     5.016     5.008  3 55777.45100614 36.405
 114 196.063717  62.114954     5.231     5.246  4 55787.36664107 37.366
 115 196.061668  62.114972     5.182     5.164  3 55797.28227445 37.386
 116 196.059599  62.116678     5.419     5.048  3 55807.19791730 39.163
 117 196.061752  62.119008     4.616     4.513  3 55817.11356688 38.491
 118 196.059883  62.117297     4.949     4.348  3 55827.02921220 37.524
 119 196.064653  62.116433     4.348     4.356  3 55836.94485383 39.245
 120 196.063878  62.114783     5.650     4.972  3 55846.86049163 29.523
 121 196.063106  62.115594     6.257     6.727  3 55856.77612720 27.811
 122 196.062732  62.118411     2.682     2.677  3 55866.69177108 39.102
 123 196.058506  62.120076     3.475     2.968  3 55876.60742315 28.919
 124 196.058487  62.120359     6.383     6.497  3 55886.52306927 17.957
 125 196.059175  62.119378     6.080     6.077  4 55896.43870961 17.338
 126 196.060922  62.118329     6.189     6.045  3 55906.35434491 13.548
 127 196.059500  62.118669     6.280     6.237  4 55916.26998916 14.338
 128 196.057607  62.120055     5.867     5.850  3 55926.18564277 13.488
 129 196.059374  62.121115     5.928     5.956  3 55936.10129340 13.150
 130 196.058625  62.119179     6.058     6.381  3 55946.01693856 12.733
 131 196.062579  62.117633     5.746     5.818  3 55955.93257970 12.113
 132 196.064260  62.116605     5.520     5.476  3 55965.84821801 11.121
 133 196.062387  62.116882     5.896     5.749  4 55975.76385495 13.081
 134 196.062661  62.118413     6.375     6.386  3 55985.67949132 11.152
 135 196.060410  62.117797     6.415     6.342  4 55995.59512631 10.789
 136 196.062136  62.117843     6.577     6.512  3 56005.51077827 10.451
 137 196.063345  62.116758     6.159     6.154  3 56015.42642611  9.644
 138 196.063186  62.116726     6.326     6.322  3 56025.34207100  9.414
 139 196.059723  62.117632     6.824     6.996  3 56035.25771389  8.584
 140 196.059756  62.119805     5.182     4.893  3 56045.17335522 29.300
 141 196.058752  62.120537     4.988     5.074  3 56055.08899351 34.503
 142 196.058657  62.119597     5.792     5.676  3 56065.00462781 46.370
 143 196.058252  62.118747     7.294     7.709  3 56074.92027252 31.362
 144 196.059254  62.119543     7.275     7.338  3 56084.83592220 28.743
 145 196.059756  62.120191     6.560     6.186  3 56094.75156941 28.036
 146 196.059053  62.120214     6.290     6.241  3 56104.66721428 52.099
 147 196.058441  62.119060     6.857     7.390  3 56114.58284450 31.250
 148 196.060549  62.117950     5.368     5.353  3 56124.49848280 36.171
 149 196.062797  62.116309     5.186     5.205  3 56134.41411707 37.366
 150 196.064692  62.116223     5.301     5.332  3 56144.32975743 45.257
 151 196.061998  62.116838     4.709     4.751  3 56154.24540756 36.503
 152 196.062251  62.118689     5.108     5.179  3 56164.16105694 34.591
 153 196.058212  62.118371     4.977     4.861  3 56174.07670358 36.404
 154 196.060127  62.118198     4.915     4.922  4 56183.99234565 42.476
 155 196.061790  62.117228     5.076     5.076  4 56193.90798382 42.434
 156 196.062338  62.116758     5.059     5.093  3 56203.82361909 39.898
 157 196.062494  62.117420     5.199     4.904  3 56213.73925279 31.477
 158 196.061489  62.118363     4.279     4.219  3 56223.65488692 40.523
 159 196.058367  62.119618     3.758     3.624  3 56233.57054279 38.029
 160 196.059073  62.120457     2.942     2.936  3 56243.48619497 38.650
 161 196.058405  62.120072     5.130     5.170  3 56253.40184221 24.772
 162 196.060605  62.120550     4.539     5.231  3 56263.31748546 24.185
 163 196.059048  62.120125     5.162     5.251  3 56273.23312643 17.804
 164 196.058938  62.119734     5.351     5.251  4 56283.14876961 16.395
 165 196.060487  62.119610     5.777     5.921  3 56293.06442149 15.663
 166 196.062147  62.118815     5.434     5.520  3 56302.98006887 15.342
 167 196.061390  62.117841     6.112     6.087  4 56312.89571183 12.638
 168 196.060950  62.118071     6.042     6.043  4 56322.81135274 12.116
 169 196.059776  62.118624     6.480     6.412  3 56332.72699297 12.463
 170 196.059638  62.118578     6.357     6.300  4 56342.64263274 11.260
 171 196.061200  62.117878     6.516     6.432  4 56352.55827028 10.698
 172 196.060585  62.116574     6.854     6.826  3 56362.47391126 11.124
 173 196.061104  62.117335     6.936     6.958  4 56372.38956053 10.686
 175 196.059455  62.120737     7.058     7.135  3 56392.22085170 10.858
 176 196.057920  62.121060     7.139     7.102  4 56402.13649442 10.461
 177 196.059450  62.121081     6.977     6.918  3 56412.05213461  8.243
 178 196.058954  62.119451     6.733     6.748  4 56421.96776942  6.831
 179 196.061413  62.119785     5.568     5.350  3 56431.88341025 13.749
 180 196.059377  62.120684     5.863     5.312  3 56441.79906282 37.398
 181 196.056636  62.120884     6.728     6.698  3 56451.71471269 45.881
 182 196.056543  62.120141     7.113     7.264  3 56461.63036027 27.922
 183 196.059418  62.119115     7.162     7.345  4 56471.54600479 33.458
 184 196.059600  62.117304     5.759     5.632  3 56481.46164545 35.458
 185 196.059814  62.116750     5.090     5.118  3 56491.37728249 47.456
 186 196.061102  62.117437     5.304     4.993  3 56501.29291732 36.990
 187 196.060963  62.117536     5.467     5.261  4 56511.20855052 32.861
 188 196.059283  62.117159     5.278     4.959  3 56521.12419545 34.621
 189 196.060561  62.117498     5.385     5.055  3 56531.03984883 37.430
 191 196.060396  62.117691     4.602     4.602  3 56550.87114333 42.616
 192 196.059743  62.119481     4.422     4.438  4 56560.78678623 47.159
 193 196.059504  62.121363     6.187     5.655  3 56570.70242807 27.930
 194 196.057440  62.121434     5.019     4.876  3 56580.61806806 36.421
 195 196.058587  62.119970     6.068     5.221  3 56590.53370408 31.111
 196 196.060091  62.119207     4.329     4.272  3 56600.44935124 44.320
 197 196.061169  62.119773     6.091     5.891  3 56610.36500165 34.976
 198 196.058403  62.120347     3.979     2.674  3 56620.28064704 33.082
 199 196.058136  62.121174     3.491     2.576  3 56630.19628962 30.907
 200 196.059551  62.120276     6.166     6.119  3 56640.11192868 28.761
 201 196.060325  62.117987     6.096     5.901  3 56650.02757482 27.570
 202 196.061663  62.116753     5.821     5.572  4 56659.94322575 24.813
 203 196.059967  62.116648     6.267     5.911  3 56669.85887280 23.017
 204 196.060988  62.119314     6.181     5.652  3 56679.77451810 16.673
 205 196.057399  62.120031     3.933     4.349  3 56689.69016105 34.555
 206 196.057053  62.119337     5.848     5.657  3 56699.60580115 24.189
 207 196.059011  62.117230     5.603     5.570  3 56709.52143664 23.049
 208 196.061680  62.116568     5.292     5.277  4 56719.43707725 28.840
 209 196.060806  62.118031     5.439     5.475  4 56729.35272959 26.394
 210 196.058308  62.120529     5.060     5.106  4 56739.26837804 31.027
 211 196.056499  62.122524     5.008     5.023  4 56749.18402261 34.891
 212 196.055646  62.122122     3.959     5.101  3 56759.09966229 36.570
 213 196.057988  62.120227     4.169     5.299  3 56769.01529585 40.048
 214 196.058310  62.119040     3.659     3.085  3 56778.93094449 38.469
 215 196.057927  62.119659     5.957     5.279  3 56788.84660021 32.305
 216 196.057445  62.121373     5.967     5.428  4 56798.76225256 32.455
 217 196.057517  62.122775     5.356     5.364  3 56808.67789890 32.031
 218 196.058146  62.121969     4.824     4.839  3 56818.59353939 43.726
 219 196.059410  62.119353     6.360     6.288  4 56828.50917609 36.400
 220 196.063291  62.116964     5.339     5.366  3 56838.42480987 48.930
 221 196.064495  62.115841     5.676     5.688  3 56848.34044090 38.081
 222 196.061407  62.117824     5.740     5.580  3 56858.25609505 28.469
 223 196.060164  62.120510     6.458     6.582  3 56868.17174881 29.315
 224 196.059113  62.121203     5.633     5.523  3 56878.08740045 42.664
 225 196.056641  62.119620     4.840     4.844  3 56888.00304844 38.819
 226 196.059568  62.119155     5.485     4.693  3 56897.91869433 34.675
 227 196.060907  62.120148     5.531     4.863  3 56907.83433759 33.423
 228 196.058995  62.121859     4.731     4.789  3 56917.74997853 41.347
 229 196.055836  62.122842     4.380     4.387  3 56927.66561725 47.313
 230 196.054825  62.122136     4.211     4.047  3 56937.58125204 44.121
 231 196.058241  62.120153     4.271     3.694  4 56947.49688378 34.670
 232 196.061256  62.119680     3.155     3.140  3 56957.41253773 36.501
 233 196.059348  62.118874     3.177     3.142  3 56967.32818583 37.805
 234 196.059064  62.119874     3.234     2.824  3 56977.24383027 37.981
 235 196.058804  62.120696     5.306     5.249  3 56987.15947022 31.877
 236 196.057835  62.119031     5.306     5.419  3 56997.07510393 27.510
 237 196.061880  62.118152     5.965     5.837  3 57006.99075040 21.968
 238 196.063028  62.117184     6.022     6.087  3 57016.90640439 21.649
 239 196.060364  62.116755     5.171     5.208  3 57026.82205439 27.137
 240 196.061553  62.119368     5.347     5.370  3 57036.73770314 28.854
 241 196.059423  62.120660     5.343     5.375  3 57046.65334881 20.740
 242 196.059638  62.120875     5.441     5.372  3 57056.56899103 19.524
 243 196.059503  62.118944     5.447     5.442  4 57066.48462766 18.754
 244 196.060932  62.117754     5.193     5.282  4 57076.40026014 40.664
 245 196.061029  62.117073     6.163     6.104  4 57086.31588961 20.575
 246 196.058496  62.119798     5.859     5.810  4 57096.23154818 18.403
 247 196.057503  62.122369     5.756     5.777  3 57106.14720460 18.055
 248 196.057477  62.123063     5.496     5.366  3 57116.06285624 17.581
 249 196.057030  62.121503     5.686     5.694  4 57125.97850131 14.287
 250 196.057053  62.119568     6.540     6.548  3 57135.89414101 15.896
 251 196.059162  62.118634     5.423     5.376  3 57145.80977675 33.572
 252 196.060940  62.118560     4.873     5.262  3 57155.72541009 33.629
 253 196.060586  62.118747     6.799     7.288  3 57165.64105103 29.511
 254 196.058708  62.119202     6.571     6.020  3 57175.55670741 37.415
 255 196.059516  62.118767     5.995     5.816  4 57185.47236020 32.350
 256 196.062093  62.118319     4.821     4.826  3 57195.38800913 37.556
 257 196.062350  62.118298     4.113     4.064  3 57205.30364427 34.693
 258 196.059825  62.118968     4.945     4.896  3 57215.21928948 37.237
 259 196.056758  62.119446     4.359     4.080  3 57225.13493324 37.335
 260 196.058436  62.120173     4.423     4.411  3 57235.05057553 33.781
 261 196.059108  62.119399     5.309     4.577  3 57244.96621419 36.507
 262 196.060968  62.118847     4.250     4.284  3 57254.88185039 41.569
 263 196.059344  62.118491     6.151     5.688  3 57264.79748492 27.662
 264 196.059570  62.119821     5.889     5.304  3 57274.71312604 37.694
 265 196.058018  62.121371     5.436     5.444  3 57284.62878320 32.160
 266 196.057671  62.121582     5.030     5.087  3 57294.54443748 39.969
 267 196.057404  62.120736     5.046     5.072  3 57304.46008805 40.931
 268 196.058256  62.120178     4.618     4.656  3 57314.37573493 45.991
 269 196.059847  62.120656     4.886     3.898  3 57324.29137882 33.827
 270 196.058050  62.120245     3.294     3.243  4 57334.20702044 37.941
 271 196.060025  62.120392     2.465     2.546  3 57344.12266054 36.480
 272 196.058066  62.119847     5.772     5.574  3 57354.03831408 19.491
 273 196.060895  62.119533     5.934     5.929  3 57363.95395832 16.528
 274 196.062307  62.118779     5.868     5.886  3 57373.86959895 15.825
 275 196.060642  62.118215     6.179     6.259  3 57383.78523745 14.414
 276 196.061919  62.118821     3.643     3.302  3 57393.70087588 31.726
 277 196.060394  62.118407     6.164     6.238  4 57403.61651301 16.672
 278 196.059329  62.118209     5.906     5.775  3 57413.53215829 16.078
 279 196.060441  62.119233     5.622     5.472  3 57423.44780999 20.850
 280 196.060509  62.120519     5.492     5.310  3 57433.36345883 20.343
 281 196.059230  62.121844     5.632     5.657  3 57443.27910580 17.687
 282 196.056897  62.122278     5.732     5.682  3 57453.19475193 17.871
 283 196.058110  62.122546     5.514     5.586  3 57463.11039669 17.469
 284 196.056253  62.120112     5.544     5.368  3 57473.02603725 15.971
 285 196.059512  62.119011     5.114     5.111  3 57482.94167462 38.223
 286 196.062443  62.118554     5.296     5.261  3 57492.85730899 40.074
 287 196.061208  62.117848     5.570     5.118  4 57502.77294085 38.300
 288 196.061814  62.119070     5.553     5.362  3 57512.68859238 34.623
 289 196.059385  62.118741     5.109     4.983  3 57522.60424703 39.838
 290 196.059995  62.118181     6.312     6.114  3 57532.51989957 28.910
 291 196.060499  62.117695     5.742     5.667  4 57542.43554889 37.680
 292 196.061143  62.118216     5.481     5.314  3 57552.35119556 39.716
 293 196.059007  62.118846     4.855     4.809  3 57562.26684059 41.530
 294 196.060240  62.120354     4.695     4.710  3 57572.18248563 34.175
 295 196.058507  62.119979     5.258     4.635  4 57582.09813011 36.731
 296 196.058898  62.119459     5.671     4.906  3 57592.01377293 35.105
 297 196.060437  62.119586     5.920     5.315  3 57601.92941330 39.704
