-166156.793    -1.466     0.00    0.31
-165868.555    -1.438     0.10    0.28
-165580.334    -1.433     0.02    0.30
-165292.130    -1.757    -1.12    1.29
-165003.943    -2.881    -3.90    2.86
-164715.772    -4.093    -4.21    3.54
-164427.618    -5.316    -4.25    3.65
-164139.481    -6.357    -3.61    3.23
-163851.360    -7.264    -3.15    2.53
-163563.257    -7.637    -1.29    1.80
-163275.169    -7.563     0.26    1.47
-162987.099    -6.960     2.09    1.80
-162699.045    -6.155     2.79    2.28
-162411.008    -5.218     3.25    2.57
-162122.988    -4.261     3.32    2.72
-161834.984    -3.436     2.87    2.62
-161546.997    -2.685     2.61    2.30
-161259.027    -2.101     2.03    1.84
-160971.073    -1.514     2.04    0.83
-160683.137    -1.357     0.55    0.00
-160395.216    -1.357     0.00    0.00
-160107.313    -1.357     0.00    0.00
-159819.426    -1.357     0.00    0.00
-159531.555    -1.357     0.00    0.00
-159243.702    -1.357     0.00    0.00
-158955.865    -1.357     0.00    0.00
-158668.045    -1.357     0.00    0.00
-158380.241    -1.357     0.00    0.00
-158092.454    -1.357     0.00    0.00
-157804.683    -1.357     0.00    0.00
-157516.930    -1.357     0.00    0.00
-157229.193    -1.357     0.00    0.00
-156941.472    -1.357     0.00    0.00
-156653.768    -1.357     0.00    0.00
-156366.081    -1.357     0.00    0.00
-156078.410    -1.357     0.00    0.00
-155790.756    -1.357     0.00    0.00
-155503.119    -1.357     0.00    0.00
-155215.498    -1.357     0.00    0.00
-154927.894    -1.396    -0.14    0.36
-154640.306    -1.682    -1.00    1.03
-154352.735    -1.912    -0.80    1.32
-154065.181    -1.979    -0.23    1.36
-153777.643    -2.002    -0.08    1.37
-153490.121    -1.982     0.07    1.36
-153202.617    -1.936     0.16    1.36
-152915.129    -1.649     1.00    1.01
-152627.657    -1.434     0.75    0.51
-152340.202    -1.357     0.27    0.00
-152052.764    -1.357     0.00    0.00
-151765.342    -1.357     0.00    0.00
-151477.937    -1.357     0.00    0.00
-151190.548    -1.357     0.00    0.00
-150903.176    -1.722    -1.27    1.24
-150615.820    -2.149    -1.49    1.73
-150328.481    -2.464    -1.10    1.97
-150041.159    -2.703    -0.83    2.07
-149753.853    -2.769    -0.23    2.08
-149466.563    -2.797    -0.10    2.09
-149179.291    -2.808    -0.04    2.10
-148892.034    -2.758     0.17    2.08
-148604.794    -2.381     1.31    1.88
-148317.571    -2.349     0.11    1.89
-148030.364    -2.244     0.37    1.80
-147743.174    -1.981     0.92    1.55
-147456.000    -1.775     0.72    1.31
-147168.843    -1.542     0.81    0.76
-146881.702    -1.809    -0.93    1.20
-146594.578    -2.186    -1.31    1.53
-146307.470    -2.542    -1.24    1.73
-146020.379    -2.653    -0.39    1.77
-145733.304    -2.620     0.12    1.77
-145446.246    -2.533     0.31    1.75
-145159.204    -2.278     0.89    1.62
-144872.179    -2.107     0.60    1.49
-144585.170    -1.857     0.87    1.18
-144298.178    -1.669     0.65    0.80
-144011.202    -1.760    -0.32    0.76
-143724.242    -2.000    -0.84    0.90
-143437.300    -2.316    -1.10    0.98
-143150.373    -2.631    -1.10    0.92
-142863.463    -2.829    -0.69    0.84
-142576.569    -2.889    -0.21    0.81
-142289.692    -2.807     0.29    0.86
-142002.832    -2.555     0.88    0.96
-141715.987    -2.268     1.00    0.97
-141429.160    -1.977     1.02    0.89
-141142.348    -1.744     0.81    0.76
-140855.553    -1.525     0.76    0.53
-140568.775    -1.403     0.42    0.35
-140282.013    -1.348     0.19    0.39
-139995.267    -1.192     0.54    0.48
-139708.538    -0.960     0.81    0.66
-139421.825    -0.703     0.90    0.80
-139135.129    -0.325     1.32    1.01
-138848.449     0.224     1.91    1.26
-138561.785     0.882     2.29    1.63
-138275.138     1.515     2.21    1.81
-137988.508     2.187     2.34    2.06
-137701.893     2.936     2.61    2.31
-137415.295     3.875     3.28    2.72
-137128.714     4.848     3.39    3.06
-136842.148     5.659     2.83    3.46
-136555.600     6.635     3.41    3.55
-136269.067     7.263     2.19    3.48
-135982.551     7.432     0.59    3.50
-135696.052     7.413    -0.07    3.59
-135409.568     7.421     0.03    3.60
-135123.101     7.442     0.07    3.42
-134836.651     7.698     0.89    3.64
-134550.216     8.159     1.61    3.82
-134263.799     9.135     3.41    4.18
-133977.397    10.558     4.97    4.51
-133691.012    11.770     4.24    4.69
-133404.643    12.465     2.43    4.77
-133118.291    12.604     0.49    4.63
-132831.955    12.458    -0.51    4.43
-132545.635    12.837     1.32    4.59
-132259.331    12.700    -0.48    4.54
-131973.044    12.501    -0.70    4.46
-131686.773    12.659     0.55    4.47
-131400.519    13.369     2.48    4.71
-131114.281    14.620     4.37    4.91
-130828.059    15.774     4.03    4.80
-130541.853    16.971     4.19    4.22
-130255.664    18.248     4.46    3.43
-129969.491    19.400     4.02    2.25
-129683.335    20.067     2.33    1.31
-129397.194    20.371     1.07    0.78
-129111.070    20.482     0.39    0.55
-128824.963    20.589     0.37    0.26
-128538.871    20.635     0.16    0.09
-128252.796    20.643     0.03    0.00
-127966.737    20.643     0.00    0.00
-127680.694    20.643     0.00    0.00
-127394.668    20.643     0.00    0.00
-127108.658    20.643     0.00    0.00
-126822.664    20.651     0.03    0.09
-126536.687    20.770     0.42    0.42
-126250.726    21.563     2.77    2.35
-125964.781    23.628     7.22    5.03
-125678.852    27.155    12.34    8.77
-125392.939    33.347    21.66   13.69
-125107.043    43.011    33.80   22.09
-124821.163    57.619    51.10   35.66
-124535.299    85.509    97.57   59.85
-124249.452   115.810   106.01   74.74
-123963.621   148.855   115.62   76.59
-123677.805   170.784    76.73   69.20
-123392.007   190.783    69.98   54.41
-123106.224   198.799    28.05   40.52
-122820.458   197.786    -3.54   34.71
-122534.708   191.119   -23.33   35.86
-122248.974   177.743   -46.82   38.98
-121963.256   163.716   -49.10   38.68
-121677.554   150.897   -44.87   31.37
-121391.869   141.859   -31.64   24.08
-121106.200   134.676   -25.15   20.12
-120820.547   129.222   -19.09   18.44
-120534.910   123.963   -18.41   17.95
-120249.290   116.310   -26.80   18.59
-119963.685   108.738   -26.51   18.72
-119678.097   102.766   -20.91   16.99
-119392.525    98.349   -15.47   14.54
-119106.970    95.683    -9.33   11.80
-118821.430    94.822    -3.02   11.04
-118535.906    96.674     6.49   13.30
-118250.399   100.217    12.41   14.93
-117964.908   103.418    11.21   15.48
-117679.433   103.933     1.80   14.98
-117393.974   104.383     1.58   14.08
-117108.532   102.801    -5.54   12.99
-116823.105   101.944    -3.00   11.23
-116537.695   100.604    -4.69    7.98
-116252.301   101.003     1.40    6.79
-115966.923   102.414     4.94    7.49
-115681.561   105.002     9.07    8.51
-115396.215   109.031    14.12   10.18
-115110.885   113.264    14.84   12.40
-114825.572   114.058     2.78   13.67
-114540.274   112.442    -5.66   15.59
-114254.993   109.366   -10.78   15.17
-113969.728   108.426    -3.30   14.40
-113684.479   107.756    -2.35   13.68
-113399.246   110.911    11.06   19.23
-113114.029   118.131    25.32   24.62
-112828.829   123.845    20.04   26.92
-112543.644   122.643    -4.21   29.43
-112258.475   116.188   -22.64   34.43
-111973.323   105.822   -36.36   37.62
-111688.187    93.668   -42.63   34.17
-111403.067    79.321   -50.32   20.91
-111117.962    71.903   -26.02   12.24
-110832.874    67.391   -15.83   11.17
-110547.802    64.393   -10.52   12.05
-110262.746    62.023    -8.32   12.16
-109977.707    59.951    -7.27   11.03
-109692.683    59.763    -0.66   10.11
-109407.675    60.443     2.39   11.10
-109122.684    62.287     6.47   13.22
-108837.708    62.934     2.27   13.46
-108552.749    61.684    -4.39   14.33
-108267.805    61.143    -1.90   16.67
-107982.878    59.385    -6.17   16.43
-107697.966    60.738     4.75   18.87
-107413.071    61.213     1.67   20.59
-107128.192    58.359   -10.02   21.15
-106843.328    57.589    -2.70   20.96
-106557.431    56.611    -3.42   19.92
-106268.996    56.295    -1.10   18.90
-105980.578    53.612    -9.30   14.96
-105692.176    49.498   -14.27   10.75
-105403.793    46.698    -9.71   10.58
-105115.426    45.273    -4.94   11.08
-104827.077    43.668    -5.57   11.00
-104538.745    43.064    -2.09   10.36
-104250.431    42.928    -0.47   10.34
-103962.133    45.548     9.09   12.62
-103673.853    49.199    12.66   14.66
-103385.590    53.547    15.08   14.23
-103097.344    56.954    11.82   13.87
-102809.116    59.275     8.06   13.62
-102520.905    62.119     9.87   13.54
-102232.711    65.147    10.51   13.89
-101944.534    66.176     3.57   14.24
-101656.375    68.221     7.10   15.67
-101368.233    73.287    17.58   18.63
-101080.108    80.335    24.46   21.57
-100792.000    88.451    28.17   21.76
-100503.910    93.295    16.81   19.08
-100215.836    92.942    -1.22   21.71
 -99927.780    89.371   -12.40   30.29
 -99639.741    82.451   -24.03   36.69
 -99351.720    71.192   -39.09   42.22
 -99063.715    57.612   -47.15   42.94
 -98775.728    44.700   -44.84   38.50
 -98487.758    33.180   -40.01   31.43
 -98199.805    23.186   -34.71   22.41
 -97911.869    17.367   -20.21   14.10
 -97623.951    14.248   -10.83    5.93
 -97336.049    14.237    -0.04    3.04
 -97048.165    15.807     5.45    3.87
 -96760.298    18.402     9.01    5.46
 -96472.448    21.814    11.86    7.31
 -96184.616    25.982    14.48    8.83
 -95896.800    31.588    19.48   10.71
 -95609.002    37.079    19.08   11.88
 -95321.221    44.594    26.12   13.63
 -95033.457    52.376    27.04   15.96
 -94745.710    61.353    31.20   20.15
 -94457.980    70.493    31.77   24.59
 -94170.267    82.155    40.54   27.73
 -93882.572    94.643    43.41   30.55
 -93594.893   110.299    54.42   37.25
 -93307.232   133.062    79.13   53.77
 -93019.588   162.404   102.01   68.64
 -92731.961   184.817    77.93   63.99
 -92444.351   195.112    35.80   55.38
 -92156.758   197.839     9.48   53.65
 -91869.183   191.974   -20.39   56.82
 -91581.624   183.716   -28.72   57.63
 -91294.083   175.100   -29.97   49.34
 -91006.558   165.972   -31.75   38.31
 -90719.051   162.353   -12.59   33.69
 -90431.561   164.155     6.27   33.21
 -90144.088   168.714    15.86   30.75
 -89856.632   175.692    24.28   30.62
 -89569.193   179.683    13.89   32.00
 -89281.771   183.448    13.10   29.61
 -88994.366   190.942    26.07   27.39
 -88706.979   195.549    16.03   21.64
 -88419.608   194.070    -5.15   23.06
 -88132.254   185.485   -29.88   30.39
 -87844.918   171.032   -50.30   35.62
 -87557.598   154.375   -57.98   38.58
 -87270.296   138.651   -54.73   38.60
 -86983.011   122.210   -57.23   33.77
 -86695.742   112.039   -35.41   30.46
 -86408.491   100.801   -39.12   25.70
 -86121.257    91.955   -30.80   23.01
 -85834.040    83.099   -30.84   21.07
 -85546.839    80.072   -10.54   20.83
 -85259.656    78.168    -6.63   20.85
 -84972.490    78.072    -0.33   21.19
 -84685.341    80.905     9.87   24.55
 -84398.209    89.455    29.78   27.72
 -84111.094    94.407    17.25   25.79
 -83823.996    93.715    -2.41   24.49
 -83536.914    89.456   -14.84   26.60
 -83249.850    83.295   -21.47   31.12
 -82962.803    73.700   -33.43   33.90
 -82675.773    58.395   -53.32   30.02
 -82388.760    45.636   -44.46   20.61
 -82101.764    35.797   -34.28   10.94
 -81814.785    29.937   -20.42    6.44
 -81527.823    26.990   -10.27    4.93
 -81240.877    24.418    -8.97    4.16
 -80953.949    22.239    -7.59    4.29
 -80667.038    21.027    -4.22    3.73
 -80380.144    20.465    -1.96    3.59
 -80093.266    21.233     2.68    4.64
 -79806.406    22.743     5.26    6.16
 -79519.562    25.039     8.00    7.04
 -79232.736    27.784     9.57    7.23
 -78945.926    30.974    11.12    6.37
 -78659.134    34.509    12.32    6.00
 -78372.358    38.547    14.08    6.91
 -78085.599    43.482    17.21   10.72
 -77798.858    48.447    17.31   13.48
 -77512.133    54.139    19.86   15.44
 -77225.425    61.513    25.72   15.94
 -76938.734    64.440    10.21   14.03
 -76652.060    63.619    -2.87   16.13
 -76365.403    56.289   -25.57   21.30
 -76078.762    46.011   -35.86   24.68
 -75792.139    34.353   -40.67   24.39
 -75505.532    22.533   -41.24   21.07
 -75218.943    12.563   -34.79   16.00
 -74932.370     4.741   -27.30   11.12
 -74645.814     0.167   -15.96    7.25
 -74359.275    -2.389    -8.92    4.74
 -74072.753    -2.574    -0.65    4.98
 -73786.248    -1.412     4.06    6.88
 -73499.760    -0.020     4.86    7.63
 -73213.289     1.240     4.40    7.62
 -72926.834     2.116     3.06    7.28
 -72640.396     2.595     1.67    6.77
 -72353.976     2.045    -1.92    6.66
 -72067.572     0.700    -4.70    5.93
 -71781.185    -1.381    -7.27    2.99
 -71494.814    -2.191    -2.83    0.39
 -71208.461    -2.284    -0.32    0.26
 -70922.125    -2.253     0.11    0.31
 -70635.805    -2.153     0.35    0.40
 -70349.502    -2.012     0.49    0.48
 -70063.216    -1.849     0.57    0.50
 -69776.947    -1.693     0.55    0.47
 -69490.694    -1.446     0.86    0.46
 -69204.459    -1.150     1.03    0.57
 -68918.240    -0.812     1.18    0.78
 -68632.038    -0.429     1.34    1.01
 -68345.853    -0.207     0.78    1.20
 -68059.685    -0.283    -0.27    1.66
 -67773.533    -0.698    -1.45    2.16
 -67487.399    -1.166    -1.64    2.50
 -67201.281    -1.514    -1.21    2.55
 -66915.180    -1.412     0.36    2.58
 -66629.096    -1.844    -1.51    2.65
 -66343.028    -2.389    -1.91    2.68
 -66056.977    -2.618    -0.80    2.56
 -65770.943    -2.679    -0.21    2.55
 -65484.926    -2.593     0.30    2.55
 -65198.926    -2.497     0.33    2.47
 -64912.942    -2.316     0.64    2.32
 -64626.975    -1.734     2.03    2.13
 -64341.025    -1.074     2.31    1.67
 -64055.092    -0.611     1.62    1.14
 -63769.175    -0.412     0.69    0.90
 -63483.276    -0.171     0.84    0.50
 -63197.393    -0.065     0.37    0.54
 -62911.526    -0.091    -0.09    0.62
 -62625.677    -0.324    -0.81    1.11
 -62339.844    -0.742    -1.46    1.61
 -62054.028    -1.223    -1.68    1.96
 -61768.228    -1.671    -1.57    2.11
 -61482.446    -2.110    -1.54    2.15
 -61196.680    -2.307    -0.69    2.05
 -60910.931    -1.991     1.10    2.27
 -60625.198    -1.286     2.47    2.69
 -60339.482    -0.462     2.88    2.82
 -60053.783     0.604     3.73    2.86
 -59768.101     1.612     3.53    2.41
 -59482.435     2.225     2.15    1.87
 -59196.786     2.368     0.50    1.46
 -58911.154     2.164    -0.71    1.66
 -58625.539     1.213    -3.33    2.44
 -58339.940     0.029    -4.14    2.93
 -58054.357    -1.160    -4.16    2.88
 -57768.792    -1.732    -2.00    2.62
 -57483.243    -1.552     0.63    3.20
 -57197.711    -0.308     4.36    5.33
 -56912.196     1.462     6.20    7.40
 -56626.697     4.961    12.25    9.83
 -56341.215     6.511     5.43    9.94
 -56055.749     6.597     0.30    9.87
 -55770.300     5.561    -3.63    8.35
 -55484.868     4.336    -4.29    7.30
 -55199.453     3.104    -4.32    5.93
 -54914.054     1.701    -4.92    4.31
 -54628.671     0.495    -4.23    2.70
 -54343.306    -0.166    -2.32    1.37
 -54057.957    -0.373    -0.72    1.14
 -53772.625    -0.742    -1.30    0.90
 -53487.309    -1.018    -0.97    0.71
 -53202.010    -1.147    -0.45    0.48
 -52916.727    -1.157    -0.03    0.42
 -52631.462    -1.135     0.07    0.45
 -52346.212    -1.073     0.22    0.62
 -52060.980    -1.034     0.14    0.66
 -51775.764    -0.983     0.18    0.62
 -51490.564    -0.984    -0.00    0.63
 -51205.382    -1.045    -0.22    0.62
 -50920.215    -1.155    -0.39    0.53
 -50635.066    -1.325    -0.60    0.44
 -50349.933    -1.695    -1.30    1.46
 -50064.816    -2.174    -1.68    2.07
 -49779.717    -2.901    -2.55    2.56
 -49494.633    -3.470    -2.00    2.70
 -49209.567    -3.949    -1.68    2.63
 -48924.517    -4.250    -1.06    2.48
 -48639.483    -4.291    -0.15    2.18
 -48354.466    -4.293    -0.01    1.94
 -48069.466    -3.993     1.05    1.51
 -47784.482    -3.711     0.99    1.14
 -47499.515    -3.341     1.30    0.58
 -47214.564    -3.137     0.71    0.47
 -46929.630    -3.069     0.24    0.63
 -46644.712    -3.078    -0.03    0.89
 -46359.811    -2.535     1.90    1.77
 -46074.926    -1.198     4.70    3.47
 -45790.058     1.734    10.29    7.08
 -45505.207     6.016    15.03   11.24
 -45220.372    12.548    22.93   16.19
 -44935.554    19.103    23.01   19.31
 -44649.280    24.155    17.65   19.54
 -44360.787    28.887    16.40   19.54
 -44072.312    30.842     6.78   17.38
 -43783.854    34.431    12.44   17.48
 -43495.414    36.432     6.94   16.97
 -43206.992    38.275     6.39   16.79
 -42918.588    41.255    10.33   16.95
 -42630.201    42.310     3.66   18.52
 -42341.833    41.135    -4.07   19.16
 -42053.482    38.045   -10.72   20.38
 -41765.149    32.280   -20.00   16.34
 -41476.833    25.773   -22.57   12.83
 -41188.536    22.297   -12.06   11.25
 -40900.256    19.450    -9.88    9.25
 -40611.994    17.851    -5.55    7.99
 -40323.749    17.016    -2.90    6.36
 -40035.523    16.974    -0.15    5.60
 -39747.314    18.267     4.49    7.25
 -39459.122    21.155    10.02    8.97
 -39170.949    24.610    11.99   10.51
 -38882.793    29.563    17.19   12.66
 -38594.655    36.358    23.58   14.86
 -38306.535    42.430    21.08   15.76
 -38018.432    46.771    15.07   15.76
 -37730.348    49.501     9.47   15.74
 -37442.280    49.006    -1.72   16.37
 -37154.231    47.064    -6.74   17.92
 -36866.199    42.813   -14.76   17.98
 -36578.185    37.404   -18.78   15.73
 -36290.189    35.239    -7.52   14.20
 -36002.210    32.799    -8.47   12.87
 -35714.249    32.562    -0.82   13.39
 -35426.306    32.579     0.06   13.70
 -35138.380    31.817    -2.65   12.84
 -34850.472    29.602    -7.69   11.32
 -34562.582    29.251    -1.22   10.75
 -34274.709    27.343    -6.63    8.78
 -33986.854    26.164    -4.09    6.75
 -33699.017    27.323     4.03    7.78
 -33411.197    30.237    10.12   11.87
 -33123.395    35.619    18.70   17.09
 -32835.611    42.171    22.77   21.04
 -32547.844    50.131    27.66   23.92
 -32260.095    58.548    29.25   24.39
 -31972.363    65.651    24.69   24.10
 -31684.649    74.971    32.39   26.22
 -31396.953    83.974    31.29   30.64
 -31109.275    92.859    30.89   31.81
 -30821.614    97.766    17.06   30.34
 -30533.970    97.730    -0.13   30.63
 -30246.345    94.469   -11.34   31.87
 -29958.736    86.280   -28.47   34.38
 -29671.146    72.136   -49.18   37.21
 -29383.573    58.299   -48.11   34.37
 -29096.017    45.676   -43.90   28.66
 -28808.480    36.427   -32.16   22.27
 -28520.960    28.643   -27.07   14.29
 -28233.457    23.027   -19.54    7.75
 -27945.972    20.746    -7.93    4.92
 -27658.504    19.143    -5.57    2.39
 -27371.055    18.440    -2.45    0.95
 -27083.622    18.405    -0.12    0.79
 -26796.207    18.536     0.45    0.79
 -26508.810    18.834     1.04    0.91
 -26221.431    19.273     1.53    1.05
 -25934.069    19.825     1.92    1.20
 -25646.724    20.337     1.78    1.15
 -25359.397    20.843     1.76    1.07
 -25072.088    21.197     1.23    0.89
 -24784.796    21.539     1.19    0.70
 -24497.521    21.998     1.60    1.10
 -24210.264    22.998     3.48    2.45
 -23923.025    24.347     4.70    3.44
 -23635.803    25.740     4.85    3.93
 -23348.599    27.316     5.49    3.89
 -23061.412    28.497     4.11    3.28
 -22774.243    29.491     3.46    2.37
 -22487.091    30.063     1.99    1.66
 -22199.957    30.021    -0.14    1.52
 -21912.840    29.779    -0.84    1.38
 -21625.741    29.305    -1.65    0.99
 -21338.659    29.072    -0.81    0.64
 -21051.595    29.074     0.01    0.92
 -20764.548    29.329     0.89    1.57
 -20477.519    30.058     2.54    2.19
 -20190.507    31.091     3.60    2.79
 -19903.512    32.402     4.57    3.24
 -19616.535    33.947     5.39    3.78
 -19329.576    35.391     5.03    4.03
 -19042.634    37.875     8.66    4.88
 -18755.709    40.643     9.65    6.16
 -18468.802    43.222     8.99    6.32
 -18181.913    45.627     8.38    6.19
 -17895.041    47.722     7.30    5.53
 -17608.186    49.332     5.61    5.00
 -17321.348    51.651     8.09    4.83
 -17034.529    54.501     9.93    5.87
 -16747.726    57.939    11.99    7.71
 -16460.941    62.651    16.43   10.11
 -16174.174    68.240    19.49   12.88
 -15887.423    76.396    28.44   16.73
 -15600.691    85.515    31.81   20.54
 -15313.975    96.578    38.59   26.28
 -15027.277   107.545    38.25   29.75
 -14740.597   116.643    31.74   29.18
 -14453.934   126.635    34.86   31.15
 -14167.288   132.327    19.86   30.53
 -13880.659   141.069    30.50   31.48
 -13594.048   149.143    28.17   31.90
 -13307.455   161.482    43.05   35.80
 -13020.879   173.595    42.27   35.51
 -12734.320   179.052    19.04   34.57
 -12447.778   176.829    -7.76   38.93
 -12161.254   167.557   -32.36   47.51
 -11874.748   151.111   -57.40   54.42
 -11588.258   129.203   -76.47   54.27
 -11301.786   107.829   -74.61   40.12
 -11015.332    89.561   -63.77   27.22
 -10728.894    77.385   -42.51   22.08
 -10442.474    67.627   -34.07   19.15
 -10156.072    59.389   -28.76   17.65
  -9869.686    53.037   -22.18   17.54
  -9583.318    45.643   -25.82   16.86
  -9296.968    36.701   -31.23   14.26
  -9010.635    31.143   -19.41   12.38
  -8724.319    26.758   -15.32   10.72
  -8438.020    22.891   -13.51    7.59
  -8151.739    21.266    -5.68    4.98
  -7865.475    22.081     2.85    6.15
  -7579.228    24.523     8.53    7.37
  -7292.999    27.159     9.21    7.60
  -7006.787    30.521    11.74    7.45
  -6720.592    33.429    10.16    6.27
  -6434.414    35.475     7.15    4.52
  -6148.254    36.602     3.94    3.28
  -5862.111    38.124     5.32    4.67
  -5575.985    40.839     9.49    7.40
  -5289.877    44.825    13.93   11.26
  -5003.786    53.731    31.13   21.21
  -4717.712    61.789    28.17   26.84
  -4431.656    71.627    34.39   31.03
  -4145.616    75.958    15.14   31.24
  -3859.594    75.741    -0.76   32.19
  -3573.590    72.143   -12.58   32.12
  -3287.602    65.064   -24.75   31.95
  -3001.632    55.602   -33.09   28.12
  -2715.679    45.058   -36.87   21.95
  -2429.743    36.977   -28.26   15.85
  -2143.825    30.288   -23.39   10.59
  -1857.923    25.411   -17.06   10.17
  -1572.039    21.453   -13.85   10.61
  -1286.172    17.702   -13.12   11.02
  -1000.323    13.837   -13.52   11.42
   -714.490    11.059    -9.72   11.43
   -428.675     7.458   -12.60   10.24
   -142.877     5.437    -7.07    9.47
    142.903     3.017    -8.47    7.73
    428.667     0.702    -8.10    4.95
    714.413    -0.112    -2.85    3.73
   1000.143    -1.051    -3.28    0.46
   1285.854    -1.053    -0.01    0.46
   1571.549    -1.142    -0.31    0.41
   1857.227    -1.173    -0.11    0.39
   2142.887    -1.082     0.32    0.45
   2428.530    -0.933     0.52    0.50
   2714.157    -0.786     0.51    0.53
   2999.765    -0.607     0.63    0.71
   3285.357    -0.181     1.49    1.05
   3570.932     0.369     1.93    1.28
   3856.489     0.947     2.02    1.38
   4142.029     1.434     1.70    1.37
   4427.552     2.007     2.01    1.13
   4713.058     2.490     1.69    0.87
   4998.547     2.847     1.25    0.68
   5284.019     3.007     0.56    0.65
   5569.473     2.969    -0.13    0.79
   5854.911     2.845    -0.43    0.91
   6140.331     2.766    -0.28    0.94
   6425.734     2.699    -0.23    0.99
   6711.120     2.830     0.46    1.04
   6996.489     2.942     0.39    1.00
   7281.840     3.111     0.59    0.99
   7567.175     3.348     0.83    0.91
   7852.493     3.611     0.92    0.74
   8137.793     3.781     0.59    0.62
   8423.076     3.850     0.24    0.55
   8708.343     3.921     0.25    0.50
   8993.592     3.993     0.25    0.48
   9278.824     4.018     0.09    0.49
   9564.039     4.080     0.22    0.50
   9849.237     4.181     0.35    0.53
  10134.417     4.234     0.19    0.56
  10419.581     4.286     0.18    0.61
  10704.728     4.221    -0.23    0.69
  10989.857     4.099    -0.43    0.80
  11274.970     4.039    -0.21    0.80
  11560.065     3.928    -0.39    0.78
  11845.144     3.778    -0.52    0.78
  12130.205     3.675    -0.36    0.76
  12415.249     3.610    -0.23    0.64
  12700.276     3.579    -0.11    0.55
  12985.287     3.459    -0.42    0.45
  13270.280     3.445    -0.05    0.40
  13555.256     3.485     0.14    0.37
  13840.215     3.522     0.13    0.33
  14125.157     3.544     0.08    0.30
  14410.082     3.556     0.04    0.28
  14694.990     3.603     0.16    0.20
  14979.881     3.668     0.23    0.16
  15264.755     3.691     0.08    0.21
  15549.612     3.725     0.12    0.27
  15834.452     3.741     0.06    0.30
  16119.275     3.755     0.05    0.32
  16404.081     3.718    -0.13    0.26
  16688.870     3.715    -0.01    0.26
  16973.642     3.691    -0.08    0.21
  17260.326     3.668    -0.08    0.16
  17548.872     3.668    -0.00    0.15
  17837.400     3.676     0.03    0.18
  18125.910     3.676     0.00    0.18
  18414.401     3.683     0.03    0.20
  18702.874     3.779     0.33    0.34
  18991.329     3.837     0.20    0.40
  19279.766     3.902     0.22    0.44
  19568.184     4.035     0.46    0.55
  19856.584     4.193     0.55    0.67
  20144.966     4.347     0.54    0.71
  20433.330     4.405     0.20    0.71
  20721.675     4.453     0.17    0.67
  21010.002     4.456     0.01    0.63
  21298.311     4.442    -0.05    0.58
  21586.602     4.435    -0.02    0.48
  21874.874     4.481     0.16    0.37
  22163.129     4.515     0.12    0.34
  22451.365     4.544     0.10    0.30
  22739.582     4.537    -0.03    0.31
  23027.782     4.507    -0.10    0.34
  23315.963     4.447    -0.21    0.40
  23604.127     4.362    -0.29    0.45
  23892.272     4.278    -0.29    0.48
  24180.398     4.218    -0.21    0.50
  24468.507     4.269     0.18    0.49
  24756.598     4.313     0.15    0.47
  25044.670     4.435     0.42    0.53
  25332.724     4.685     0.87    0.64
  25620.760     4.923     0.83    0.71
  25908.778     5.164     0.83    0.73
  26196.777     5.381     0.75    0.71
  26484.759     5.603     0.77    0.73
  26772.722     5.776     0.60    0.67
  27060.667     5.933     0.55    0.63
  27348.594     5.915    -0.06    0.65
  27636.503     5.877    -0.13    0.61
  27924.394     5.860    -0.06    0.51
  28212.266     5.771    -0.31    0.42
  28500.121     5.717    -0.19    0.26
  28787.957     5.652    -0.23    0.09
  29075.775     5.723     0.25    0.41
  29363.576     6.530     2.80    2.39
  29651.358     7.685     4.01    3.40
  29939.121     9.050     4.74    3.89
  30226.867    10.047     3.46    3.79
  30514.595    10.916     3.02    3.28
  30802.305    11.429     1.78    2.64
  31089.996    11.740     1.08    1.88
  31377.669    11.346    -1.37    1.62
  31665.325    10.763    -2.02    1.34
  31952.962    10.434    -1.15    0.99
  32240.581    10.189    -0.85    0.68
  32528.182    10.087    -0.35    0.62
  32815.765    10.006    -0.28    0.84
  33103.330     9.883    -0.43    1.01
  33390.877     9.619    -0.92    1.21
  33678.406     9.345    -0.95    1.28
  33965.917     9.004    -1.19    1.23
  34253.410     8.765    -0.83    1.21
  34540.884     8.466    -1.04    1.06
  34828.341     8.164    -1.05    0.81
  35115.780     7.998    -0.58    0.70
  35403.200     7.869    -0.45    0.55
  35690.603     7.725    -0.50    0.28
  35977.988     7.676    -0.17    0.18
  36265.354     7.643    -0.11    0.00
  36552.703     7.643     0.00    0.00
  36840.033     7.643     0.00    0.00
  37127.346     7.651     0.03    0.09
  37414.640     7.743     0.32    0.40
  37701.917     7.829     0.30    0.52
  37989.175     7.963     0.47    0.59
  38276.416     8.181     0.76    0.73
  38563.638     8.456     0.96    0.80
  38850.843     8.660     0.71    0.76
  39138.029     8.802     0.50    0.70
  39425.198     8.966     0.57    0.62
  39712.349     9.075     0.38    0.54
  39999.481     9.127     0.18    0.50
  40286.596     9.148     0.07    0.50
  40573.693     9.151     0.01    0.50
  40860.771     9.177     0.09    0.50
  41147.832     9.264     0.30    0.49
  41434.875     9.367     0.36    0.47
  41721.900     9.379     0.04    0.51
  42008.907     9.245    -0.47    0.49
  42295.896     9.096    -0.52    0.50
  42582.867     9.010    -0.30    0.48
  42869.821     8.920    -0.31    0.45
  43156.756     8.920     0.00    0.53
  43443.673     8.966     0.16    0.76
  43730.573     9.071     0.37    0.80
  44017.454     9.270     0.70    1.04
  44304.318     9.693     1.47    1.61
  44591.164    10.012     1.11    2.04
  44877.991    10.184     0.60    2.30
  45164.801    10.327     0.50    2.54
  45451.593    10.269    -0.20    2.67
  45738.368    10.104    -0.58    2.69
  46025.124     9.693    -1.43    2.47
  46311.862     9.261    -1.51    2.17
  46598.583     9.051    -0.73    1.96
  46885.285     8.991    -0.21    1.88
  47171.970     9.115     0.43    1.94
  47458.637     9.603     1.70    2.25
  47745.286    10.310     2.47    2.51
  48031.917    11.391     3.77    3.09
  48318.531    12.786     4.87    3.52
  48605.126    13.778     3.46    3.29
  48891.704    14.545     2.68    3.12
  49178.264    14.819     0.96    2.98
  49464.806    14.412    -1.42    3.19
  49751.330    13.742    -2.34    3.61
  50037.836    12.493    -4.36    3.50
  50324.325    11.035    -5.09    2.60
  50610.795     9.971    -3.71    2.01
  50897.248     8.998    -3.40    1.50
  51183.683     8.277    -2.52    1.19
  51470.100     7.692    -2.04    0.97
  51756.500     7.350    -1.20    0.79
  52042.882     7.068    -0.98    0.60
  52329.245     6.867    -0.70    0.42
  52615.591     6.749    -0.41    0.31
  52901.920     6.685    -0.22    0.20
  53188.230     6.660    -0.09    0.13
  53474.523     6.643    -0.06    0.00
  53760.798     6.643     0.00    0.00
  54047.055     6.643     0.00    0.00
  54333.294     6.643     0.00    0.00
  54619.516     6.643     0.00    0.00
  54905.720     6.643     0.00    0.00
  55191.906     6.643     0.00    0.00
  55478.074     6.643     0.00    0.00
  55764.225     6.643     0.00    0.00
  56050.358     6.643     0.00    0.00
  56336.473     6.643     0.00    0.00
  56622.570     6.643     0.00    0.00
  56908.650     6.643     0.00    0.00
  57194.712     6.685     0.15    0.24
  57480.756     7.148     1.62    1.36
  57766.782     7.921     2.70    2.20
  58052.791     8.778     3.00    2.65
  58338.782     9.782     3.51    2.84
  58624.755    10.887     3.87    2.87
  58910.711    12.288     4.90    2.68
  59196.649    14.400     7.38    4.03
  59482.569    18.318    13.70   10.16
  59768.471    24.777    22.59   19.40
  60054.356    38.733    48.82   38.17
  60340.223    56.148    60.92   53.03
  60626.073    68.891    44.58   54.44
  60911.905    80.416    40.32   52.71
  61197.719    86.255    20.43   46.20
  61483.515    95.252    31.48   38.99
  61769.294   103.066    27.34   37.03
  62055.055   108.668    19.60   37.11
  62340.798   116.834    28.58   40.01
  62626.524   131.531    51.44   37.24
  62912.232   139.509    27.92   31.58
  63197.923   142.493    10.45   31.08
  63483.596   131.758   -37.58   42.36
  63769.251   114.389   -60.80   50.84
  64054.888    94.569   -69.39   52.85
  64340.508    74.490   -70.30   48.26
  64626.110    56.683   -62.35   34.92
  64911.695    42.371   -50.12   18.63
  65197.262    35.816   -22.95    9.69
  65482.812    33.619    -7.69    8.18
  65768.343    32.900    -2.52   11.13
  66053.858    32.748    -0.53   18.59
  66339.354    30.083    -9.33   25.01
  66624.833    25.718   -15.29   27.25
  66910.295    22.184   -12.38   28.51
  67195.738    16.148   -21.15   21.67
  67481.165    10.743   -18.93   12.46
  67766.573     8.861    -6.59   10.12
  68051.964     7.232    -5.71    6.27
  68337.338     6.652    -2.03    5.83
  68622.694     6.635    -0.06    5.74
  68908.032     5.952    -2.39    5.46
  69193.353     5.210    -2.60    5.23
  69478.656     4.353    -3.00    4.80
  69763.942     3.740    -2.15    4.24
  70049.210     3.398    -1.20    3.78
  70334.460     3.764     1.29    3.85
  70619.693     4.402     2.23    4.43
  70904.909     5.510     3.89    5.29
  71190.106     7.247     6.09    5.70
  71475.287     8.765     5.33    5.44
  71760.450     9.610     2.96    4.80
  72045.595     9.099    -1.79    5.28
  72330.723     8.700    -1.40    5.39
  72615.833     8.418    -0.99    5.45
  72900.926     7.421    -3.50    5.26
  73186.001     6.676    -2.61    4.83
  73471.059     6.362    -1.10    4.77
  73756.099     6.070    -1.03    4.68
  74041.122     5.391    -2.38    4.71
  74326.127     4.443    -3.33    3.98
  74611.114     4.247    -0.69    3.53
  74896.085     3.958    -1.01    3.04
  75181.037     4.172     0.75    2.60
  75465.973     4.281     0.38    2.48
  75750.890     4.430     0.53    2.28
  76035.791     4.368    -0.22    2.32
  76320.674     4.302    -0.23    2.37
  76605.539     4.277    -0.09    2.39
  76890.387     4.450     0.61    2.34
  77175.217     4.635     0.65    2.17
  77460.030     4.963     1.15    1.90
  77744.826     5.592     2.21    0.67
