# NaN NaN NaN ;Mean Elev.(m), Avg Gradient(m/km), RMS Gradient(m/km) - SRTM1     
#   23.868  -1.532  15.261 ;Mean Elev.(m), Avg Gradient(m/km), RMS Gradient(m/km) - ASTER GDEM
#   35.202  -0.856   7.841 ;Mean Elev.(m), Avg Gradient(m/km), RMS Gradient(m/km) - GMTED2010 
   2 202.980040  64.773188    41.309    41.128  4 54670.88227610 28.725
   3 202.987394  64.775408    83.731    83.731  2 54680.79792080 13.387
   4 202.979163  64.774916    40.632    39.956  4 54690.71356272 29.443
   5 202.984200  64.775242    96.370    96.370  2 54700.62920360  9.890
   6 202.982413  64.773552    38.441    38.461  4 54710.54484931 30.900
   7 202.979893  64.772008    95.842    96.175  4 54720.46050019 10.012
   8 202.981952  64.771572    38.640    38.524  4 54730.37614898 40.016
  10 202.979323  64.772231    37.122    36.919  4 54750.20744295 46.634
  11 202.980170  64.772769    88.793    84.932  4 54760.12308999 16.640
  12 202.980706  64.772366    36.319    36.350  4 54770.03873458 23.564
  14 202.978735  64.770072    36.571    36.562  4 54789.87001413 21.222
  15 202.980730  64.770427    36.876    36.968  4 54799.78565187 21.211
  16 202.983091  64.771500    36.773    36.816  4 54809.70128976 18.831
  17 202.980530  64.771960    36.596    36.681  4 54819.61692785 18.954
  18 202.981056  64.772805    36.683    36.530  3 54829.53258018 16.078
  19 202.981421  64.773565    36.781    36.769  3 54839.44821903 14.815
  20 202.980900  64.774657    36.174    36.192  4 54849.36386813 18.177
  21 202.982437  64.776227    39.421    39.449  4 54859.27951700 10.193
  22 202.980276  64.776721    39.201    39.157  4 54869.19516561 10.646
  23 202.980620  64.775925    37.447    37.967  3 54879.11081339 13.287
  24 202.979160  64.773563    39.302    39.247  4 54889.02645775 11.086
  25 202.980333  64.771817    39.217    39.268  4 54898.94209916 10.074
  26 202.981060  64.771748    39.627    39.609  4 54908.85773820  8.989
  27 202.982451  64.772874    39.597    39.545  4 54918.77337609  7.926
  28 202.980287  64.772972    39.268    39.216  4 54928.68901334  8.698
  29 202.979529  64.771724    39.791    39.690  4 54938.60464984 10.377
  30 202.981180  64.770088    36.310    36.397  3 54948.52028484 34.006
  32 202.986369  64.770243    42.569    42.506  3 54968.35157023 56.217
  34 202.986820  64.773131    88.399    88.399  2 54988.18286538 13.234
  35 202.981242  64.772703    40.418    40.424  4 54998.09851246 40.723
  36 202.979824  64.772664    40.281    40.300  4 55008.01415817 36.521
  37 202.979031  64.772974    40.497    39.669  4 55017.92980196 35.556
  38 202.980355  64.774329    40.000    38.580  3 55027.84544460 30.685
  41 202.980981  64.773985    37.416    37.406  3 55057.59236615 46.079
  42 202.981442  64.771203    37.869    37.864  4 55067.50800346 43.205
  43 202.983851  64.770231    37.701    37.692  4 55077.42365382 32.849
  44 202.983115  64.770830    37.839    37.864  4 55087.33930157 29.623
  45 202.979236  64.772096    38.881    37.662  4 55097.25494751 28.694
  46 202.981782  64.773636    38.726    37.693  4 55107.17059365 27.387
  47 202.981099  64.772822    37.003    36.950  4 55117.08623874 45.094
  48 202.979447  64.770624    35.921    35.816  4 55127.00188134 42.172
  49 202.983736  64.769880    36.174    36.195  4 55136.91752224 39.629
  50 202.981566  64.769881    37.556    37.619  4 55146.83316065 20.650
  51 202.980576  64.771492    37.488    37.597  4 55156.74879853 17.961
  52 202.980926  64.772871    36.574    36.584  4 55166.66443652 17.441
  53 202.980318  64.772971    36.446    36.165  4 55176.58007396 16.641
  54 202.978676  64.771930    37.154    36.950  4 55186.49571630 15.967
  55 202.980751  64.772577    37.555    37.563  4 55196.41136751 14.723
  56 202.980420  64.774101    37.281    37.441  3 55206.32701738 14.611
  57 202.979821  64.775924    36.693    36.096  3 55216.24266667 13.957
  58 202.981487  64.776713    37.104    37.286  4 55226.15831552 13.709
  59 202.982211  64.775062    36.916    36.887  4 55236.07396174 12.928
  60 202.981127  64.771851    37.167    37.293  3 55245.98960431 12.529
  61 202.983192  64.770160    37.367    37.372  4 55255.90524454 12.718
  62 202.983331  64.770834    37.388    37.283  4 55265.82088342 11.649
  63 202.983008  64.772922    37.450    37.517  4 55275.73652154 12.106
  64 202.979321  64.773250    37.448    37.512  4 55285.65215834 11.023
  65 202.979975  64.771741    36.314    36.585  4 55295.56779344 10.975
  66 202.983167  64.769581    38.232    38.026  4 55305.48343284 11.566
  67 202.982562  64.768422    38.963    40.182  4 55315.39907975 37.446
  68 202.980735  64.769377    98.951    98.338  4 55325.31472515 13.061
  69 202.983751  64.772258    98.357    96.227  3 55335.23036994  6.436
  71 202.980383  64.773695    42.774    42.969  3 55355.06165674 23.817
  72 202.978657  64.772824    40.915    41.052  4 55364.97729751 27.608
  73 202.979368  64.772542    38.024    38.079  4 55374.89293694 45.526
  74 202.982679  64.773613    38.890    38.875  4 55384.80857556 48.834
  75 202.982346  64.774332    38.766    38.661  4 55394.72421295 33.219
  76 202.979208  64.773881    39.004    38.993  4 55404.63985138 49.335
  77 202.981421  64.773095    39.674    39.670  4 55414.55550304 48.721
  78 202.978932  64.770512    39.918    39.858  4 55424.47115109 34.355
  79 202.980280  64.769058    39.122    39.105  4 55434.38679698 38.272
  80 202.981310  64.769848    38.553    38.576  3 55444.30244154 34.305
  81 202.981448  64.771837    37.994    37.991  4 55454.21808496 39.508
  82 202.979654  64.773167    39.810    38.389  4 55464.13372739 27.733
  83 202.979944  64.772400    36.860    36.693  4 55474.04936737 39.847
  84 202.983246  64.770471    36.139    36.088  4 55483.96500461 40.711
  85 202.979012  64.767825    34.839    34.857  4 55493.88063898 39.756
  86 202.982016  64.768689    36.854    36.571  4 55503.79627303 31.609
  87 202.981201  64.771310    36.544    36.093  4 55513.71192134 28.611
  88 202.982066  64.773891    36.321    36.295  4 55523.62757114 32.213
  89 202.979968  64.774370    36.204    36.301  3 55533.54321885 27.167
  90 202.982638  64.774143    36.052    36.161  4 55543.45886516 16.315
  91 202.980785  64.773450    36.636    36.476  3 55553.37450909 13.787
  92 202.980698  64.774082    36.281    36.216  4 55563.29015216 16.036
  93 202.978641  64.774530    36.302    36.349  4 55573.20579442 15.683
  94 202.981264  64.774501    36.779    37.030  3 55583.12143576 13.870
  95 202.981194  64.772540    37.065    37.034  4 55593.03707331 13.187
  96 202.978969  64.769698    37.505    37.547  4 55602.95270727 12.145
  97 202.983418  64.768859    38.101    38.133  4 55612.86833983 10.963
  98 202.983069  64.769150    38.143    38.209  4 55622.78397544 10.613
  99 202.979350  64.770672    37.494    37.566  4 55632.69962800 11.382
 100 202.982894  64.772250    36.983    37.300  4 55642.61527896 11.790
 101 202.981128  64.771593    36.992    37.229  3 55652.53092644 11.783
 102 202.981370  64.770047    38.815    38.677  3 55662.44656987  9.745
 103 202.981724  64.769418    37.709    37.838  4 55672.36221035 10.459
 104 202.979686  64.769824    37.980    37.899  4 55682.27784924 29.771
 105 202.983502  64.772036   102.544   102.601  4 55692.19348725  2.377
 107 202.981331  64.773387    41.262    41.322  3 55712.02476559 45.022
 108 202.980392  64.773334    41.066    40.550  4 55721.94041511 33.667
 109 202.982738  64.773846    40.127    39.197  4 55731.85606290 31.110
 110 202.980579  64.773786    40.945    40.532  4 55741.77170896 31.990
 111 202.980285  64.773838    40.432    40.340  4 55751.68735390 35.655
 112 202.981371  64.773216    39.726    39.716  3 55761.60299658 50.224
 113 202.983480  64.772136    39.931    39.890  4 55771.51863649 34.005
 114 202.983350  64.770368    40.073    40.063  4 55781.43427268 34.667
 115 202.981600  64.769275    39.257    39.242  3 55791.34990619 49.626
 116 202.981230  64.769295    40.477    40.073  4 55801.26553874 30.224
 117 202.981660  64.770761    40.195    38.861  4 55811.18118887 30.300
 118 202.982221  64.771528    38.134    38.162  4 55821.09683774 41.751
 119 202.982975  64.771105    39.412    38.333  4 55831.01248180 31.369
 120 202.982665  64.769831    39.814    38.061  4 55840.92812112 31.223
 121 202.983662  64.769464    36.828    36.546  4 55850.84375753 48.001
 122 202.981390  64.770054    35.674    35.618  4 55860.75939164 43.681
 123 202.981910  64.772333    35.800    35.773  4 55870.67504392 28.997
 124 202.981973  64.773704    35.717    35.722  4 55880.59069454 17.371
 125 202.982173  64.773901    36.890    36.852  4 55890.50633843 14.178
 126 202.979258  64.773064    38.600    38.529  4 55900.42197611 14.751
 127 202.980745  64.772993    36.975    37.116  3 55910.33760955 14.655
 128 202.981034  64.774013    36.500    36.572  3 55920.25326257 16.884
 129 202.980838  64.773972    37.524    37.269  3 55930.16891497 13.678
 130 202.980095  64.772531    37.466    37.444  4 55940.08456343 13.009
 131 202.980880  64.770816    37.869    38.019  4 55950.00020731 11.298
 132 202.980163  64.769932    37.886    37.753  4 55959.91584692 10.996
 133 202.979685  64.770355    38.006    38.070  4 55969.83148425 10.507
 134 202.980357  64.771329    37.968    38.017  4 55979.74712065 10.142
 135 202.980913  64.771217    38.447    38.403  3 55989.66275612 10.217
 136 202.981967  64.770666    38.585    38.581  4 55999.57839922 10.876
 137 202.982595  64.770152    38.024    37.994  4 56009.49404997 10.602
 138 202.982557  64.770169    38.024    37.955  4 56019.40969659  9.543
 139 202.980763  64.770971    39.516    39.639  4 56029.32534020 10.271
 140 202.978776  64.772251    35.411    35.961  4 56039.24098204  9.797
 141 202.979937  64.773296    37.200    37.154  4 56049.15662215 34.157
 142 202.981107  64.773601   102.011   102.822  3 56059.07225953 21.698
 144 202.980341  64.773002    41.796    41.515  4 56078.90354484 33.662
 145 202.979262  64.773653    41.685    41.456  4 56088.81919322 35.851
 146 202.980212  64.774521    40.950    40.737  3 56098.73483927 33.354
 147 202.979797  64.773814    39.837    39.775  4 56108.65048275 36.461
 148 202.980474  64.771845    40.448    40.443  4 56118.56611180 45.635
 149 202.980095  64.769463    39.998    40.003  4 56128.48174864 51.379
 150 202.980012  64.768373    39.968    39.978  4 56138.39738213 42.753
 151 202.982016  64.770250    39.163    39.218  4 56148.31302989 48.750
 152 202.982941  64.772369    38.742    38.729  4 56158.22867930 29.592
 153 202.979857  64.772562    38.239    38.165  4 56168.14432714 38.633
 154 202.980636  64.771496    38.511    38.514  3 56178.05997239 37.993
 155 202.982274  64.770169    41.161    40.600  4 56187.97561316 26.881
 156 202.979795  64.769339    43.842    43.788  4 56197.89125008 23.753
 157 202.982434  64.771016    38.095    38.097  4 56207.80688471 47.991
 158 202.983197  64.772964    37.172    37.177  4 56217.72251753 45.556
 159 202.980900  64.773929    36.044    35.960  3 56227.63816134 44.885
 160 202.979024  64.773591    36.389    35.880  4 56237.55381554 23.824
 161 202.982064  64.773380    36.633    36.590  4 56247.46946636 19.428
 162 202.981310  64.773027    36.784    36.845  3 56257.38511182 16.541
 163 202.980511  64.773799    36.599    36.642  4 56267.30075400 15.136
 164 202.982045  64.774720    36.241    36.291  4 56277.21639474 15.386
 165 202.980663  64.774243    36.345    36.318  4 56287.13204250 14.291
 166 202.981356  64.772274    36.449    36.332  4 56297.04769198 13.661
 167 202.983531  64.770364    38.054    37.957  4 56306.96333762 12.829
 168 202.979519  64.769229    37.819    37.802  4 56316.87897978 12.556
 169 202.982680  64.771463    38.388    38.260  4 56326.79462122 12.224
 170 202.980204  64.772914    38.089    38.160  4 56336.71026106 11.804
 171 202.983053  64.773394    37.540    37.560  4 56346.62589980 12.728
 172 202.982248  64.771337    38.003    38.044  4 56356.54153553 11.877
 173 202.981616  64.769783    38.110    38.105  4 56366.45718291 10.696
 176 202.980025  64.774664    37.760    38.077  4 56396.20412101 10.620
 177 202.980121  64.775640    34.694    34.627  4 56406.11976255  9.975
 178 202.981036  64.774899    36.698    36.828  3 56416.03540061 10.340
 179 202.979639  64.772568    39.837    40.524  4 56425.95103356 25.752
 180 202.982168  64.772566   111.948   112.515  3 56435.86668326  8.035
 181 202.981326  64.773492   105.065   105.060  3 56445.78233504 22.812
 182 202.978721  64.774544   106.033   106.074  4 56455.69798427 25.564
 184 202.982788  64.772990    40.036    40.020  4 56475.52927341 36.223
 185 202.982112  64.770198    39.372    39.373  4 56485.44491222 51.972
 187 202.982110  64.770295    39.303    39.261  4 56505.27618290 52.202
 188 202.979516  64.771593    39.864    38.838  4 56515.19181576 37.108
 190 202.978698  64.771684    40.084    38.795  4 56535.02312027 33.773
 192 202.979478  64.770413    40.022    38.558  4 56554.85441188 37.076
 193 202.981103  64.772584    40.284    39.615  3 56564.77005495 28.407
 194 202.980955  64.774940    37.893    37.940  4 56574.68569652 44.738
 195 202.978666  64.775478    41.228    41.036  4 56584.60133493 29.688
 196 202.979698  64.774316    37.539    37.502  4 56594.51697031 39.327
 197 202.981792  64.773557    36.061    36.001  4 56604.43262352 40.581
 198 202.978577  64.772427    37.725    37.730  4 56614.34827144 25.415
 199 202.982332  64.773410    38.405    38.633  4 56624.26391630 19.884
 200 202.982753  64.773983    38.484    38.375  4 56634.17955803 23.517
 201 202.981383  64.773325    38.202    38.230  4 56644.09519469 21.763
 202 202.979529  64.771958    39.068    38.972  4 56654.01084720 16.820
 203 202.979834  64.770440    38.903    38.810  4 56663.92649598 16.266
 204 202.979022  64.769734    37.814    37.896  4 56673.84214196 16.587
 205 202.978948  64.771044    38.093    38.128  4 56683.75778686 20.694
 206 202.980771  64.772873    38.090    38.265  4 56693.67342986 16.803
 207 202.981606  64.773430    39.313    39.268  4 56703.58906837 16.296
 208 202.979332  64.771672    39.361    39.337  4 56713.50470116 15.833
 210 202.978778  64.771371    39.053    39.103  4 56733.33600057 14.842
 211 202.979920  64.773546    38.841    38.866  4 56743.25164808 14.300
 212 202.982344  64.775775    38.789    38.700  4 56753.16729140 13.947
 213 202.978732  64.775562    34.865    34.871  4 56763.08292865 11.687
 214 202.980272  64.774366    38.507    39.569  3 56772.99856133 33.914
 215 202.982119  64.774100    38.313    38.324  4 56782.91421912 43.992
 216 202.980057  64.773644    40.504    40.507  4 56792.82987285 49.597
 217 202.979068  64.774025    39.631    39.602  4 56802.74552390 34.045
 218 202.980624  64.774390    40.816    39.389  3 56812.66116732 32.194
 219 202.979245  64.773468    39.801    39.786  4 56822.57680671 40.225
 220 202.981363  64.772160    83.428    83.401  3 56832.49244222 29.499
 221 202.978822  64.770060    40.790    40.705  4 56842.40807386 49.201
 222 202.981152  64.770131    40.328    40.094  4 56852.32371362 30.465
 223 202.981324  64.771535    41.207    40.633  4 56862.23936799 35.282
 224 202.980586  64.772922    39.542    39.524  4 56872.15502171 44.707
 225 202.980803  64.773512    39.496    39.492  3 56882.07067241 38.788
 226 202.978539  64.772999    39.070    39.074  4 56891.98631917 46.474
 227 202.981297  64.773106    41.037    40.440  4 56901.90196336 27.530
 228 202.981102  64.773957    39.147    39.154  3 56911.81760537 50.607
 229 202.981197  64.775044    38.373    38.390  4 56921.73324578 30.192
 230 202.982449  64.775967    38.047    38.008  4 56931.64888406 48.039
 231 202.981516  64.775206    38.198    38.249  4 56941.56451686 29.123
 232 202.980683  64.774107    37.301    37.326  4 56951.48015824 47.167
 233 202.982074  64.773839    35.861    35.844  4 56961.39580962 43.079
 234 202.981392  64.773704    36.334    36.342  4 56971.31145589 30.400
 235 202.978615  64.773245    36.639    36.623  4 56981.22709793 33.837
 236 202.979683  64.772786    36.882    36.860  4 56991.14273590 26.850
 237 202.979190  64.771060    36.617    36.611  4 57001.05836728 23.763
 238 202.978838  64.770698    36.789    36.825  4 57010.97402448 23.399
 239 202.979793  64.770680    36.843    36.870  4 57020.88967642 20.259
 240 202.979502  64.771460    37.227    37.245  4 57030.80532536 19.548
 241 202.979989  64.772488    36.988    36.991  4 57040.72097251 19.395
 242 202.981026  64.773240    36.661    36.717  4 57050.63661755 19.401
 243 202.978702  64.772396    36.566    36.572  4 57060.55225807 19.420
 244 202.979134  64.771709    36.567    36.587  4 57070.46789325 18.273
 245 202.982811  64.772065    36.555    36.498  4 57080.38352451 18.630
 246 202.979974  64.772891    37.002    37.063  4 57090.29916461 18.087
 247 202.982100  64.775380    37.125    37.036  4 57100.21482283 17.945
 248 202.980411  64.776022    36.779    36.826  3 57110.13047750 17.485
 249 202.980813  64.775180    37.495    37.240  3 57120.04612671 16.582
 250 202.981762  64.773911    37.647    37.561  4 57129.96177006 15.434
 251 202.982149  64.773370    40.806    40.269  4 57139.87740802 29.196
 252 202.981413  64.773498   106.668   100.697  3 57149.79304234  9.641
 253 202.980946  64.773222    39.875    39.881  4 57159.70867372 49.514
 254 202.979310  64.772426    41.565    41.601  4 57169.62432516 51.849
 255 202.983367  64.771853    40.644    40.632  4 57179.53998105 36.691
 256 202.983251  64.770937    38.787    38.682  4 57189.45563251 32.770
 257 202.979668  64.770944    38.233    38.143  4 57199.37128004 33.101
 258 202.978582  64.772220    38.679    38.641  4 57209.28691424 46.921
 259 202.981231  64.773667    38.674    38.682  4 57219.20255883 42.663
 260 202.980590  64.773335    38.771    38.728  4 57229.11820198 36.972
 261 202.979981  64.772415    38.537    38.532  4 57239.03384288 36.168
 262 202.983118  64.772216    38.508    38.478  4 57248.94948109 30.631
 263 202.981417  64.772509    38.473    38.499  3 57258.86511645 46.294
 264 202.982277  64.774022    40.265    40.273  4 57268.78075084 36.141
 265 202.980312  64.775423    39.507    39.516  4 57278.69640083 33.975
 266 202.979665  64.775580    39.245    39.248  3 57288.61205671 52.887
 267 202.979461  64.774438    38.613    38.568  4 57298.52770968 45.668
 268 202.980800  64.773089    38.190    38.170  3 57308.44335918 49.478
 269 202.979475  64.772736    37.655    37.589  4 57318.35900491 44.329
 270 202.982099  64.774037    36.687    36.685  4 57328.27464802 44.777
 271 202.981211  64.774817    35.772    35.735  4 57338.19028862 46.167
 272 202.979464  64.774064    35.094    35.081  4 57348.10593692 32.115
 273 202.983152  64.772648    35.612    35.679  4 57358.02158356 26.901
 274 202.981343  64.770467    36.274    36.243  3 57367.93722633 21.514
 275 202.983754  64.770802    37.011    37.030  4 57377.85286666 22.728
 276 202.979990  64.771910    36.884    36.882  4 57387.76850473 19.440
 277 202.981354  64.773431    37.020    37.033  3 57397.68414248 16.978
 278 202.978908  64.772767    37.035    37.050  4 57407.59977829 15.692
 279 202.980662  64.772142    36.976    36.734  4 57417.51543073 15.482
 280 202.978814  64.771486    36.638    36.373  4 57427.43108127 15.585
 281 202.979034  64.772853    36.641    36.521  4 57437.34672943 14.513
 282 202.980423  64.775457    37.514    37.598  4 57447.26237635 13.325
 283 202.980495  64.777062    36.123    35.866  4 57457.17802206 16.237
 284 202.981052  64.776473    37.718    37.835  3 57467.09366517 11.832
 285 202.979161  64.773531    37.639    37.827  4 57477.00930393 12.240
 286 202.979673  64.771155    37.376    37.564  4 57486.92493969 10.743
 287 202.979636  64.770494    35.928    35.863  4 57496.84057323 19.755
 289 202.979514  64.773457    39.566    39.539  4 57516.67186662 51.481
 290 202.979729  64.773276    40.600    40.627  4 57526.58752007 43.529
 291 202.981915  64.771603    39.733    39.757  4 57536.50317107 49.130
 292 202.981585  64.770046    39.876    39.972  3 57546.41881913 51.550
 293 202.981516  64.770417    39.246    39.293  4 57556.33446569 49.599
 294 202.982790  64.772716    39.256    39.359  4 57566.25011123 37.506
 295 202.980628  64.774138    39.107    39.107  4 57576.16575567 42.006
 296 202.978560  64.774068    40.403    39.827  4 57586.08139907 29.448
 297 202.982839  64.773680    40.336    40.339  4 57595.99704080 39.882
