-100232.483    68.945     0.00   36.68
 -99946.033    60.387   -29.87   36.23
 -99659.592    52.038   -29.15   31.59
 -99373.160    44.804   -25.26   25.67
 -99086.735    38.522   -21.93   14.87
 -98800.319    37.495    -3.59    7.73
 -98513.911    39.569     7.24    8.20
 -98227.512    43.648    14.24    8.85
 -97941.120    47.775    14.41    8.69
 -97654.737    51.565    13.23    8.47
 -97368.363    54.896    11.63    8.21
 -97081.996    57.961    10.71    8.45
 -96795.638    60.649     9.39    7.95
 -96509.288    63.996    11.69    8.12
 -96222.946    67.251    11.37    9.34
 -95936.613    70.986    13.05   11.88
 -95650.288    75.499    15.76   14.74
 -95363.971    80.154    16.26   17.23
 -95077.663    86.238    21.25   17.57
 -94791.362    94.004    27.13   18.80
 -94505.070   101.001    24.44   19.47
 -94218.787   107.043    21.10   21.02
 -93932.511   116.027    31.38   25.50
 -93646.244   127.152    38.86   28.83
 -93359.985   141.182    49.01   32.76
 -93073.734   155.833    51.18   34.40
 -92787.492   168.542    44.40   31.95
 -92501.258   173.461    17.19   25.81
 -92215.032   176.724    11.40   21.98
 -91928.814   173.931    -9.76   21.26
 -91642.605   167.789   -21.46   24.16
 -91356.404   157.958   -34.35   28.42
 -91070.211   143.283   -51.28   27.89
 -90784.026   130.833   -43.50   23.32
 -90497.850   124.376   -22.56   17.09
 -90211.682   121.853    -8.82   13.62
 -89925.522   124.535     9.37   16.13
 -89639.371   130.008    19.13   19.42
 -89353.227   135.896    20.58   19.25
 -89067.092   140.001    14.35   19.58
 -88780.965   139.731    -0.95   23.72
 -88494.847   135.408   -15.11   30.63
 -88208.736   128.896   -22.76   33.41
 -87922.634   121.113   -27.21   29.90
 -87636.541   117.440   -12.84   27.24
 -87350.455   117.095    -1.21   26.26
 -87064.378   118.949     6.48   27.81
 -86778.309   122.434    12.18   28.09
 -86492.248   123.577     3.99   28.22
 -86206.195   120.951    -9.18   26.64
 -85920.151   116.978   -13.89   24.57
 -85634.115   112.833   -14.49   18.51
 -85348.087   110.840    -6.97   14.48
 -85062.067   113.614     9.70   16.09
 -84776.056   117.368    13.12   19.30
 -84490.053   123.591    21.76   22.17
 -84204.058   130.565    24.39   23.02
 -83918.071   132.947     8.33   23.64
 -83632.093   130.687    -7.90   23.07
 -83346.122   129.065    -5.67   22.40
 -83060.160   125.420   -12.75   20.35
 -82774.207   123.511    -6.67   17.40
 -82488.261   122.673    -2.93   14.71
 -82202.324   124.380     5.97   15.46
 -81916.395   130.364    20.93   19.33
 -81630.474   137.239    24.04   21.45
 -81344.561   147.173    34.75   26.95
 -81058.657   158.093    38.20   29.97
 -80772.761   168.841    37.59   32.66
 -80486.873   179.393    36.91   33.65
 -80200.993   192.783    46.84   36.23
 -79915.122   209.797    59.52   39.31
 -79629.258   227.195    60.86   36.51
 -79343.403   239.397    42.69   32.07
 -79057.557   246.329    24.25   29.77
 -78771.718   252.111    20.23   33.17
 -78485.888   256.442    15.15   37.99
 -78200.065   257.123     2.38   40.15
 -77914.252   250.971   -21.53   40.34
 -77628.446   249.024    -6.81   40.27
 -77342.648   245.620   -11.91   35.06
 -77056.859   241.899   -13.02   31.52
 -76771.078   236.051   -20.47   27.07
 -76485.305   237.308     4.40   25.14
 -76199.540   240.601    11.53   27.73
 -75913.784   244.304    12.96   27.72
 -75628.036   254.659    36.24   27.69
 -75342.296   269.576    52.21   31.99
 -75056.564   285.116    54.39   35.65
 -74770.840   294.072    31.35   36.17
 -74485.125   298.282    14.74   33.06
 -74199.417   299.647     4.78   34.03
 -73913.718   293.104   -22.90   39.49
 -73628.028   279.532   -47.51   44.20
 -73342.345   256.130   -81.92   47.08
 -73056.671   236.647   -68.20   44.40
 -72771.004   225.673   -38.42   44.69
 -72485.346   220.875   -16.79   49.78
 -72199.697   216.590   -15.00   56.45
 -71914.055   207.833   -30.66   59.03
 -71628.421   199.804   -28.11   61.52
 -71342.796   191.175   -30.21   62.71
 -71057.179   183.333   -27.46   62.89
 -70771.570   174.877   -29.61   59.31
 -70485.970   162.826   -42.20   50.53
 -70200.377   150.789   -42.15   39.50
 -69914.793   143.760   -24.61   31.07
 -69629.217   137.895   -20.54   18.84
 -69343.649   134.194   -12.96    2.82
 -69057.790   134.782     2.06    1.27
 -68770.372   135.318     1.87    1.67
 -68482.963   136.142     2.87    2.15
 -68195.564   137.252     3.86    3.03
 -67908.173   139.156     6.62    4.85
 -67620.792   142.436    11.41    7.04
 -67333.420   146.239    13.23    8.64
 -67046.056   150.647    15.34    9.32
 -66758.702   157.069    22.35   12.69
 -66471.357   164.423    25.59   16.30
 -66184.021   172.031    26.48   19.49
 -65896.694   179.891    27.36   21.20
 -65609.377   185.832    20.68   20.77
 -65322.068   194.130    28.88   20.93
 -65034.768   202.833    30.29   20.93
 -64747.478   209.720    23.97   21.81
 -64460.196   216.094    22.19   23.41
 -64172.924   225.382    32.33   27.42
 -63885.661   237.667    42.77   38.10
 -63598.407   255.391    61.70   46.16
 -63311.161   273.930    64.54   51.37
 -63023.925   298.392    85.16   55.36
 -62736.698   313.658    53.15   53.42
 -62449.480   324.635    38.22   52.48
 -62162.272   328.047    11.88   59.46
 -61875.072   326.510    -5.35   62.01
 -61587.881   330.169    12.74   61.81
 -61300.700   336.336    21.47   59.03
 -61013.527   333.789    -8.87   52.42
 -60726.364   332.861    -3.23   48.64
 -60439.209   324.318   -29.75   43.96
 -60152.064   307.297   -59.28   49.44
 -59864.927   288.940   -63.93   52.00
 -59577.800   270.365   -64.69   46.00
 -59290.682   259.746   -36.99   38.19
 -59003.573   259.825     0.28   40.89
 -58716.473   270.676    37.79   49.47
 -58429.382   288.182    60.98   54.37
 -58142.300   305.206    59.30   48.91
 -57855.227   315.050    34.29   40.41
 -57568.163   314.456    -2.07   39.61
 -57281.109   311.559   -10.09   37.46
 -56994.063   312.884     4.61   37.25
 -56707.026   313.782     3.13   38.57
 -56419.999   310.966    -9.81   38.43
 -56132.980   307.687   -11.42   39.78
 -55845.971   308.429     2.58   39.41
 -55558.970   306.040    -8.32   39.55
 -55271.979   305.774    -0.93   39.72
 -54984.996   306.563     2.75   38.10
 -54698.023   305.580    -3.42   37.57
 -54411.059   308.147     8.94   42.52
 -54124.104   306.033    -7.37   48.42
 -53837.157   301.661   -15.23   57.93
 -53550.220   287.167   -50.51   64.75
 -53263.292   266.521   -71.95   66.90
 -52976.373   245.588   -72.96   62.61
 -52689.463   229.319   -56.71   53.23
 -52402.562   219.549   -34.05   46.59
 -52115.670   212.761   -23.66   34.66
 -51828.787   206.715   -21.08   29.59
 -51541.913   195.706   -38.38   37.69
 -51255.048   184.971   -37.42   44.45
 -50968.192   171.693   -46.29   47.79
 -50681.346   154.079   -61.40   44.34
 -50394.508   138.297   -55.02   35.31
 -50107.679   125.348   -45.14   15.79
 -49820.859   121.427   -13.67    4.79
 -49534.049   121.670     0.85    4.70
 -49247.247   125.833    14.51   11.53
 -48960.454   131.276    18.98   15.10
 -48673.671   136.433    17.99   15.92
 -48386.896   140.567    14.41   15.82
 -48100.130   143.401     9.89   14.60
 -47813.374   144.908     5.25   13.21
 -47526.626   143.511    -4.87   12.90
 -47239.888   142.497    -3.54   12.03
 -46953.158   144.402     6.65   14.09
 -46666.438   146.667     7.90   16.96
 -46379.726   150.421    13.09   20.63
 -46093.024   155.819    18.83   22.70
 -45806.330   162.435    23.08   23.73
 -45519.646   170.973    29.78   23.72
 -45232.970   179.529    29.84   22.31
 -44946.304   187.937    29.33   21.96
 -44659.646   198.533    36.96   19.80
 -44372.998   206.591    28.11   18.52
 -44086.358   217.240    37.15   22.89
 -43799.728   231.972    51.40   34.40
 -43513.107   250.000    62.90   49.06
 -43226.494   274.286    84.74   64.05
 -42939.891   307.245   115.00   75.27
 -42653.296   342.627   123.46   84.63
 -42366.711   391.530   170.64   95.48
 -42080.134   435.087   151.99   98.77
 -41793.567   470.347   123.05   96.81
 -41507.008   502.394   111.83   87.36
 -41220.459   540.308   132.31   68.39
 -40933.918   566.038    89.80   59.40
 -40647.387   592.133    91.07   61.47
 -40360.865   624.424   112.70   72.36
 -40074.351   647.593    80.86   79.32
 -39787.846   670.846    81.16   78.16
 -39501.351   691.931    73.59   67.03
 -39214.864   694.627     9.41   65.94
 -38928.387   688.034   -23.01   76.00
 -38641.918   666.278   -75.95   92.14
 -38355.459   625.113  -143.70  108.06
 -38069.008   579.126  -160.55  114.11
 -37782.566   527.796  -179.20  109.93
 -37496.134   471.350  -197.07  104.73
 -37209.710   415.775  -194.03   99.47
 -36923.295   368.745  -164.20   94.28
 -36636.890   325.461  -151.13   81.92
 -36350.493   296.252  -101.99   64.11
 -36064.105   280.256   -55.85   44.70
 -35777.726   274.570   -19.86   32.37
 -35491.356   283.211    30.17   37.54
 -35204.996   304.456    74.19   53.19
 -34918.644   336.090   110.47   70.21
 -34632.301   368.694   113.87   82.75
 -34345.967   404.174   123.91   94.27
 -34059.642   436.733   113.72   98.78
 -33773.326   470.930   119.44  106.72
 -33487.019   503.247   112.88  114.95
 -33200.721   528.797    89.24  124.81
 -32914.431   547.914    66.78  132.60
 -32628.151   571.435    82.16  141.25
 -32341.880   593.783    78.06  148.04
 -32055.618   620.223    92.36  155.87
 -31769.365   652.126   111.45  162.59
 -31483.120   678.848    93.36  165.53
 -31196.885   711.094   112.66  167.55
 -30910.658   734.833    82.94  165.89
 -30624.441   772.717   132.36  166.44
 -30338.232   802.396   103.70  168.73
 -30052.033   837.649   123.18  168.26
 -29765.842   859.264    75.53  156.41
 -29479.660   907.826   169.69  148.53
 -29193.488   930.540    79.37  125.84
 -28907.324   927.289   -11.36  109.54
 -28621.169   910.385   -59.07  115.07
 -28335.023   872.727  -131.61  141.82
 -28048.886   828.011  -156.27  165.44
 -27762.758   766.818  -213.87  169.02
 -27476.639   706.336  -211.39  154.14
 -27190.529   658.988  -165.49  136.54
 -26904.428   636.826   -77.46  134.01
 -26618.335   626.137   -37.36  141.11
 -26332.252   610.863   -53.39  133.30
 -26046.178   598.776   -42.25  134.93
 -25760.112   571.733   -94.53  122.31
 -25474.056   550.811   -73.14   97.56
 -25188.008   536.428   -50.28   79.31
 -24901.970   516.154   -70.88   72.40
 -24615.940   483.315  -114.81   72.64
 -24329.919   455.826   -96.11   73.99
 -24043.907   445.884   -34.76   70.91
 -23757.904   455.811    34.71   83.30
 -23471.910   474.171    64.20  109.24
 -23185.925   511.210   129.51  122.71
 -22899.949   537.730    92.74  115.09
 -22613.982   567.565   104.33   99.09
 -22328.023   596.605   101.56   93.14
 -22042.074   631.319   121.40  104.55
 -21756.134   655.176    83.43  106.66
 -21470.202   660.656    19.17  106.23
 -21184.279   659.826    -2.90  107.45
 -20898.366   649.987   -34.41  118.34
 -20612.461   609.737  -140.78  132.14
 -20326.565   570.137  -138.51  124.36
 -20040.678   529.696  -141.46  100.90
 -19754.800   513.050   -58.23   95.51
 -19468.931   508.183   -17.02  102.34
 -19183.070   511.004     9.87  108.49
 -18897.219   510.135    -3.04  102.07
 -18611.377   503.454   -23.37   99.56
 -18325.543   474.315  -101.95   98.93
 -18039.719   441.905  -113.39  100.87
 -17753.903   406.854  -122.64   96.26
 -17468.096   373.854  -115.46   88.61
 -17182.298   341.841  -112.01   74.64
 -16896.509   310.308  -110.34   72.86
 -16610.729   288.414   -76.61   64.11
 -16324.958   283.692   -16.52   59.21
 -16039.195   281.969    -6.03   54.34
 -15753.442   271.282   -37.40   52.27
 -15467.698   266.333   -17.32   54.23
 -15181.962   268.093     6.16   53.72
 -14896.235   272.550    15.60   49.80
 -14610.517   277.289    16.59   51.31
 -14324.808   285.126    27.43   57.95
 -14039.108   307.708    79.04   75.52
 -13753.417   338.709   108.51   86.30
 -13467.735   378.454   139.12   88.60
 -13182.062   418.602   140.54   79.74
 -12896.397   444.037    89.04   77.01
 -12610.741   463.916    69.59   80.39
 -12325.095   495.688   111.23   80.43
 -12039.457   520.456    86.71   82.60
 -11753.828   542.104    75.79   85.81
 -11468.208   566.611    85.80   87.01
 -11182.597   594.674    98.25   86.92
 -10896.994   627.185   113.84   91.17
 -10611.401   661.951   121.73   96.01
 -10325.816   701.361   138.00  104.24
 -10040.241   739.683   134.19  105.58
  -9754.674   766.089    92.47  100.94
  -9469.116   787.581    75.26   83.61
  -9183.567   781.254   -22.16   85.42
  -8898.026   743.363  -132.70  120.27
  -8612.495   670.610  -254.80  163.30
  -8326.973   603.600  -234.69  168.23
  -8041.459   557.137  -162.73  141.91
  -7755.954   523.811  -116.73  114.94
  -7470.459   512.413   -39.93   91.47
  -7184.536   503.900   -29.77   77.63
  -6897.037   500.197   -12.88   74.87
  -6609.547   488.605   -40.32   80.20
  -6322.067   464.290   -84.58   96.28
  -6034.596   417.450  -162.94  104.12
  -5747.136   364.333  -184.78  103.73
  -5459.685   310.147  -188.51   95.83
  -5172.244   266.427  -152.10   86.17
  -4884.813   229.715  -127.73   78.80
  -4597.392   191.704  -132.25   70.49
  -4309.980   156.915  -121.04   69.10
  -4022.579   126.497  -105.84   71.08
  -3735.187   102.670   -82.91   73.35
  -3447.805    80.005   -78.87   67.63
  -3160.432    61.387   -64.79   63.00
  -2873.070    48.957   -43.25   62.27
  -2585.717    42.442   -22.67   65.45
  -2298.374    35.290   -24.89   65.28
  -2011.041    19.219   -55.93   41.73
  -1723.718    13.640   -19.42   35.51
  -1436.404     6.044   -26.44   18.80
  -1149.100     0.966   -17.67    4.15
   -861.806     0.104    -3.00    0.59
   -574.522     0.076    -0.10    0.44
   -287.247     0.110     0.12    0.46
      0.017     0.095    -0.05    0.45
    287.272     0.030    -0.23    0.42
    574.517     0.014    -0.06    0.45
    861.753     0.068     0.19    0.60
   1148.979     0.179     0.38    0.75
   1436.194     0.380     0.70    0.87
   1723.400     0.621     0.84    0.95
   2010.597     0.811     0.66    0.97
   2297.783     1.047     0.82    0.94
   2584.960     1.285     0.83    0.84
   2872.127     1.456     0.59    0.73
   3159.284     1.613     0.54    0.56
   3446.432     1.774     0.56    0.23
   3733.570     1.825     0.18    0.12
   4020.698     1.899     0.26    0.35
   4307.816     1.978     0.28    0.49
   4594.924     2.180     0.70    0.73
   4882.023     2.345     0.57    0.84
   5169.112     2.541     0.68    0.93
   5456.191     2.747     0.72    0.97
   5743.261     2.943     0.68    0.95
   6030.321     3.133     0.66    0.91
   6317.371     3.318     0.65    0.83
   6604.411     3.498     0.63    0.69
   6891.441     3.640     0.49    0.54
   7178.462     3.789     0.52    0.15
   7465.473     3.811     0.08    0.00
   7752.474     3.811     0.00    0.00
   8039.466     3.811     0.00    0.00
   8326.448     3.811     0.00    0.00
   8613.420     3.811     0.00    0.00
   8900.382     3.811     0.00    0.00
   9187.335     3.811     0.00    0.00
   9474.277     3.833     0.08    0.19
   9761.210     4.039     0.72    0.70
  10048.134     4.308     0.94    1.00
  10335.047     5.063     2.63    1.80
  10621.951     5.869     2.81    2.12
  10908.846     6.789     3.21    2.19
  11195.730     7.819     3.59    2.05
  11482.605     8.804     3.44    1.67
  11769.470     9.596     2.76    1.48
  12056.325    10.211     2.14    1.15
  12343.171    10.726     1.80    1.26
  12630.007    11.229     1.75    1.20
  12916.833    11.790     1.96    1.31
  13203.649    12.318     1.84    1.43
  13490.456    12.945     2.18    1.54
  13777.253    13.979     3.61    2.07
  14064.040    15.595     5.63    3.01
  14350.818    17.759     7.55    4.86
  14637.586    21.076    11.57    6.94
  14924.344    24.891    13.31    9.75
  15211.092    29.804    17.13   12.24
  15497.831    33.492    12.86   12.59
  15784.560    36.374    10.05   11.54
  16071.279    39.718    11.66   11.12
  16357.989    42.468     9.59   10.35
  16644.689    44.930     8.59   10.14
  16931.379    49.214    14.94   10.90
  17218.059    54.453    18.27   11.60
  17504.730    60.804    22.15   11.81
  17791.391    66.624    20.30   12.32
  18078.043    71.552    17.19   12.23
  18364.684    74.725    11.07   10.99
  18651.317    75.495     2.69   11.08
  18937.939    73.483    -7.02   12.81
  19224.552    71.457    -7.07   13.54
  19511.154    69.149    -8.05   12.25
  19797.748    66.947    -7.69    9.27
  20084.331    68.049     3.84    9.28
  20370.905    72.147    14.30   11.50
  20657.469    77.833    19.84   13.71
  20944.024    86.174    29.11   17.38
  21230.569    96.352    35.52   25.29
  21517.104   108.667    42.98   32.61
  21803.630   117.382    30.41   34.88
  22090.145   121.640    14.86   35.30
  22376.651   123.297     5.78   37.07
  22663.148   123.502     0.72   37.41
  22949.635   121.847    -5.78   38.04
  23236.112   120.475    -4.79   37.92
  23522.579   116.751   -13.00   35.32
  23809.037   120.641    13.58   36.08
  24095.485   125.992    18.68   33.21
  24381.924   129.030    10.61   30.63
  24668.352   133.876    16.92   29.76
  24954.771   139.199    18.59   29.54
  25241.181   140.423     4.27   29.05
  25527.581   141.125     2.45   29.08
  25813.971   139.177    -6.80   30.88
  26100.351   131.847   -25.60   31.53
  26386.722   127.656   -14.64   28.46
  26673.083   123.147   -15.74   24.58
  26959.435   123.090    -0.20   23.81
  27245.776   128.035    17.27   30.40
  27532.109   136.804    30.62   39.44
  27818.431   148.304    40.16   45.45
  28104.744   156.329    28.03   44.48
  28391.047   163.218    24.06   44.15
  28677.341   163.715     1.73   40.03
  28963.625   158.841   -17.02   35.47
  29249.899   151.286   -26.39   26.76
  29536.164   143.214   -28.20   20.60
  29822.419   135.897   -25.56   15.47
  30108.664   130.315   -19.50   12.52
  30394.900   128.223    -7.31   10.70
  30681.126   127.556    -2.33   10.99
  30967.342   125.811    -6.10   10.23
  31253.549   122.199   -12.62   11.81
  31539.746   116.613   -19.52   15.22
  31825.934   110.913   -19.92   18.41
  32112.111   105.236   -19.84   17.84
  32398.280   101.234   -13.98   14.71
  32684.438    99.737    -5.23   12.72
  32970.587   101.233     5.23   14.47
  33256.727   103.746     8.78   14.78
  33542.856   107.013    11.42   13.80
  33828.976   111.126    14.37   13.59
  34115.087   112.648     5.32   13.36
  34401.188   114.804     7.53   14.45
  34687.279   116.383     5.52   15.27
  34973.360   116.602     0.77   15.26
  35259.432   117.018     1.45   14.69
  35545.495   116.605    -1.44   13.75
  35831.548   115.722    -3.09   12.56
  36117.591   117.361     5.73   13.75
  36403.624   119.285     6.73   14.64
  36689.648   122.819    12.35   18.78
  36975.662   128.018    18.18   22.08
  37261.667   133.610    19.55   22.31
  37547.662   142.840    32.27   27.19
  37833.648   150.583    27.08   28.24
  38119.623   158.519    27.75   33.14
  38405.590   169.883    39.74   42.94
  38691.546   178.781    31.12   47.20
  38977.493   183.070    15.00   46.82
  39263.431   185.435     8.27   44.51
  39549.358   181.334   -14.35   39.78
  39835.277   173.661   -26.83   36.33
  40121.185   169.783   -13.57   34.14
  40407.084   168.157    -5.69   32.78
  40692.974   168.613     1.59   32.35
  40978.854   170.574     6.86   33.39
  41264.724   167.901    -9.35   33.29
  41550.584   166.286    -5.65   28.38
  41836.435   167.125     2.93   23.69
  42122.277   168.683     5.45   20.94
  42408.109   172.086    11.91   19.58
  42693.931   174.085     7.00   16.77
  42979.744   176.946    10.01   15.00
  43265.547   180.753    13.32   12.43
  43551.340   182.074     4.62   11.21
  43837.124   181.504    -2.00   13.53
  44122.899   179.341    -7.57   14.20
  44408.663   177.201    -7.49   13.27
  44694.419   177.200    -0.00   13.01
  44980.164   178.707     5.27   12.36
  45265.900   181.085     8.32   11.89
  45551.627   185.286    14.70   11.54
  45837.344   189.520    14.82    9.10
  46123.051   191.401     6.58    7.84
  46408.749   190.537    -3.02    8.94
  46694.437   188.407    -7.46    9.62
  46980.115   188.027    -1.33    9.79
  47265.784   188.595     1.99    9.23
  47551.444   189.340     2.61    9.60
  47837.094   191.541     7.70   10.47
  48122.734   194.766    11.29    9.11
  48408.365   198.645    13.58    7.16
  48693.986   199.983     4.69    5.60
  48979.598   199.508    -1.66    4.76
  49265.200   198.611    -3.14    3.99
  49550.792   198.498    -0.40    4.32
  49836.375   199.504     3.52    5.94
  50121.949   201.072     5.49    6.79
  50407.512   202.500     5.00    7.39
  50693.067   203.207     2.48    7.98
  50978.611   203.432     0.79    8.32
  51264.147   202.752    -2.38    8.93
  51549.672   200.696    -7.20    8.72
  51835.188   198.043    -9.29    7.35
  52120.695   196.276    -6.19    5.43
  52406.192   196.027    -0.87    4.29
  52691.679   196.804     2.72    4.18
  52977.157   197.140     1.18    3.96
  53262.626   197.304     0.58    3.42
  53548.084   196.647    -2.30    3.46
  53833.534   194.977    -5.85    4.80
  54118.973   192.530    -8.57    6.86
  54404.404   189.050   -12.19    9.77
  54690.425   183.416   -19.70   13.42
  54977.997   178.495   -17.11   13.44
  55265.558   174.826   -12.76   12.26
  55553.109   172.278    -8.86   10.85
  55840.649   170.766    -5.26    9.32
  56128.179   170.490    -0.96    8.90
  56415.698   171.591     3.83    8.84
  56703.207   173.092     5.22    8.50
  56990.705   174.179     3.78    8.76
  57278.193   174.345     0.58    9.43
  57565.670   174.040    -1.06    9.99
  57853.137   173.244    -2.77   10.59
  58140.593   173.221    -0.08   11.20
  58428.039   176.463    11.28   10.23
  58715.474   178.172     5.94   10.95
  59002.899   180.185     7.01   11.29
  59290.313   181.968     6.20   10.87
  59577.717   183.667     5.91   10.08
  59865.111   186.436     9.63    7.14
  60152.494   187.729     4.50    5.45
  60439.866   187.739     0.04    5.65
  60727.228   184.627   -10.83   10.58
  61014.579   182.188    -8.49   12.95
  61301.920   183.326     3.96   14.66
  61589.251   184.781     5.07   15.95
  61876.571   186.531     6.09   17.21
  62163.881   188.613     7.25   15.74
  62451.180   191.211     9.04   13.43
  62738.469   194.427    11.19    6.59
  63025.747   194.500     0.25    4.85
  63313.015   194.031    -1.63    5.15
  63600.272   194.159     0.45    5.31
  63887.519   194.768     2.12    5.61
  64174.755   196.444     5.83    4.82
  64461.981   197.945     5.23    3.97
  64749.197   198.447     1.75    4.78
  65036.402   196.849    -5.56    8.56
  65323.596   196.954     0.37   11.63
  65610.781   197.116     0.56   13.13
  65897.954   197.908     2.76   13.93
  66185.118   199.818     6.65   13.41
  66472.270   202.582     9.62   11.26
  66759.413   205.490    10.13    8.96
  67046.545   208.110     9.13    5.44
  67333.666   209.067     3.33    4.10
  67620.777   210.061     3.46    2.50
  67907.878   210.583     1.82    1.18
  68194.968   211.096     1.79    1.39
  68482.048   211.782     2.39    2.85
  68769.117   211.856     0.26    3.35
  69056.176   211.567    -1.01    3.97
  69343.224   210.998    -1.98    4.91
  69630.262   210.003    -3.47    6.71
  69917.290   209.052    -3.31    7.44
  70204.307   208.069    -3.43    7.71
  70491.314   208.404     1.17    8.42
  70778.310   208.946     1.89    8.82
  71065.296   209.610     2.31    8.65
  71352.272   211.502     6.59    6.92
  71639.237   213.463     6.83    5.89
  71926.191   214.171     2.47    5.40
  72213.136   214.938     2.67    4.95
  72500.070   215.570     2.20    4.63
  72786.993   215.730     0.56    4.71
  73073.906   214.932    -2.78    4.78
  73360.809   213.554    -4.80    4.15
  73647.701   212.417    -3.96    3.14
  73934.583   211.600    -2.85    2.01
  74221.454   211.211    -1.35    1.02
  74508.315   211.065    -0.51    1.60
  74795.165   211.203     0.48    2.45
  75082.006   211.296     0.33    3.20
  75368.835   211.747     1.57    3.71
  75655.655   211.891     0.50    4.47
  75942.464   212.045     0.54    5.89
  76229.262   211.606    -1.53    6.75
  76516.050   210.274    -4.64    7.82
  76802.828   207.201   -10.72   10.12
  77089.596   204.008   -11.13   10.31
  77376.353   202.752    -4.38    9.96
  77663.099   202.983     0.81   11.28
  77949.836   204.669     5.88   12.58
  78236.561   206.315     5.74   12.28
  78523.277   208.125     6.31   10.84
  78809.982   208.162     0.13    9.99
  79096.677   204.876   -11.46   11.91
  79383.361   199.548   -18.58   13.15
  79670.035   194.172   -18.76   10.01
  79956.699   191.376    -9.75    7.44
  80243.352   190.781    -2.07    6.77
  80529.995   191.456     2.35    7.62
  80816.627   192.446     3.45    7.42
  81103.249   192.990     1.90    7.12
  81389.861   191.892    -3.83    7.93
  81676.462   187.907   -13.90   10.03
  81963.053   183.226   -16.33   11.16
  82249.634   179.082   -14.46    9.68
  82536.204   177.069    -7.03    7.82
  82822.764   176.681    -1.35    7.21
  83109.313   176.222    -1.60    7.26
  83395.853   175.466    -2.64    8.60
  83682.381   172.826    -9.21   11.45
  83968.900   169.877   -10.29   12.81
  84255.408   166.368   -12.25   12.36
  84541.906   162.513   -13.46    9.69
  84828.393   160.275    -7.81    6.76
  85114.870   159.789    -1.70    5.80
  85401.337   160.091     1.05    5.57
  85687.793   159.383    -2.47    6.16
  85974.239   157.530    -6.47    6.40
  86260.675   155.574    -6.83    6.52
  86547.100   152.969    -9.09    5.90
  86833.515   151.019    -6.81    4.77
  87119.920   148.833    -7.63    4.06
  87406.314   146.670    -7.55    5.37
  87692.698   144.166    -8.74    6.73
  87979.072   140.125   -14.11    8.99
  88265.435   135.833   -14.98   11.26
  88551.788   130.574   -18.37   12.77
  88838.131   125.706   -17.00   12.57
  89124.463   120.631   -17.72   13.57
  89410.785   115.517   -17.86   14.22
  89697.097   111.789   -13.02   14.26
  89983.398   107.717   -14.22   15.70
  90269.689   105.248    -8.62   16.21
  90555.969   103.282    -6.87   17.43
  90842.240   101.870    -4.93   18.56
  91128.500   103.059     4.15   19.75
  91414.750   106.089    10.58   22.14
  91700.989   110.545    15.57   23.89
  91987.218   114.261    12.98   25.13
  92273.437   113.363    -3.14   26.32
  92559.645   110.127   -11.30   29.50
  92845.843   103.905   -21.74   32.49
  93132.031    93.631   -35.90   32.49
  93418.209    83.855   -34.16   28.99
  93704.376    74.300   -33.39   17.72
  93990.533    70.678   -12.66    9.28
  94276.679    75.211    15.84   14.59
  94562.816    82.647    25.99   19.57
  94848.942    92.957    36.03   26.46
  95135.057   109.869    59.11   37.67
  95421.163   133.129    81.30   50.65
  95707.258   153.599    71.55   52.22
  95993.342   170.897    60.46   49.77
  96279.417   187.936    59.56   44.87
