-128209.238   -43.851     0.00    0.73
-127922.387   -43.738     0.39    0.77
-127635.546   -43.560     0.62    0.86
-127348.716   -43.438     0.43    0.88
-127061.896   -43.205     0.81    0.82
-126775.087   -43.011     0.68    0.77
-126488.288   -42.878     0.46    0.74
-126201.499   -42.702     0.61    0.76
-125914.721   -42.573     0.45    0.80
-125627.953   -42.380     0.68    0.82
-125341.195   -42.175     0.71    0.93
-125054.448   -41.996     0.62    1.00
-124767.711   -41.705     1.02    1.14
-124480.984   -41.333     1.30    1.53
-124194.268   -40.737     2.08    2.16
-123907.562   -39.891     2.95    3.12
-123620.867   -38.745     4.00    4.10
-123334.181   -37.750     3.47    4.27
-123047.507   -36.961     2.75    4.22
-122760.842   -36.548     1.44    3.82
-122474.188   -36.335     0.74    3.53
-122187.544   -36.295     0.14    2.80
-121900.911   -36.463    -0.59    2.25
-121614.287   -36.692    -0.80    1.38
-121327.675   -36.713    -0.07    0.82
-121041.072   -36.536     0.62    0.63
-120754.480   -36.305     0.81    0.70
-120467.898   -36.033     0.95    0.78
-120181.327   -35.810     0.78    0.80
-119894.766   -35.319     1.71    1.40
-119608.215   -34.243     3.76    2.32
-119321.674   -33.150     3.82    2.77
-119035.144   -32.071     3.77    2.92
-118748.624   -31.120     3.32    2.87
-118462.115   -30.698     1.47    2.23
-118175.615   -30.186     1.78    1.64
-117889.126   -30.274    -0.31    0.57
-117602.648   -30.252     0.08    0.55
-117316.180   -30.154     0.34    0.46
-117029.722   -30.033     0.42    0.15
-116743.274   -29.982     0.18    0.21
-116456.837   -29.597     1.35    1.66
-116170.410   -27.900     5.92    5.03
-115883.993   -25.011    10.09    8.39
-115597.586   -20.132    17.04   11.65
-115311.190   -15.261    17.01   12.45
-115024.804   -11.316    13.78   11.48
-114738.429    -7.989    11.62    9.53
-114452.064    -4.861    10.92    6.65
-114165.709    -3.280     5.52    4.39
-113879.364    -2.829     1.58    4.40
-113593.030    -2.318     1.78    4.81
-113306.706    -1.160     4.04    5.52
-113020.392     1.125     7.98    6.86
-112734.089     5.158    14.09    8.56
-112447.796    10.562    18.88   10.99
-112161.513    19.468    31.11   19.58
-111875.240    33.534    49.14   32.08
-111588.978    51.974    64.42   44.08
-111302.726    79.352    95.64   56.02
-111016.484   107.061    96.81   62.65
-110730.253   135.215    98.36   58.93
-110444.032   158.878    82.67   50.15
-110157.821   175.003    56.34   37.10
-109871.620   180.272    18.41   32.80
-109585.430   175.522   -16.60   39.41
-109299.250   163.641   -41.52   44.79
-109013.080   145.146   -64.63   43.24
-108726.920   131.967   -46.05   34.48
-108440.771   125.337   -23.17   31.25
-108154.632   121.907   -11.99   33.04
-107868.504   115.967   -20.76   36.20
-107582.385   110.981   -17.43   39.57
-107296.277   105.281   -19.93   39.86
-107010.179   101.533   -13.10   38.90
-106724.091    98.335   -11.18   35.08
-106438.014    97.267    -3.73   29.00
-106151.947   105.887    30.13   34.55
-105865.890   122.039    56.47   39.76
-105579.844   141.546    68.20   41.93
-105293.807   156.507    52.31   39.01
-105007.781   169.651    45.95   31.30
-104721.765   174.094    15.54   26.68
-104435.760   170.230   -13.51   29.93
-104149.764   159.687   -36.86   36.66
-103863.779   145.389   -50.00   40.38
-103577.804   132.639   -44.59   38.00
-103291.840   124.966   -26.83   38.76
-103005.886   119.704   -18.40   43.63
-102719.941   112.724   -24.41   46.07
-102434.008   108.312   -15.43   47.43
-102148.084   108.572     0.91   47.29
-101862.171   107.433    -3.98   44.01
-101576.267   105.599    -6.42   37.56
-101290.374   106.457     3.00   33.98
-101004.492   108.354     6.64   27.83
-100718.619   116.982    30.18   25.42
-100432.757   122.440    19.09   24.48
-100146.905   132.622    35.62   30.09
 -99861.063   143.018    36.37   34.48
 -99575.232   152.811    34.26   34.29
 -99289.411   159.764    24.33   30.01
 -99003.600   161.628     6.52   26.94
 -98717.799   160.945    -2.39   26.76
 -98432.008   158.518    -8.49   25.21
 -98146.228   159.504     3.45   26.54
 -97860.457   168.924    32.96   35.64
 -97574.697   183.070    49.51   45.65
 -97288.948   203.884    72.84   58.02
 -97003.208   232.358    99.65   62.34
 -96717.479   255.228    80.04   53.24
 -96431.760   271.673    57.56   43.96
 -96146.051   286.915    53.35   39.02
 -95860.352   303.239    57.14   46.60
 -95574.664   325.945    79.48   65.21
 -95288.985   354.996   101.69   82.03
 -95003.317   387.109   112.42   87.97
 -94717.659   415.843   100.59   74.40
 -94432.012   426.707    38.04   66.95
 -94146.374   427.703     3.49   65.88
 -93860.747   427.214    -1.71   64.33
 -93575.130   413.062   -49.55   63.74
 -93289.523   397.478   -54.57   56.53
 -93003.926   380.153   -60.66   50.53
 -92718.340   352.617   -96.42   61.53
 -92432.764   327.307   -88.63   72.46
 -92147.198   305.739   -75.53   72.53
 -91861.642   291.875   -48.55   68.46
 -91576.096   276.571   -53.60   61.23
 -91290.560   260.597   -55.94   56.58
 -91005.035   246.515   -49.32   54.71
 -90719.520   241.889   -16.20   52.47
 -90434.015   245.981    14.34   51.12
 -90148.520   255.685    33.99   55.92
 -89863.035   260.543    17.02   56.05
 -89577.561   271.981    40.07   54.40
 -89292.097   288.804    58.93   46.22
 -89006.643   305.554    58.68   34.90
 -88721.199   317.847    43.07   25.57
 -88435.765   317.536    -1.09   23.93
 -88150.341   313.604   -13.78   23.98
 -87864.928   310.123   -12.19   27.71
 -87579.525   303.250   -24.08   33.68
 -87294.132   295.220   -28.14   34.43
 -87008.749   288.463   -23.68   30.34
 -86723.376   285.768    -9.44   26.45
 -86437.610   287.072     4.56   24.24
 -86149.949   291.612    15.78   24.17
 -85862.299   298.702    24.65   26.04
 -85574.660   306.938    28.63   25.69
 -85287.032   313.937    24.33   27.82
 -84999.415   320.315    22.18   26.89
 -84711.809   322.349     7.07   25.27
 -84424.215   319.231   -10.84   26.50
 -84136.631   308.445   -37.51   34.91
 -83849.059   291.678   -58.31   45.87
 -83561.498   270.133   -74.92   50.47
 -83273.948   250.102   -69.66   52.34
 -82986.409   232.856   -59.98   51.63
 -82698.882   217.485   -53.46   52.75
 -82411.365   204.575   -44.90   51.23
 -82123.860   192.839   -40.82   50.59
 -81836.366   184.663   -28.44   46.45
 -81548.883   178.442   -21.64   39.66
 -81261.411   173.130   -18.48   27.73
 -80973.950   171.735    -4.85   20.37
 -80686.500   178.358    23.04   24.96
 -80399.061   185.447    24.66   27.31
 -80111.634   198.575    45.67   34.13
 -79824.218   211.685    45.62   37.68
 -79536.812   224.237    43.67   38.88
 -79249.418   237.303    45.47   38.37
 -78962.035   251.478    49.32   38.87
 -78674.664   267.850    56.97   43.36
 -78387.303   278.071    35.57   42.68
 -78099.953   287.859    34.06   46.10
 -77812.615   299.414    40.21   45.71
 -77525.287   312.959    47.14   50.88
 -77237.971   331.075    63.05   55.64
 -76950.666   348.100    59.26   58.04
 -76663.372   357.806    33.79   57.41
 -76376.089   363.793    20.84   60.93
 -76088.817   369.339    19.30   61.34
 -75801.556   371.448     7.34   59.40
 -75514.307   371.537     0.31   57.28
 -75227.068   376.579    17.55   55.51
 -74939.841   383.937    25.62   57.17
 -74652.624   394.164    35.61   61.00
 -74365.419   400.428    21.81   62.01
 -74078.225   408.349    27.58   58.25
 -73791.042   414.660    21.98   57.30
 -73503.870   421.989    25.52   57.15
 -73216.709   420.409    -5.50   52.74
 -72929.559   422.885     8.62   48.86
 -72642.420   434.295    39.74   51.46
 -72355.292   457.845    82.02   51.69
 -72068.176   474.779    58.98   43.23
 -71781.070   480.106    18.56   44.26
 -71493.976   471.892   -28.61   49.77
 -71206.893   455.648   -56.58   60.84
 -70919.820   429.004   -92.82   70.11
 -70632.759   402.799   -91.29   63.58
 -70345.709   381.560   -73.99   51.04
 -70058.670   376.648   -17.11   46.91
 -69771.642   380.901    14.82   49.98
 -69484.625   391.683    37.57   54.17
 -69197.619   414.760    80.41   56.97
 -68910.624   431.093    56.91   49.76
 -68623.640   447.776    58.13   50.75
 -68336.668   472.592    86.48   55.00
 -68049.706   487.838    53.13   48.74
 -67762.756   492.540    16.38   52.34
 -67475.816   483.146   -32.74   62.26
 -67188.888   471.967   -38.96   65.12
 -66901.970   464.952   -24.45   66.73
 -66615.064   460.915   -14.07   64.50
 -66328.168   465.689    16.64   68.54
 -66041.284   488.853    80.75   84.94
 -65754.411   521.684   114.45   84.09
 -65467.549   543.034    74.42   71.29
 -65180.698   561.018    62.70   69.19
 -64893.857   567.841    23.79   66.84
 -64607.028   561.342   -22.66   63.88
 -64320.210   551.839   -33.13   63.80
 -64033.403   542.048   -34.14   65.19
 -63746.607   530.697   -39.58   69.47
 -63459.822   518.347   -43.06   64.89
 -63173.049   497.003   -74.43   58.05
 -62886.286   480.790   -56.54   61.00
 -62599.534   466.433   -50.07   66.01
 -62312.793   440.395   -90.81   72.89
 -62026.063   411.354  -101.28   77.45
 -61739.344   385.170   -91.33   73.77
 -61452.637   366.372   -65.57   67.28
 -61165.940   358.269   -28.26   61.82
 -60879.254   355.401   -10.01   57.90
 -60592.579   359.344    13.76   57.91
 -60305.916   372.250    45.02   61.45
 -60019.263   394.272    76.83   65.54
 -59732.621   426.047   110.85   65.18
 -59445.991   463.793   131.69   70.28
 -59159.371   493.107   102.28   77.63
 -58872.762   520.195    94.51   72.37
 -58586.165   532.123    41.62   65.86
 -58299.578   540.975    30.89   63.69
 -58013.003   555.250    49.81   63.00
 -57726.438   560.041    16.72   63.83
 -57439.884   560.793     2.63   63.01
 -57153.342   568.290    26.16   62.94
 -56866.810   583.184    51.98   60.35
 -56580.289   594.862    40.76   57.51
 -56293.780   596.873     7.02   51.79
 -56007.281   593.048   -13.35   47.12
 -55720.793   591.033    -7.03   50.71
 -55434.317   589.967    -3.72   52.75
 -55147.851   589.795    -0.60   51.46
 -54861.396   583.500   -21.98   52.88
 -54574.952   587.493    13.94   56.97
 -54288.520   599.946    43.48   59.64
 -54002.098   619.101    66.88   66.51
 -53715.687   630.774    40.76   70.79
 -53429.287   637.456    23.33   76.41
 -53142.898   650.496    45.53   73.83
 -52856.520   656.844    22.17   77.52
 -52570.153   672.330    54.08   81.75
 -52283.797   676.445    14.37   82.18
 -51997.452   678.608     7.56   76.24
 -51711.118   683.383    16.67   72.37
 -51424.795   687.046    12.80   69.75
 -51138.483   698.705    40.72   65.26
 -50852.182   700.003     4.53   60.15
 -50565.892   693.557   -22.52   54.99
 -50279.613   686.092   -26.08   53.40
 -49993.344   678.152   -27.74   51.97
 -49707.087   667.527   -37.12   49.46
 -49420.841   658.895   -30.15   46.94
 -49134.605   651.078   -27.31   41.82
 -48848.381   654.679    12.58   43.02
 -48562.167   666.152    40.08   44.40
 -48275.965   676.823    37.29   47.00
 -47989.773   685.887    31.67   45.97
 -47703.592   695.216    32.60   43.14
 -47417.423   696.062     2.96   43.98
 -47131.264   690.033   -21.07   52.24
 -46845.116   675.039   -52.40   60.01
 -46558.979   648.663   -92.18   68.61
 -46272.853   622.515   -91.39   64.28
 -45986.738   596.514   -90.88   69.34
 -45700.634   566.750  -104.03   82.23
 -45414.541   532.255  -120.57   83.48
 -45128.459   508.207   -84.06   72.92
 -44842.387   489.518   -65.33   63.08
 -44556.327   474.923   -51.02   54.37
 -44270.277   463.466   -40.05   49.49
 -43984.239   460.060   -11.91   50.18
 -43698.211   454.720   -18.67   53.04
 -43412.194   443.959   -37.62   55.80
 -43126.189   424.529   -67.94   59.44
 -42840.194   401.087   -81.97   53.51
 -42554.210   381.456   -68.65   45.18
 -42268.237   369.996   -40.07   33.65
 -41982.275   368.800    -4.18   33.13
 -41696.323   383.175    50.27   54.08
 -41410.383   408.678    89.19   74.19
 -41124.454   446.514   132.33   89.59
 -40838.535   483.638   129.84   90.23
 -40552.628   518.180   120.82   85.43
 -40266.731   531.027    44.94   73.91
 -39980.845   527.230   -13.28   70.11
 -39694.970   524.489    -9.59   66.59
 -39409.106   531.139    23.26   75.54
 -39123.253   532.859     6.02   83.88
 -38837.411   543.347    36.69   89.89
 -38551.579   568.974    89.66  100.51
 -38265.759   625.828   198.92  107.15
 -37979.949   676.196   176.23  101.95
 -37694.151   707.518   109.60   88.00
 -37408.363   722.286    51.68   77.53
 -37122.586   738.547    56.90   73.82
 -36836.820   744.743    21.68   74.36
 -36551.065   738.439   -22.06   83.57
 -36265.321   719.559   -66.07   81.67
 -35979.587   701.620   -62.78   83.66
 -35693.865   694.032   -26.56   81.30
 -35408.153   694.380     1.22   74.14
 -35122.453   691.960    -8.47   74.54
 -34836.763   690.302    -5.80   76.15
 -34551.084   685.346   -17.35   81.87
 -34265.416   670.638   -51.49  100.14
 -33979.758   629.559  -143.81  125.68
 -33694.112   566.916  -219.30  126.36
 -33408.476   515.906  -178.59   98.50
 -33122.852   493.352   -78.97   79.51
 -32837.238   493.146    -0.72   91.62
 -32551.635   520.596    96.12  129.15
 -32266.043   561.224   142.26  144.51
 -31980.462   587.981    93.69  136.17
 -31694.891   598.190    35.75  124.56
 -31409.332   591.519   -23.36  125.58
 -31123.783   554.463  -129.77  139.94
 -30838.245   505.553  -171.29  144.45
 -30552.718   456.692  -171.13  122.35
 -30267.202   418.865  -132.49   93.07
 -29981.697   403.012   -55.53   72.54
 -29696.202   421.339    64.20   92.67
 -29410.719   460.548   137.34  123.19
 -29125.246   507.636   164.95  136.49
 -28839.784   556.901   172.58  130.32
 -28554.333   599.628   149.68  121.87
 -28268.893   633.802   119.72  111.00
 -27983.463   667.830   119.22   95.34
 -27698.045   685.806    62.98   86.09
 -27412.637   706.401    72.16   75.13
 -27127.240   714.118    27.04   72.18
 -26841.854   694.844   -67.54   77.65
 -26556.479   675.959   -66.18   86.91
 -26271.114   638.793  -130.24  105.51
 -25985.761   600.377  -134.63  124.76
 -25700.418   561.581  -135.96  132.04
 -25415.086   506.492  -193.07  119.96
 -25129.765   462.765  -153.26   97.18
 -24844.455   444.938   -62.48   83.88
 -24558.566   425.534   -67.87   74.20
 -24270.834   404.719   -72.34   75.34
 -23983.113   383.244   -74.64   79.67
 -23695.404   371.025   -42.47   72.65
 -23407.706   375.614    15.95   78.30
 -23120.021   393.345    61.63   91.61
 -22832.347   401.507    28.37   87.90
 -22544.686   409.500    27.79   84.72
 -22257.036   407.584    -6.66   84.45
 -21969.397   386.162   -74.48   99.08
 -21681.771   342.579  -151.53  117.81
 -21394.157   290.229  -182.01  112.02
 -21106.554   244.798  -157.97   96.52
 -20818.963   206.053  -134.72   80.45
 -20531.384   177.832   -98.13   57.77
 -20243.817   156.200   -75.22   32.00
 -19956.262   145.989   -35.51   14.10
 -19668.718   155.456    32.92   38.61
 -19381.186   174.922    67.70   57.59
 -19093.666   195.395    71.21   63.55
 -18806.158   217.122    75.57   62.18
 -18518.662   241.996    86.52   62.76
 -18231.177   267.770    89.65   62.28
 -17943.704   277.553    34.03   60.32
 -17656.243   279.522     6.85   70.33
 -17368.794   275.125   -15.30   75.49
 -17081.357   274.694    -1.50   79.02
 -16793.931   266.481   -28.57   71.75
 -16506.517   253.271   -45.96   59.14
 -16219.115   247.372   -20.53   45.61
 -15931.725   249.342     6.85   45.64
 -15644.346   254.246    17.07   47.34
 -15356.980   256.204     6.81   46.78
 -15069.625   267.048    37.74   53.08
 -14782.282   279.414    43.04   58.98
 -14494.950   294.938    54.03   69.94
 -14207.631   312.444    60.93   74.94
 -13920.323   322.148    33.78   74.33
 -13633.027   337.508    53.46   64.96
 -13345.743   344.974    25.99   63.01
 -13058.470   343.384    -5.53   61.74
 -12771.209   338.974   -15.35   57.43
 -12483.960   334.048   -17.15   51.71
 -12196.723   342.937    30.95   54.44
 -11909.498   360.293    60.43   52.20
 -11622.284   371.410    38.71   51.28
 -11335.082   378.595    25.02   54.14
 -11047.892   372.874   -19.92   58.99
 -10760.714   362.368   -36.58   69.30
 -10473.547   341.575   -72.41   78.53
 -10186.392   316.655   -86.78   73.67
  -9899.249   290.128   -92.38   62.81
  -9612.117   270.801   -67.31   56.43
  -9324.998   256.228   -50.76   50.91
  -9037.890   241.996   -49.57   52.76
  -8750.793   224.709   -60.21   56.61
  -8463.709   200.648   -83.81   55.91
  -8176.636   178.149   -78.37   49.99
  -7889.575   162.244   -55.41   39.71
  -7602.526   164.768     8.79   45.12
  -7315.488   173.305    29.74   55.12
  -7028.463   177.958    16.21   56.05
  -6741.448   186.040    28.16   56.55
  -6454.446   194.312    28.82   53.76
  -6167.455   200.026    19.91   52.35
  -5880.476   210.080    35.03   54.24
  -5593.509   208.982    -3.83   54.28
  -5306.554   206.110   -10.01   55.33
  -5019.610   200.530   -19.45   58.11
  -4732.678   186.339   -49.46   61.56
  -4445.758   164.590   -75.80   66.61
  -4158.849   136.974   -96.25   66.49
  -3871.952   112.860   -84.05   56.72
  -3585.067    98.371   -50.50   50.40
  -3298.193    83.696   -51.16   46.53
  -3011.331    72.018   -40.71   42.04
  -2724.481    67.365   -16.22   36.71
  -2437.643    75.070    26.86   38.18
  -2150.816    84.492    32.85   42.69
  -1864.001    89.493    17.43   42.55
  -1577.198    97.290    27.19   44.67
  -1290.406   103.610    22.04   47.52
  -1003.626    92.544   -38.59   60.59
   -716.858    71.907   -71.97   69.63
   -430.101    51.471   -71.27   72.41
   -143.357    28.816   -79.01   67.56
    143.377    12.159   -58.09   58.63
    430.098    -7.168   -67.41   28.68
    716.808   -14.635   -26.04    1.15
   1003.506   -14.541     0.33    0.79
   1290.193   -14.299     0.84    0.91
   1576.867   -14.019     0.98    0.95
   1863.531   -13.780     0.83    0.93
   2150.182   -13.533     0.86    0.87
   2436.822   -13.420     0.39    0.79
   2723.450   -13.285     0.47    0.73
   3010.066   -12.983     1.06    0.62
   3296.671   -12.765     0.76    0.43
   3583.264   -12.614     0.53    0.51
   3869.846   -12.473     0.49    0.53
   4156.416   -12.293     0.63    0.57
   4442.974   -12.160     0.46    0.48
   4729.520   -12.062     0.34    0.42
   5016.055   -12.019     0.15    0.29
   5302.578   -12.004     0.05    0.29
   5589.090   -12.061    -0.20    0.47
   5875.590   -12.183    -0.42    0.56
   6162.078   -12.188    -0.02    0.61
   6448.555   -12.102     0.30    0.68
   6735.020   -11.967     0.47    0.79
   7021.473   -11.690     0.97    0.95
   7307.915   -11.371     1.12    1.03
   7594.345   -10.981     1.36    1.02
   7880.763   -10.500     1.68    0.88
   8167.170   -10.119     1.33    0.79
   8453.565    -9.876     0.85    0.80
   8739.949    -9.673     0.71    0.78
   9026.321    -9.640     0.12    0.85
   9312.681    -9.782    -0.49    1.08
   9599.030   -10.146    -1.27    1.29
   9885.367   -10.597    -1.58    1.31
  10171.692   -11.019    -1.47    1.22
  10458.006   -11.478    -1.60    0.98
  10744.308   -11.712    -0.82    0.69
  11030.599   -11.632     0.28    0.84
  11316.878   -11.504     0.45    0.93
  11603.145   -11.337     0.58    1.02
  11889.401   -11.114     0.78    1.07
  12175.645   -10.837     0.97    1.12
  12461.877   -10.675     0.56    1.07
  12748.098   -10.688    -0.04    1.12
  13034.308   -10.878    -0.66    1.18
  13320.505   -11.113    -0.82    1.30
  13606.691   -11.564    -1.58    1.33
  13892.866   -11.946    -1.33    1.20
  14179.029   -12.425    -1.67    0.85
  14465.180   -12.767    -1.20    0.50
  14751.320   -12.913    -0.51    0.30
  15037.448   -13.011    -0.34    0.00
  15323.565   -13.011     0.00    0.00
  15609.670   -12.989     0.08    0.15
  15895.763   -12.953     0.13    0.24
  16181.845   -12.951     0.01    0.24
  16467.915   -12.925     0.09    0.28
  16753.974   -12.906     0.07    0.31
  17040.021   -12.807     0.35    0.40
  17326.056   -12.729     0.27    0.45
  17612.080   -12.644     0.30    0.48
  17898.092   -12.590     0.19    0.50
  18184.093   -12.599    -0.03    0.49
  18470.082   -12.599    -0.00    0.49
  18756.060   -12.635    -0.13    0.49
  19042.026   -12.683    -0.17    0.47
  19327.981   -12.725    -0.15    0.45
  19613.924   -12.668     0.20    0.48
  19899.855   -12.519     0.52    0.52
  20185.775   -12.302     0.76    0.62
  20471.683   -12.101     0.70    0.66
  20757.580   -11.965     0.48    0.61
  21043.465   -11.724     0.84    0.62
  21329.339   -11.515     0.73    0.70
  21615.201   -11.011     1.76    1.23
  21901.051   -10.443     1.99    1.80
  22186.890    -9.690     2.63    2.37
  22472.718    -8.492     4.19    2.94
  22758.533    -7.274     4.26    3.22
  23044.338    -5.974     4.55    3.08
  23330.131    -5.217     2.65    2.74
  23615.912    -4.670     1.91    2.58
  23901.682    -4.617     0.19    2.40
  24187.440    -5.033    -1.45    2.27
  24473.186    -5.398    -1.28    1.68
  24758.922    -5.982    -2.05    1.32
  25044.645    -6.470    -1.71    1.22
  25330.357    -6.868    -1.39    1.17
  25616.058    -7.310    -1.55    1.47
  25901.747    -8.079    -2.69    1.95
  26187.424    -8.814    -2.57    2.19
  26473.090    -9.882    -3.74    2.26
  26758.745   -10.887    -3.52    2.11
  27044.388   -11.556    -2.34    1.89
  27330.019   -12.184    -2.20    1.15
  27615.639   -12.470    -1.00    0.65
  27901.248   -12.362     0.38    0.80
  28186.844   -12.126     0.83    1.04
  28472.430   -11.772     1.24    1.28
  28758.004   -11.180     2.07    1.81
  29043.566   -10.572     2.13    1.98
  29329.117    -9.791     2.74    2.37
  29614.656    -8.959     2.91    2.34
  29900.184    -8.166     2.78    2.29
  30185.701    -7.267     3.15    2.09
  30471.206    -6.380     3.11    1.94
  30756.699    -5.424     3.35    1.69
  31042.181    -4.632     2.77    1.33
  31327.651    -3.968     2.33    1.16
  31613.110    -3.417     1.93    0.99
  31898.558    -2.967     1.58    0.89
  32183.994    -2.519     1.57    0.86
  32469.418    -2.168     1.23    0.84
  32754.831    -1.832     1.18    0.89
  33040.233    -1.488     1.21    0.93
  33325.623    -1.004     1.70    1.01
  33611.001    -0.598     1.42    1.20
  33896.369    -0.040     1.95    2.06
  34181.724     0.057     0.34    2.00
  34467.068    -0.055    -0.39    1.73
  34752.401    -0.102    -0.17    1.40
  35037.722    -0.222    -0.42    1.18
  35323.032     0.209     1.51    2.13
  35608.330     1.958     6.13    5.27
  35893.617     6.320    15.29   11.70
  36178.893    15.110    30.81   22.41
  36464.156    25.731    37.23   27.79
  36749.409    38.718    45.53   30.63
  37034.650    55.140    57.57   35.27
  37320.671    75.711    71.92   42.46
  37608.481   102.354    92.57   56.87
  37896.278   136.744   119.49   73.24
  38184.063   166.928   104.88   74.79
  38471.835   191.641    85.87   68.07
  38759.595   198.851    25.06   61.40
  39047.342   197.810    -3.62   65.52
  39335.077   181.671   -56.09   73.41
  39622.799   157.547   -83.84   68.50
  39910.508   140.822   -58.13   53.75
  40198.206   138.118    -9.40   59.63
  40485.890   151.527    46.61   79.68
  40773.563   176.643    87.31   92.15
  41061.222   213.627   128.57   96.70
  41348.870   248.849   122.45   85.30
  41636.505   263.004    49.21   67.58
  41924.127   260.789    -7.70   62.88
  42211.737   243.026   -61.76   68.48
  42499.334   212.922  -104.67   80.60
  42786.919   183.536  -102.18   77.39
  43074.491   162.284   -73.90   59.92
  43362.051   150.040   -42.58   45.26
  43649.599   152.451     8.38   45.11
  43937.134   163.396    38.07   51.54
  44224.657   182.882    67.77   58.58
  44512.167   203.864    72.98   60.26
  44799.664   221.481    61.28   65.54
  45087.150   242.183    72.01   68.44
  45374.622   260.282    62.96   66.49
  45662.083   279.783    67.84   60.72
  45949.531   288.150    29.11   57.12
  46236.966   294.167    20.93   65.04
  46524.389   295.229     3.70   77.76
  46811.800   292.636    -9.02   85.82
  47099.198   281.951   -37.18   88.80
  47386.583   270.574   -39.59   81.70
  47673.957   259.596   -38.20   67.55
  47961.317   256.155   -11.97   54.71
  48248.666   266.264    35.18   56.84
  48536.002   281.593    53.35   62.89
  48823.325   307.820    91.28   73.38
  49110.636   332.413    85.60   72.75
  49397.935   363.722   108.98   74.54
  49685.221   388.861    87.50   77.41
  49972.495   428.334   137.40   85.39
  50259.756   460.172   110.83   88.60
  50547.005   495.320   122.36   85.20
  50834.242   524.658   102.14   75.37
  51121.466   543.989    67.30   56.64
  51408.678   549.065    17.67   46.71
  51695.877   545.750   -11.54   50.26
  51983.064   535.335   -36.27   56.28
  52270.239   524.739   -36.90   56.92
  52557.401   509.530   -52.96   53.23
  52844.550   501.478   -28.04   46.83
  53131.688   489.821   -40.60   46.17
  53418.813   477.799   -41.87   52.34
  53705.925   461.456   -56.92   61.25
  53993.025   439.508   -76.45   68.12
  54280.113   417.078   -78.13   71.52
  54567.189   392.110   -86.97   77.99
  54854.252   362.332  -103.73   78.11
  55141.302   341.235   -73.49   71.67
  55428.340   320.770   -71.30   59.51
  55715.366   309.958   -37.67   49.75
  56002.380   306.426   -12.31   48.75
  56289.381   311.825    18.81   56.42
  56576.369   326.154    49.93   66.20
  56863.346   341.748    54.34   67.00
  57150.310   352.534    37.59   61.87
  57437.261   351.848    -2.39   61.76
  57724.201   350.758    -3.80   55.39
  58011.128   350.334    -1.48   53.41
  58298.042   353.538    11.16   51.55
  58584.944   364.751    39.08   52.43
  58871.834   371.815    24.62   51.52
  59158.711   377.544    19.97   48.95
  59445.577   367.262   -35.84   55.80
  59732.429   350.447   -58.61   64.47
  60019.270   325.596   -86.64   60.35
  60306.098   306.300   -67.27   47.33
  60592.913   296.868   -32.89   35.59
  60879.717   299.332     8.59   36.15
  61166.508   308.996    33.70   35.96
  61453.286   314.944    20.74   29.69
  61740.053   315.522     2.02   30.10
  62026.807   307.989   -26.27   38.08
  62313.549   294.134   -48.32   44.56
  62600.278   275.515   -64.93   45.49
  62886.995   258.063   -60.87   42.09
  63173.700   246.966   -38.70   36.49
  63460.392   241.004   -20.80   37.40
  63747.072   237.443   -12.42   35.09
  64033.740   235.209    -7.79   36.92
  64320.395   231.762   -12.03   33.58
  64607.038   229.325    -8.50   34.04
  64893.669   222.057   -25.35   31.14
  65180.287   215.846   -21.67   31.52
  65466.893   207.430   -29.36   31.63
  65753.487   198.920   -29.69   30.57
  66040.069   188.144   -37.60   30.86
  66326.638   179.714   -29.42   29.25
  66613.195   169.681   -35.01   29.09
  66899.740   162.248   -25.94   26.62
  67186.272   155.077   -25.03   26.04
  67472.792   147.966   -24.82   21.17
  67759.300   142.327   -19.68   19.55
  68045.795   136.034   -21.96   15.46
  68332.278   131.386   -16.23   14.72
  68618.749   126.378   -17.48   12.74
  68905.208   122.944   -11.99   12.36
  69191.654   117.775   -18.04    9.97
  69478.088   114.534   -11.32    8.43
  69764.510   112.222    -8.07    6.52
  70050.919   113.958     6.06   10.86
  70337.316   120.937    24.36   21.50
  70623.701   132.256    39.52   31.87
  70910.074   147.208    52.21   36.59
  71196.434   162.172    52.26   35.05
  71482.782   175.199    45.49   31.24
  71769.118   186.163    38.29   26.43
  72055.441   194.004    27.38   26.31
  72341.753   200.330    22.09   26.43
  72628.052   204.396    14.20   28.00
  72914.338   214.496    35.28   28.08
  73200.613   222.580    28.24   33.12
  73486.875   231.034    29.53   37.32
  73773.125   234.967    13.74   40.85
  74059.363   233.778    -4.15   44.47
  74345.588   227.413   -22.24   49.03
  74631.801   216.522   -38.05   49.77
  74918.002   203.807   -44.42   43.84
  75204.191   194.878   -31.20   36.54
  75490.368   188.573   -22.03   30.49
  75776.532   193.526    17.31   38.45
  76062.684   194.683     4.04   43.82
  76348.824   201.651    24.35   51.49
