-113351.881    89.861     0.00   14.95
-113066.170    91.316     5.09   16.44
-112780.444    90.079    -4.33   17.66
-112494.705    90.459     1.33   17.06
-112208.952    90.898     1.54   16.29
-111923.185    91.174     0.97   14.34
-111637.404    89.101    -7.25   12.10
-111351.610    88.935    -0.58    9.99
-111065.801    89.374     1.53    8.47
-110779.978    92.330    10.34    9.49
-110494.142    96.495    14.57   12.03
-110208.292   101.440    17.30   13.42
-109922.428   107.636    21.67   15.22
-109636.550   114.492    23.98   15.64
-109350.658   121.518    24.57   17.87
-109064.752   131.560    35.12   23.91
-108778.832   143.486    41.71   31.88
-108492.899   159.507    56.03   40.28
-108206.951   173.308    48.26   42.80
-107920.990   181.507    28.67   39.41
-107635.014   188.217    23.46   36.04
-107349.025   191.567    11.71   35.17
-107063.022   191.589     0.08   34.14
-106777.005   190.429    -4.06   33.47
-106490.973   185.419   -17.52   35.75
-106204.928   185.248    -0.59   37.91
-105918.870   186.353     3.86   42.26
-105632.797   188.310     6.84   44.56
-105346.710   193.958    19.74   49.98
-105060.609   209.977    55.99   62.49
-104774.495   231.394    74.85   64.86
-104488.366   249.853    64.51   59.69
-104202.223   262.341    43.64   54.78
-103916.067   277.081    51.51   55.51
-103629.897   294.349    60.34   59.15
-103343.712   307.797    46.99   57.65
-103057.514   316.521    30.48   52.13
-102771.302   323.705    25.10   47.62
-102485.075   339.499    55.18   50.73
-102198.835   356.256    58.54   58.23
-101912.581   354.063    -7.66   68.60
-101626.313   366.480    43.37   75.35
-101340.031   386.733    70.74   75.70
-101053.735   409.705    80.23   66.55
-100767.425   419.009    32.50   58.59
-100481.101   420.763     6.13   60.00
-100194.763   425.105    15.16   63.10
 -99908.411   430.150    17.62   61.45
 -99622.045   430.263     0.40   62.80
 -99335.665   419.471   -37.68   64.38
 -99049.271   407.550   -41.62   65.92
 -98762.863   383.739   -83.13   66.96
 -98476.441   353.605  -105.20   70.60
 -98190.005   326.030   -96.27   72.20
 -97903.555   302.683   -81.50   70.23
 -97617.091   276.845   -90.19   60.37
 -97330.613   263.620   -46.16   53.25
 -97044.121   258.785   -16.88   49.21
 -96757.615   256.345    -8.52   45.66
 -96471.095   265.918    33.41   50.76
 -96184.561   282.358    57.38   58.12
 -95898.013   311.381   101.28   65.83
 -95611.451   335.794    85.19   66.65
 -95324.875   358.191    78.15   65.71
 -95038.285   369.619    39.88   62.12
 -94751.681   385.565    55.64   54.13
 -94465.063   391.907    22.13   51.03
 -94178.431   392.058     0.52   52.23
 -93891.785   382.943   -31.80   49.69
 -93605.125   382.714    -0.80   46.21
 -93318.450   374.018   -30.33   45.22
 -93031.762   362.917   -38.72   40.69
 -92745.060   351.965   -38.20   46.33
 -92458.343   332.331   -68.48   55.55
 -92171.613   310.130   -77.43   57.31
 -91884.868   289.411   -72.25   58.70
 -91598.110   281.830   -26.44   63.36
 -91311.337   275.328   -22.67   64.10
 -91024.550   270.702   -16.13   62.66
 -90737.750   264.200   -22.67   59.73
 -90450.935   254.551   -33.64   51.29
 -90164.106   242.792   -40.99   47.30
 -89877.263   238.302   -15.65   42.68
 -89590.406   242.943    16.18   40.63
 -89303.535   249.358    22.36   39.45
 -89016.650   260.371    38.39   39.42
 -88729.751   274.192    48.17   43.32
 -88442.837   290.742    57.68   37.88
 -88155.910   301.279    36.72   32.21
 -87868.968   304.589    11.54   32.55
 -87582.013   295.651   -31.15   41.36
 -87295.043   284.469   -38.96   44.60
 -87008.059   271.781   -44.21   42.10
 -86721.061   262.785   -31.35   39.56
 -86434.049   257.620   -17.99   43.58
 -86147.023   259.574     6.81   49.34
 -85859.983   261.324     6.10   51.41
 -85572.929   261.887     1.96   49.97
 -85285.860   250.902   -38.26   54.38
 -84998.778   239.902   -38.32   54.18
 -84711.681   221.767   -63.16   49.92
 -84424.571   202.925   -65.63   44.79
 -84137.446   183.619   -67.24   38.42
 -83850.307   166.995   -57.89   33.86
 -83563.153   153.740   -46.16   29.17
 -83275.986   144.433   -32.41   23.11
 -82988.805   139.680   -16.55   18.26
 -82701.609   140.155     1.66   18.80
 -82414.400   146.332    21.51   28.19
 -82127.176   156.345    34.86   37.28
 -81839.938   165.672    32.47   38.88
 -81552.686   170.189    15.72   37.02
 -81265.420   173.574    11.78   34.09
 -80978.139   178.101    15.76   32.36
 -80690.845   181.833    12.99   31.69
 -80403.536   188.521    23.28   32.51
 -80116.213   201.135    43.90   39.21
 -79828.876   219.127    62.61   45.89
 -79541.525   240.628    74.82   53.55
 -79254.159   260.395    68.79   56.37
 -78966.780   284.089    82.45   59.93
 -78679.386   308.104    83.56   69.74
 -78391.978   337.093   100.86   85.38
 -78104.556   361.403    84.58   95.50
 -77817.120   383.789    77.88   99.99
 -77529.670   391.918    28.28   98.37
 -77242.205   391.605    -1.09   92.26
 -76954.726   378.498   -45.59   89.35
 -76667.233   357.604   -72.67   94.12
 -76379.726   338.681   -65.82   89.55
 -76092.205   329.529   -31.83   77.80
 -75804.669   318.880   -37.03   57.54
 -75517.120   309.243   -33.51   44.85
 -75229.556   297.152   -42.05   41.38
 -74941.977   294.063   -10.74   45.41
 -74654.385   290.784   -11.40   50.47
 -74366.779   270.470   -70.63   61.97
 -74079.158   247.144   -81.10   69.25
 -73791.523   221.923   -87.68   66.78
 -73503.873   206.922   -52.15   62.55
 -73216.210   198.283   -30.03   50.64
 -72928.532   195.414    -9.98   43.74
 -72640.841   205.188    33.97   48.02
 -72353.134   227.139    76.30   58.07
 -72065.414   253.847    92.82   62.30
 -71777.679   274.818    72.88   59.29
 -71489.931   303.543    99.82   59.37
 -71202.168   327.469    83.14   64.26
 -70914.390   355.981    99.08   66.42
 -70626.599   370.837    51.62   65.06
 -70338.793   387.405    57.56   65.58
 -70050.973   398.266    37.74   64.93
 -69763.139   419.253    72.91   65.87
 -69475.290   433.243    48.60   64.32
 -69187.427   440.364    24.74   64.48
 -68899.550   444.634    14.83   64.86
 -68611.659   452.535    27.44   57.05
 -68323.753   452.970     1.51   53.13
 -68035.833   452.712    -0.90   49.66
 -67747.899   450.627    -7.24   51.61
 -67459.951   448.291    -8.11   57.61
 -67171.988   436.956   -39.36   62.29
 -66884.011   421.770   -52.73   61.99
 -66596.020   414.997   -23.52   63.03
 -66308.015   400.822   -49.21   68.95
 -66020.756   384.258   -57.66   71.58
 -65735.679   369.770   -50.82   67.12
 -65450.590   355.261   -50.89   58.53
 -65165.487   345.263   -35.07   53.60
 -64880.372   338.605   -23.35   51.61
 -64595.243   332.883   -20.07   53.80
 -64310.101   323.077   -34.39   53.03
 -64024.946   321.251    -6.41   56.26
 -63739.777   310.628   -37.25   60.74
 -63454.596   294.804   -55.48   64.62
 -63169.401   277.198   -61.73   65.14
 -62884.193   269.826   -25.85   71.90
 -62598.972   259.159   -37.40   67.91
 -62313.738   255.388   -13.22   69.12
 -62028.490   246.442   -31.36   65.82
 -61743.230   240.627   -20.38   70.63
 -61457.956   229.015   -40.70   64.27
 -61172.669   223.950   -17.76   65.40
 -60887.369   214.612   -32.73   59.42
 -60602.055   209.185   -19.02   57.31
 -60316.729   206.441    -9.62   60.17
 -60031.389   210.782    15.21   68.40
 -59746.036   207.503   -11.49   67.61
 -59460.669   205.732    -6.21   69.75
 -59175.290   200.269   -19.14   63.72
 -58889.897   195.664   -16.13   61.52
 -58604.491   186.406   -32.44   50.47
 -58319.072   180.815   -19.59   39.08
 -58033.640   176.703   -14.41   25.20
 -57748.195   181.063    15.27   22.20
 -57462.736   184.923    13.52   22.01
 -57177.264   193.604    30.41   29.83
 -56891.779   200.779    25.13   31.47
 -56606.280   214.356    47.56   36.06
 -56320.768   227.482    45.97   39.71
 -56035.243   243.514    56.15   49.99
 -55749.705   256.845    46.69   52.94
 -55464.154   272.067    53.31   64.19
 -55178.589   276.930    17.03   62.21
 -54893.011   275.256    -5.86   63.50
 -54607.420   265.411   -34.47   62.32
 -54321.816   253.026   -43.36   57.81
 -54036.198   235.097   -62.77   48.22
 -53750.567   220.412   -51.41   39.08
 -53464.923   207.212   -46.21   31.99
 -53179.266   200.063   -25.03   26.97
 -52893.595   194.062   -21.01   25.90
 -52607.911   192.649    -4.95   32.93
 -52322.214   188.628   -14.07   36.75
 -52036.504   186.182    -8.56   39.31
 -51750.780   183.706    -8.66   38.52
 -51465.043   188.604    17.14   40.93
 -51179.293   191.535    10.26   39.68
 -50893.529   196.176    16.24   39.54
 -50607.752   189.051   -24.93   42.42
 -50321.962   182.093   -24.34   47.55
 -50036.159   177.743   -15.22   48.79
 -49750.342   176.146    -5.59   50.82
 -49464.512   184.889    30.59   61.46
 -49178.669   196.439    40.41   79.68
 -48892.812   220.789    85.18   91.32
 -48606.942   248.627    97.38   84.23
 -48321.059   272.933    85.02   67.95
 -48035.163   273.791     3.00   65.68
 -47749.253   274.198     1.43   67.36
 -47463.330   269.345   -16.97   68.20
 -47177.394   259.158   -35.62   64.17
 -46891.444   260.589     5.00   68.81
 -46605.481   259.005    -5.54   65.41
 -46319.505   270.514    40.25   70.59
 -46033.515   277.235    23.50   66.14
 -45747.512   284.263    24.57   60.72
 -45461.496   287.009     9.60   57.18
 -45175.466   293.559    22.90   52.63
 -44889.423   301.978    29.43   52.50
 -44603.367   313.992    42.00   52.77
 -44317.298   321.657    26.79   53.12
 -44031.215   325.619    13.85   51.86
 -43745.119   320.258   -18.74   48.43
 -43459.009   306.032   -49.72   43.28
 -43172.886   289.375   -58.21   44.39
 -42886.750   271.322   -63.09   43.79
 -42600.600   259.574   -41.05   40.03
 -42314.437   253.582   -20.94   35.03
 -42028.261   251.334    -7.85   30.79
 -41742.072   255.274    13.77   32.08
 -41455.869   268.448    46.03   40.72
 -41169.652   285.839    60.76   50.99
 -40883.423   306.093    70.76   59.49
 -40597.179   321.868    55.11   58.97
 -40310.923   340.717    65.85   59.91
 -40024.653   354.497    48.13   58.58
 -39738.370   364.446    34.75   54.08
 -39452.074   361.874    -8.99   53.61
 -39165.764   355.514   -22.21   54.23
 -38879.440   349.451   -21.18   57.24
 -38593.104   337.507   -41.71   59.06
 -38306.754   325.589   -41.62   53.53
 -38020.390   316.360   -32.23   48.51
 -37734.014   310.101   -21.86   46.30
 -37447.623   300.501   -33.52   49.43
 -37161.220   282.628   -62.40   53.31
 -36874.803   265.752   -58.92   58.45
 -36588.373   254.529   -39.18   60.92
 -36301.929   238.448   -56.14   57.79
 -36015.472   225.335   -45.77   45.88
 -35729.001   217.582   -27.06   35.59
 -35442.517   218.333     2.62   35.55
 -35156.020   225.627    25.46   39.91
 -34869.509   239.128    47.12   52.00
 -34582.985   260.672    75.19   62.91
 -34296.447   286.864    91.41   71.37
 -34009.896   306.416    68.23   65.13
 -33723.332   311.529    17.84   60.97
 -33436.754   310.514    -3.54   59.87
 -33150.163   302.696   -27.28   66.01
 -32863.558   289.612   -45.65   69.89
 -32576.940   271.535   -63.07   71.47
 -32290.309   246.201   -88.38   55.65
 -32003.664   220.698   -88.97   45.59
 -31717.005   202.722   -62.71   36.28
 -31430.334   191.681   -38.51   31.92
 -31143.648   183.597   -28.20   30.21
 -30856.950   172.214   -39.70   27.77
 -30570.238   164.751   -26.03   24.29
 -30283.512   160.243   -15.72   21.64
 -29996.773   160.259     0.05   23.40
 -29710.021   156.605   -12.74   23.77
 -29423.255   153.410   -11.14   24.90
 -29136.475   148.475   -17.21   22.12
 -28849.682   143.186   -18.44   19.33
 -28562.876   136.620   -22.89   15.97
 -28276.056   129.856   -23.58   12.87
 -27989.223   126.097   -13.11   10.84
 -27702.376   126.910     2.84   12.00
 -27415.516   128.858     6.79   14.05
 -27128.643   128.989     0.46   15.07
 -26841.756   129.442     1.58   15.43
 -26554.855   131.597     7.51   17.39
 -26267.941   131.120    -1.66   19.41
 -25981.013   125.970   -17.95   22.65
 -25694.072   115.120   -37.81   24.31
 -25407.118   105.430   -33.77   22.65
 -25120.150    99.743   -19.82   21.59
 -24833.169    94.671   -17.67   19.75
 -24546.174    89.674   -17.41   16.65
 -24259.165    85.356   -15.04   15.14
 -23972.143    82.451   -10.12   15.23
 -23685.108    80.213    -7.79   14.26
 -23398.059    78.748    -5.10   14.06
 -23110.996    77.459    -4.49   13.45
 -22823.920    76.284    -4.09   14.41
 -22536.831    74.824    -5.08   14.80
 -22249.728    72.826    -6.96   15.25
 -21962.611    72.188    -2.22   16.19
 -21675.481    73.484     4.51   21.35
 -21388.338    74.374     3.10   25.50
 -21101.181    75.430     3.68   28.20
 -20814.010    73.797    -5.69   27.91
 -20526.826    73.649    -0.51   27.97
 -20239.629    71.966    -5.86   25.88
 -19952.417    74.171     7.68   26.05
 -19665.193    75.767     5.56   25.68
 -19377.955    78.226     8.56   25.82
 -19090.703    80.397     7.56   26.79
 -18803.438    82.656     7.86   27.63
 -18516.159    84.688     7.07   27.39
 -18228.866    84.347    -1.19   28.21
 -17941.560    82.276    -7.21   27.42
 -17654.241    86.649    15.22   29.80
 -17366.908    95.305    30.12   33.24
 -17079.561   107.074    40.96   36.72
 -16792.201   119.246    42.36   38.97
 -16504.828   130.380    38.75   38.50
 -16217.440   137.444    24.58   39.06
 -15930.039   142.845    18.79   37.90
 -15642.625   145.832    10.39   37.08
 -15355.197   146.589     2.64   37.50
 -15067.756   141.437   -17.93   41.48
 -14780.301   131.694   -33.89   43.94
 -14492.832   120.225   -39.90   42.76
 -14205.350   106.013   -49.44   42.06
 -13917.854    88.124   -62.22   43.13
 -13630.344    72.290   -55.07   40.89
 -13342.821    63.977   -28.91   38.38
 -13055.285    59.226   -16.52   37.16
 -12767.735    58.443    -2.72   37.07
 -12480.171    56.149    -7.98   38.34
 -12192.594    53.681    -8.58   39.21
 -11905.003    54.492     2.82   40.67
 -11617.398    54.181    -1.08   43.09
 -11329.780    54.567     1.34   45.40
 -11042.148    53.089    -5.14   47.10
 -10754.503    52.604    -1.69   46.98
 -10466.844    50.512    -7.28   46.72
 -10179.171    51.486     3.39   45.98
  -9891.485    50.475    -3.51   46.30
  -9603.785    52.768     7.97   49.55
  -9316.072    51.953    -2.83   51.66
  -9028.345    53.925     6.85   53.89
  -8740.604    50.864   -10.64   55.41
  -8452.850    48.828    -7.07   57.01
  -8165.082    45.935   -10.05   56.93
  -7877.300    44.256    -5.84   55.90
  -7589.505    44.862     2.11   57.00
  -7301.696    50.307    18.92   62.25
  -7013.874    57.388    24.60   67.93
  -6726.038    66.582    31.94   73.57
  -6438.188    75.186    29.89   75.67
  -6150.325    83.337    28.32   76.67
  -5862.448    83.351     0.05   75.27
  -5574.557    84.581     4.28   69.15
  -5286.653    81.379   -11.12   60.43
  -4998.735    89.343    27.66   53.24
  -4710.803    94.717    18.66   52.67
  -4422.858   109.266    50.53   48.07
  -4135.868   116.997    26.94   46.13
  -3850.733   120.643    12.79   40.94
  -3565.584   117.178   -12.15   42.67
  -3280.424   108.688   -29.77   40.88
  -2995.250    92.104   -58.15   40.08
  -2710.064    74.477   -61.81   41.72
  -2424.866    53.485   -73.60   40.73
  -2139.655    38.462   -52.67   37.59
  -1854.431    24.044   -50.55   31.28
  -1569.195    13.641   -36.47   23.70
  -1283.946     5.430   -28.79   14.30
   -998.685     0.806   -16.21    4.38
   -713.411    -0.022    -2.90    0.49
   -428.124     0.034     0.19    0.50
   -142.825     0.047     0.05    0.50
    142.486     0.010    -0.13    0.49
    427.811    -0.037    -0.17    0.48
    713.147    -0.087    -0.18    0.47
    998.497    -0.062     0.09    0.48
   1283.859    -0.057     0.02    0.48
   1569.234    -0.044     0.05    0.48
   1854.621     0.009     0.19    0.49
   2140.021     0.066     0.20    0.50
   2425.433     0.173     0.38    0.50
   2710.858     0.235     0.22    0.48
   2996.296     0.303     0.24    0.46
   3281.746     0.374     0.25    0.42
   3567.209     0.419     0.16    0.38
   3852.684     0.498     0.28    0.30
   4138.173     0.492    -0.02    0.31
   4423.673     0.505     0.05    0.29
   4709.187     0.453    -0.18    0.35
   4994.713     0.379    -0.26    0.41
   5280.251     0.313    -0.23    0.45
   5565.802     0.243    -0.24    0.48
   5851.366     0.112    -0.46    0.50
   6136.943    -0.027    -0.49    0.49
   6422.532    -0.134    -0.37    0.45
   6708.134    -0.238    -0.36    0.37
   6993.748    -0.288    -0.18    0.32
   7279.375    -0.249     0.14    0.45
   7565.015    -0.147     0.36    0.56
   7850.667    -0.102     0.16    0.58
   8136.332    -0.057     0.16    0.59
   8422.009    -0.009     0.17    0.60
   8707.700     0.028     0.13    0.61
   8993.402     0.037     0.03    0.61
   9279.118    -0.024    -0.22    0.50
   9564.846     0.010     0.12    0.49
   9850.587     0.097     0.30    0.50
  10136.341     0.198     0.36    0.49
  10422.107     0.291     0.33    0.46
  10707.886     0.435     0.50    0.44
  10993.677     0.628     0.67    0.46
  11279.481     0.849     0.77    0.57
  11565.298     1.029     0.63    0.79
  11851.127     1.271     0.85    1.02
  12136.970     1.535     0.92    1.21
  12422.825     1.828     1.02    1.38
  12708.692     2.135     1.07    1.47
  12994.572     2.430     1.03    1.56
  13280.465     2.824     1.38    1.55
  13566.371     3.135     1.09    1.57
  13852.289     3.435     1.05    1.46
  14138.220     3.543     0.38    1.31
  14424.164     3.434    -0.38    1.36
  14710.120     3.374    -0.21    1.44
  14996.089     3.108    -0.93    1.65
  15282.071     3.112     0.01    1.75
  15568.065     2.875    -0.83    1.84
  15854.072     2.856    -0.07    1.94
  16140.092     2.960     0.36    1.98
  16426.125     3.062     0.36    1.92
  16712.170     3.239     0.62    2.04
  16998.228     3.435     0.69    2.30
  17284.298     3.933     1.74    2.86
  17570.382     4.465     1.86    3.41
  17856.478     5.589     3.93    4.48
  18142.587     7.385     6.28    6.08
  18428.708     9.687     8.05    7.60
  18714.843    12.948    11.40    9.18
  19000.990    16.834    13.58    9.99
  19287.149    21.854    17.54   12.09
  19573.322    28.782    24.21   14.41
  19859.507    36.021    25.30   16.10
  20145.705    43.700    26.83   19.04
  20431.915    52.429    30.50   20.12
  20718.139    60.989    29.91   19.05
  21004.375    68.490    26.20   16.87
  21290.624    77.078    30.00   17.15
  21576.885    86.597    33.25   20.01
  21863.160    96.345    34.05   22.31
  22149.447   104.336    27.91   23.37
  22435.747   108.030    12.90   22.22
  22722.059   107.962    -0.23   22.39
  23008.385   102.397   -19.44   25.76
  23294.723    93.740   -30.23   28.08
  23581.074    83.443   -35.96   30.39
  23867.437    71.918   -40.25   30.06
  24153.814    59.887   -42.01   25.90
  24440.203    50.226   -33.73   17.72
  24726.605    46.582   -12.73   11.58
  25013.019    49.988    11.89   16.88
  25299.447    57.833    27.39   24.77
  25585.887    71.456    47.56   31.65
  25872.340    86.261    51.68   33.36
  26158.806   102.559    56.89   35.02
  26445.284   119.657    59.68   41.03
  26731.776   137.142    61.03   45.44
  27018.280   149.847    44.35   44.38
  27304.797   159.286    32.94   43.73
  27591.326   163.734    15.53   40.13
  27877.869   157.495   -21.78   41.92
  28164.424   147.058   -36.42   44.88
  28450.992   128.244   -65.66   45.59
  28737.573   111.330   -59.02   44.33
  29024.167    95.338   -55.80   39.25
  29310.773    80.235   -52.69   26.50
  29597.393    71.822   -29.35   16.31
  29884.025    69.797    -7.07   15.44
  30170.670    70.034     0.83   19.52
  30457.327    69.445    -2.05   20.58
  30743.998    67.325    -7.40   20.25
  31030.681    64.718    -9.09   18.37
  31317.377    61.834   -10.06   15.13
  31604.086    59.067    -9.65   12.26
  31890.808    55.116   -13.78    9.15
  32177.543    52.923    -7.65    8.12
  32464.290    50.858    -7.20    8.18
  32751.051    48.612    -7.83    8.11
  33037.824    46.322    -7.98    7.22
  33324.610    43.915    -8.39    5.43
  33611.408    42.001    -6.67    4.57
  33898.220    40.792    -4.22    4.73
  34185.044    39.843    -3.31    4.88
  34471.882    39.657    -0.65    5.08
  34758.732    38.811    -2.95    5.38
  35045.595    37.004    -6.30    5.50
  35332.471    34.958    -7.13    4.45
  35619.359    33.829    -3.94    3.44
  35906.261    33.020    -2.82    2.86
  36193.175    32.464    -1.94    2.04
  36480.102    32.215    -0.87    1.66
  36767.043    31.970    -0.85    1.12
  37053.995    31.794    -0.61    0.73
  37340.961    31.664    -0.45    0.28
  37627.940    31.711     0.16    0.39
  37914.931    31.878     0.58    0.70
  38201.936    32.185     1.07    1.10
  38488.953    32.481     1.03    1.43
  38775.983    32.809     1.14    1.67
  39063.026    33.465     2.29    2.02
  39350.082    35.017     5.40    3.44
  39637.151    37.045     7.06    5.23
  39924.233    40.351    11.52    7.87
  40211.327    44.060    12.92   10.30
  40498.435    49.537    19.08   14.25
  40785.555    54.985    18.98   17.14
  41072.688    61.424    22.43   20.41
  41359.834    66.440    17.47   22.17
  41646.993    68.892     8.54   22.51
  41934.165    70.425     5.34   22.23
  42221.350    71.768     4.68   22.11
  42508.548    73.200     4.98   21.66
  42795.758    70.851    -8.18   19.69
  43082.982    69.856    -3.46   17.26
  43370.218    69.026    -2.89   15.46
  43657.467    70.864     6.40   15.17
  43944.730    73.108     7.81   15.37
  44232.005    76.274    11.02   17.85
  44519.293    80.724    15.49   19.45
  44806.594    88.104    25.69   22.96
  45093.908    96.367    28.76   25.60
  45381.235   104.688    28.96   29.06
  45668.574   113.206    29.64   35.87
  45955.927   120.727    26.17   41.71
  46243.293   131.369    37.03   47.54
  46530.671   143.968    43.84   53.71
  46818.063   154.604    37.01   55.83
  47105.467   158.218    12.57   56.80
  47392.884   161.597    11.76   55.64
  47680.315   158.973    -9.13   48.41
  47967.758   163.312    15.10   46.96
  48255.214   163.489     0.62   41.41
  48542.683   171.546    28.03   43.53
  48830.165   176.604    17.60   44.63
  49117.660   188.987    43.07   52.67
  49405.168   204.405    53.63   66.22
  49692.689   225.213    72.37   80.40
  49980.223   257.289   111.56   91.19
  50267.770   288.723   109.32   94.05
  50555.329   330.383   144.88   93.87
  50842.902   363.241   114.26   95.39
  51130.488   403.756   140.88   93.15
  51418.087   431.256    95.62   96.21
  51705.698   460.055   100.13   89.02
  51993.323   479.010    65.90   91.57
  52280.961   496.498    60.80   90.34
  52568.611   500.400    13.56   94.26
  52856.275   509.089    30.21   96.62
  53143.951   517.933    30.74   93.04
  53431.641   534.892    58.95   88.56
  53719.343   550.415    53.96   82.52
  54007.059   574.760    84.62   80.20
  54294.787   592.215    60.67   73.38
  54582.529   610.553    63.73   80.60
  54870.283   614.294    13.00   80.08
  55158.051   609.814   -15.57   81.72
  55445.831   597.453   -42.95   84.39
  55733.625   578.530   -65.75   80.81
  56021.431   558.081   -71.05   70.90
  56309.251   539.380   -64.98   61.79
  56597.083   529.059   -35.86   57.15
  56884.929   514.952   -49.01   57.75
  57172.787   509.347   -19.47   54.38
  57460.659   497.234   -42.08   58.57
  57747.416   489.412   -27.28   60.60
  58032.620   470.930   -64.80   66.76
  58317.837   453.978   -59.44   68.92
  58603.065   436.019   -62.97   67.31
  58888.306   422.305   -48.08   63.47
  59173.558   405.012   -60.62   57.99
  59458.823   399.890   -17.95   52.67
  59744.099   400.945     3.70   50.83
  60029.387   406.746    20.33   50.40
  60314.688   406.948     0.71   47.45
  60600.000   401.509   -19.07   55.30
  60885.324   392.839   -30.38   59.97
  61170.660   380.046   -44.84   59.94
  61456.008   366.166   -48.64   58.71
  61741.369   361.450   -16.53   62.33
  62026.741   361.910     1.61   74.69
  62312.125   378.507    58.16   90.53
  62597.521   406.566    98.32   92.55
  62882.929   425.470    66.24   97.46
  63168.349   446.231    72.74   96.25
  63453.781   456.416    35.68   93.36
  63739.224   469.296    45.12   95.81
  64024.680   467.978    -4.62   88.01
  64310.148   463.797   -14.65   86.58
  64595.628   450.131   -47.87   82.18
  64881.120   430.818   -67.65   82.36
  65166.624   406.381   -85.59   80.34
  65452.140   372.847  -117.46   81.54
  65737.668   337.795  -122.76   85.08
  66023.208   302.619  -123.19   77.78
  66308.759   280.854   -76.22   65.65
  66594.323   267.112   -48.13   53.87
  66879.899   270.149    10.64   56.21
  67165.487   285.458    53.61   67.70
  67451.087   316.747   109.56   78.41
  67736.699   348.036   109.55   73.09
  68022.323   378.906   108.08   62.04
  68307.958   396.551    61.78   45.75
  68593.606   398.309     6.15   39.17
  68879.266   392.226   -21.30   42.41
  69164.938   369.962   -77.94   55.83
  69450.622   337.235  -114.56   73.42
  69736.318   298.619  -135.17   84.43
  70022.026   254.910  -152.99   86.85
  70307.746   221.256  -117.79   74.95
  70593.478   199.074   -77.63   57.04
  70879.222   190.935   -28.48   48.14
  71164.979   199.604    30.34   57.24
  71450.747   216.370    58.67   70.51
  71736.527   242.655    91.98   77.76
  72022.319   272.779   105.41   77.99
  72308.123   298.429    89.75   78.05
  72593.940   327.415   101.42   75.93
  72879.768   345.308    62.60   79.65
  73165.608   368.828    82.28   77.53
  73451.461   382.709    48.56   79.95
  73737.325   402.880    70.57   75.91
  74023.202   421.938    66.66   71.31
  74309.091   444.514    78.97   66.08
  74594.991   471.597    94.73   61.78
  74880.904   494.553    80.29   54.79
  75166.829   509.142    51.03   45.32
  75452.765   509.847     2.46   41.74
  75738.714   508.397    -5.07   46.02
  76024.675   492.972   -53.94   56.47
  76310.648   473.727   -67.30   64.46
  76596.633   448.619   -87.79   61.18
  76882.631   425.566   -80.61   60.24
  77168.640   409.209   -57.19   55.92
  77454.661   401.228   -27.90   55.59
  77740.694   399.035    -7.67   55.44
  78026.740   410.034    38.45   59.83
  78312.797   420.559    36.80   59.07
  78598.867   425.728    18.07   55.72
  78884.949   425.835     0.37   57.10
  79171.042   409.988   -55.39   67.56
  79457.148   385.748   -84.73   80.51
  79743.266   352.347  -116.74   85.62
  80029.396   313.505  -135.75   80.96
  80315.538   279.419  -119.12   64.92
  80601.693   262.983   -57.44   50.63
  80887.859   254.744   -28.79   38.52
  81174.037   256.695     6.82   35.91
  81460.228   267.726    38.55   41.90
  81746.431   289.567    76.32   47.07
  82032.645   313.006    81.89   49.65
  82318.872   334.053    73.54   52.97
  82605.111   354.717    72.19   54.79
  82891.362   372.171    60.98   52.51
  83177.625   384.612    43.46   49.49
  83463.901   395.019    36.35   47.86
  83750.188   390.703   -15.08   56.27
  84036.488   383.042   -26.76   65.43
  84322.799   375.529   -26.24   66.52
  84609.123   364.517   -38.46   59.85
  84895.459   359.597   -17.18   49.32
  85181.807   357.261    -8.16   38.75
  85468.167   361.887    16.15   33.03
  85754.539   366.438    15.89   29.28
  86040.924   369.545    10.85   26.72
  86327.320   373.582    14.09   26.73
  86613.729   374.678     3.83   31.30
  86900.150   377.093     8.43   34.26
  87186.582   378.295     4.20   35.75
  87473.028   377.923    -1.30   36.14
  87759.485   371.539   -22.29   39.99
  88045.954   363.711   -27.32   41.25
  88332.436   354.037   -33.77   45.77
  88618.929   342.414   -40.57   48.19
  88905.435   332.483   -34.66   48.41
  89191.953   316.517   -55.73   49.84
  89478.483   302.332   -49.51   46.62
  89765.025   286.204   -56.28   47.68
  90051.580   272.968   -46.19   41.36
  90338.147   261.045   -41.61   37.73
  90624.725   250.377   -37.23   31.94
  90911.316   243.372   -24.44   27.93
  91197.919   238.356   -17.50   22.90
  91484.535   240.441     7.27   25.47
  91771.162   240.849     1.42   27.34
  92057.802   245.718    16.99   33.05
  92344.453   247.479     6.14   38.06
  92631.117   245.903    -5.50   39.92
  92917.793   245.246    -2.29   42.71
  93204.482   236.012   -32.21   39.28
  93491.182   231.891   -14.38   40.05
  93777.895   224.392   -26.15   37.47
  94064.620   220.797   -12.54   34.18
  94351.357   214.070   -23.46   31.14
  94638.106   211.305    -9.64   31.46
  94924.867   205.177   -21.37   30.34
  95211.641   202.672    -8.74   32.15
  95498.427   194.051   -30.06   26.74
  95785.225   191.759    -7.99   27.18
  96072.035   186.928   -16.84   25.47
  96358.858   186.345    -2.03   28.29
  96645.692   189.493    10.98   33.67
  96932.539   194.973    19.10   42.28
  97219.398   198.662    12.86   44.72
  97506.269   193.970   -16.36   42.38
  97793.153   192.722    -4.35   41.78
  98080.048   185.673   -24.57   33.92
  98366.956   188.404     9.52   35.16
  98653.876   190.460     7.17   37.11
  98940.809   197.633    25.00   41.87
  99227.753   210.392    44.47   44.66
  99514.710   226.207    55.11   44.96
  99801.679   240.339    49.25   41.32
 100088.660   251.480    38.82   36.31
 100375.654   257.833    22.14   34.09
