# NaN NaN NaN ;Mean Elev.(m), Avg Gradient(m/km), RMS Gradient(m/km) - SRTM1     
#   13.843   0.382   1.648 ;Mean Elev.(m), Avg Gradient(m/km), RMS Gradient(m/km) - ASTER GDEM
#    0.884  -0.190   0.902 ;Mean Elev.(m), Avg Gradient(m/km), RMS Gradient(m/km) - GMTED2010 
   1     4.473 54666.89900608 40.29 196.055777  62.117255  5.199 -100.00 -100.00 -100.00
   1     4.704 54666.89900667 39.63 196.060576  62.118617   -100 -100.00 -100.00 -100.00
   1     4.551 54666.89900726 41.16 196.065375  62.119979 19.570 -100.00 -100.00 -100.00
   2     7.409 54676.81465036 36.38 196.052610  62.117832   -100  245.32  250.44  247.31
   2     4.455 54676.81465095 38.44 196.057409  62.119194  4.874  245.32  250.44  247.31
   2     4.689 54676.81465154 36.88 196.062208  62.120556   -100  245.32  250.44  247.31
   3     3.063 54686.73029379 19.70 196.053515  62.120047  4.599  244.50  246.88  246.18
   3     4.931 54686.73029438 27.64 196.058314  62.121409 13.036  244.50  246.88  246.18
   3     4.475 54686.73029497 29.06 196.063114  62.122771 17.656  244.50  246.88  246.18
   4     4.919 54696.64593483 47.13 196.050421  62.119797 13.243 -100.00 -100.00 -100.00
   4     5.006 54696.64593542 47.90 196.055219  62.121159   -100 -100.00 -100.00 -100.00
   4     5.087 54696.64593601 52.88 196.060018  62.122521  2.520 -100.00 -100.00 -100.00
   5     4.846 54706.56157521 34.56 196.053227  62.118887 31.588  237.73  239.21  239.65
   5     5.108 54706.56157580 37.53 196.058025  62.120249   -100  237.73  239.21  239.65
   5     5.102 54706.56157639 34.24 196.062824  62.121611   -100  237.73  239.21  239.65
   6     4.350 54716.47722714 36.12 196.053670  62.116913   -100 -100.00 -100.00 -100.00
   6     4.468 54716.47722773 42.02 196.058468  62.118275   -100 -100.00 -100.00 -100.00
   6     4.664 54716.47722832 41.13 196.063267  62.119637   -100 -100.00 -100.00 -100.00
   7     5.817 54726.39287672 39.39 196.054764  62.115262   -100  240.79  244.85  244.26
   7     4.975 54726.39287731 40.34 196.059562  62.116623 31.165  240.79  244.85  244.26
   7     5.337 54726.39287790 41.38 196.064361  62.117985   -100  240.79  244.85  244.26
   7     5.434 54726.39287849 41.29 196.069159  62.119346 32.020  240.79  244.85  244.26
   8     5.872 54736.30852486 34.52 196.055835  62.115935   -100  235.99  239.45  240.31
   8     4.507 54736.30852545 32.51 196.060633  62.117297 24.550  235.99  239.45  240.31
   8     4.419 54736.30852604 38.46 196.065432  62.118659   -100  235.99  239.45  240.31
   9     7.566 54746.22417201 30.47 196.051880  62.117275 12.710  243.86  245.53  248.12
   9     5.994 54746.22417260 30.74 196.056678  62.118637 17.713  243.86  245.53  248.12
   9     4.103 54746.22417319 33.80 196.061478  62.119999 25.524  243.86  245.53  248.12
   9     4.361 54746.22417378 37.95 196.066277  62.121360   -100  243.86  245.53  248.12
  10     3.080 54756.13981927 38.51 196.052449  62.119562   -100  247.51  248.03  249.64
  10     2.847 54756.13981986 38.67 196.057248  62.120924   -100  247.51  248.03  249.64
  10     2.848 54756.13982045 39.25 196.062048  62.122286   -100  247.51  248.03  249.64
  11     3.780 54766.05546478 36.72 196.054046  62.119644 29.837  249.14  249.54  250.44
  11     3.823 54766.05546537 33.05 196.058846  62.121006 17.888  249.14  249.54  250.44
  11     3.842 54766.05546596 32.83 196.063646  62.122367 15.673  249.14  249.54  250.44
  12     6.157 54775.97110661 23.85 196.052792  62.116536  5.097 -100.00 -100.00 -100.00
  12     5.536 54775.97110720 24.48 196.057591  62.117898  6.220 -100.00 -100.00 -100.00
  12     4.174 54775.97110779 26.68 196.062391  62.119260  9.559 -100.00 -100.00 -100.00
  12     4.486 54775.97110838 25.02 196.067191  62.120621  6.757 -100.00 -100.00 -100.00
  13     6.143 54785.88674658 22.62 196.056368  62.115075  4.645 -100.00 -100.00 -100.00
  13     5.995 54785.88674717 21.64 196.061167  62.116437  3.495 -100.00 -100.00 -100.00
  13     6.186 54785.88674776 21.92 196.065967  62.117798  4.165 -100.00 -100.00 -100.00
  14     6.365 54795.80238513 21.57 196.057826  62.115239  3.583  249.35  248.22  243.40
  14     6.403 54795.80238572 21.59 196.062625  62.116601  4.147  249.35  248.22  243.40
  14     6.102 54795.80238631 21.54 196.067425  62.117962  4.259  249.35  248.22  243.40
  15     6.070 54805.71802274 18.83 196.055033  62.116159  3.303  246.33  247.84  242.09
  15     5.976 54805.71802334 19.06 196.059832  62.117521  3.115  246.33  247.84  242.09
  15     6.340 54805.71802393 18.61 196.064632  62.118883  2.695  246.33  247.84  242.09
  16     6.661 54815.63365996 18.89 196.054262  62.117222  3.821  246.34  244.55  237.59
  16     6.793 54815.63366055 18.86 196.059061  62.118584  4.162  246.34  244.55  237.59
  16     6.188 54815.63366114 18.43 196.063860  62.119946  3.370  246.34  244.55  237.59
  17     6.210 54825.54930681 13.49 196.054154  62.118044  3.484  240.92  237.34  224.33
  17     5.823 54825.54930740 13.29 196.058953  62.119406  3.269  240.92  237.34  224.33
  17     5.646 54825.54930799 13.10 196.063752  62.120768  2.962  240.92  237.34  224.33
  18     6.525 54835.46494595 13.02 196.051746  62.117416  2.783 -100.00 -100.00 -100.00
  18     6.141 54835.46494654 12.93 196.056544  62.118778  2.427 -100.00 -100.00 -100.00
  18     5.752 54835.46494713 12.88 196.061344  62.120140  2.520 -100.00 -100.00 -100.00
  18     5.776 54835.46494772 12.92 196.066143  62.121502  2.381 -100.00 -100.00 -100.00
  19     6.450 54845.38059587 13.46 196.052965  62.118677  2.833  237.69  235.13  220.56
  19     6.687 54845.38059646 13.25 196.057764  62.120039  2.413  237.69  235.13  220.56
  19     6.321 54845.38059705 13.11 196.062564  62.121400  2.609  237.69  235.13  220.56
  20     6.928 54855.29624494 11.64 196.052314  62.120007  2.501  217.81  214.97  200.60
  20     6.573 54855.29624553 11.71 196.057113  62.121369  2.563  217.81  214.97  200.60
  20     6.525 54855.29624612 11.53 196.061913  62.122731  2.433  217.81  214.97  200.60
  21     7.124 54865.21189357 11.72 196.048243  62.120792  2.735  214.25  206.06  192.07
  21     7.104 54865.21189416 11.58 196.053043  62.122154  2.599  214.25  206.06  192.07
  21     6.729 54865.21189475 11.59 196.057843  62.123515  2.363  214.25  206.06  192.07
  21     6.027 54865.21189534 11.45 196.062643  62.124877  2.741  214.25  206.06  192.07
  22     6.912 54875.12754244 10.90 196.050167  62.121901  2.456  222.90  222.69  207.24
  22     6.863 54875.12754303 10.93 196.054967  62.123263  2.401  222.90  222.69  207.24
  22     6.644 54875.12754362 10.90 196.059767  62.124625  2.459  222.90  222.69  207.24
  23     7.568 54885.04318830 10.69 196.051768  62.121085  2.286  219.91  221.27  209.71
  23     6.859 54885.04318889 10.81 196.056568  62.122447  2.479  219.91  221.27  209.71
  23     6.741 54885.04318948 10.77 196.061369  62.123809  2.157  219.91  221.27  209.71
  24     7.338 54894.95883029 11.37 196.051159  62.118338  2.290  222.60  225.23  215.35
  24     7.021 54894.95883088 11.41 196.055958  62.119700  2.382  222.60  225.23  215.35
  24     6.648 54894.95883147 11.37 196.060758  62.121061  2.450  222.60  225.23  215.35
  24     6.848 54894.95883206 11.27 196.065559  62.122423  2.222  222.60  225.23  215.35
  25     6.950 54904.87447040 12.72 196.056802  62.117894  2.431 -100.00 -100.00 -100.00
  25     7.104 54904.87447099 12.63 196.061602  62.119256  2.351 -100.00 -100.00 -100.00
  25     6.650 54904.87447158 12.75 196.066403  62.120617  2.593 -100.00 -100.00 -100.00
  26     7.535 54914.79010831 12.82 196.052975  62.116409  3.013 -100.00 -100.00 -100.00
  26     7.555 54914.79010890 12.65 196.057774  62.117770  2.534 -100.00 -100.00 -100.00
  26     6.823 54914.79010949 12.71 196.062574  62.119132  2.831 -100.00 -100.00 -100.00
  26     6.991 54914.79011008 12.60 196.067375  62.120493  2.532 -100.00 -100.00 -100.00
  27     7.492 54924.70574636 11.17 196.053052  62.117354  2.789 -100.00 -100.00 -100.00
  27     6.945 54924.70574695 11.10 196.057852  62.118715  2.431 -100.00 -100.00 -100.00
  27     6.649 54924.70574754 11.01 196.062652  62.120077  2.307 -100.00 -100.00 -100.00
  28     7.477 54934.62138362 11.60 196.053247  62.117969  2.436  202.28  195.40  189.50
  28     7.491 54934.62138421 11.58 196.058046  62.119330  2.263  202.28  195.40  189.50
  28     6.994 54934.62138480 11.70 196.062846  62.120692  2.603  202.28  195.40  189.50
  29     7.194 54944.53701896  4.50 196.055381  62.117373  2.640  265.55  264.70  264.45
  29     7.204 54944.53701955  4.57 196.060180  62.118735  3.067  265.55  264.70  264.45
  29     6.934 54944.53702014  4.31 196.064979  62.120097  2.437  265.55  264.70  264.45
  30     6.359 54954.45265192 24.41 196.058293  62.115243  9.857  254.75  250.14  237.68
  30     5.641 54954.45265251 25.01 196.063091  62.116605 12.845  254.75  250.14  237.68
  30     5.670 54954.45265310 26.06 196.067890  62.117967 14.408  254.75  250.14  237.68
  31     4.930 54964.36829765 40.59 196.058789  62.113994   -100 -100.00 -100.00 -100.00
  31     4.720 54964.36829824 44.08 196.063587  62.115355 12.096 -100.00 -100.00 -100.00
  31     4.995 54964.36829883 41.48 196.068386  62.116717   -100 -100.00 -100.00 -100.00
  32     7.538 54974.28394590 43.65 196.058088  62.114571  2.362  234.61  237.40  238.01
  32     7.571 54974.28394649 45.37 196.062886  62.115933  7.657  234.61  237.40  238.01
  32     7.582 54974.28394708 45.36 196.067685  62.117295 10.150  234.61  237.40  238.01
  33     6.180 54984.19959391 46.33 196.057845  62.116795   -100  231.48  239.03  239.45
  33     6.456 54984.19959450 43.77 196.062644  62.118157   -100  231.48  239.03  239.45
  33     6.257 54984.19959509 44.07 196.067443  62.119519   -100  231.48  239.03  239.45
  34     7.639 54994.11524163 27.21 196.056297  62.118477 13.310 -100.00 -100.00 -100.00
  34     5.747 54994.11524222 30.94 196.061096  62.119839 23.185 -100.00 -100.00 -100.00
  34     5.984 54994.11524281 29.55 196.065896  62.121200 19.773 -100.00 -100.00 -100.00
  35     7.246 55004.03088801 28.15 196.054974  62.119192 12.861  244.46  248.00  247.44
  35     6.104 55004.03088860 26.86 196.059773  62.120554  9.490  244.46  248.00  247.44
  35     6.006 55004.03088919 30.35 196.064573  62.121915 17.557  244.46  248.00  247.44
  36     7.760 55013.94653191 31.15 196.051198  62.118332 25.252  248.13  250.71  249.73
  36     7.398 55013.94653250 27.07 196.055997  62.119694 12.366  248.13  250.71  249.73
  36     6.001 55013.94653309 27.32 196.060797  62.121056 15.457  248.13  250.71  249.73
  36     6.056 55013.94653368 28.19 196.065597  62.122418 16.762  248.13  250.71  249.73
  37     5.532 55023.86217515 45.28 196.053995  62.119086   -100  251.68  255.04  252.84
  37     5.395 55023.86217574 50.09 196.058794  62.120447   -100  251.68  255.04  252.84
  37     5.413 55023.86217633 52.98 196.063594  62.121809   -100  251.68  255.04  252.84
  38     7.342 55033.77781724 31.95 196.052211  62.119395 25.083  250.30  254.01  252.45
  38     4.656 55033.77781783 35.50 196.057010  62.120757   -100  250.30  254.01  252.45
  38     4.686 55033.77781842 35.63 196.061810  62.122118   -100  250.30  254.01  252.45
  39     4.225 55043.69345887 44.99 196.052975  62.120203   -100 -100.00 -100.00 -100.00
  39     4.221 55043.69345946 40.83 196.057774  62.121565   -100 -100.00 -100.00 -100.00
  39     4.582 55043.69346005 38.07 196.062574  62.122926   -100 -100.00 -100.00 -100.00
  40     7.500 55053.60909862 29.92 196.053104  62.119375 20.188  243.91  248.16  247.21
  40     6.979 55053.60909921 29.70 196.057903  62.120737 19.777  243.91  248.16  247.21
  40     4.835 55053.60909980 33.44 196.062702  62.122099 27.042  243.91  248.16  247.21
  41     7.501 55063.52473590 29.93 196.052667  62.116865 17.737  245.44  250.10  248.67
  41     7.122 55063.52473649 29.72 196.057465  62.118227 16.141  245.44  250.10  248.67
  41     5.210 55063.52473708 29.96 196.062263  62.119589 17.251  245.44  250.10  248.67
  41     4.060 55063.52473767 36.14 196.067062  62.120951   -100  245.44  250.10  248.67
  42     6.086 55073.44038166 30.75 196.057559  62.116657 20.768  246.15  252.20  250.17
  42     4.770 55073.44038225 30.01 196.062357  62.118019 17.051  246.15  252.20  250.17
  42     4.029 55073.44038284 38.10 196.067156  62.119381   -100  246.15  252.20  250.17
  43     6.187 55083.35602957 32.79 196.056105  62.115865 22.339 -100.00 -100.00 -100.00
  43     5.708 55083.35603016 31.09 196.060903  62.117227 15.957 -100.00 -100.00 -100.00
  43     4.150 55083.35603075 38.04 196.065702  62.118588   -100 -100.00 -100.00 -100.00
  44     5.929 55093.27167642 34.33 196.056907  62.117070 27.188  241.45  246.79  245.05
  44     4.421 55093.27167701 35.86 196.061706  62.118431 32.000  241.45  246.79  245.05
  44     4.669 55093.27167760 35.74 196.066505  62.119793 28.799  241.45  246.79  245.05
  45     7.600 55103.18732259 34.72 196.052987  62.117225   -100  238.86  242.87  243.92
  45     7.234 55103.18732318 30.24 196.057786  62.118587 19.132  238.86  242.87  243.92
  45     5.346 55103.18732377 29.63 196.062586  62.119949 18.871  238.86  242.87  243.92
  46     7.510 55113.10296901 29.91 196.053446  62.118212 20.048  244.47  250.44  250.11
  46     7.222 55113.10296960 29.73 196.058245  62.119574 16.340  244.47  250.44  250.11
  46     4.886 55113.10297020 32.01 196.063045  62.120936 24.535  244.47  250.44  250.11
  47     3.104 55123.01861314 36.75 196.056227  62.118342   -100  238.91  240.75  242.75
  47     4.462 55123.01861373 32.93 196.061027  62.119704 22.688  238.91  240.75  242.75
  47     4.384 55123.01861432 34.18 196.065827  62.121065 25.445  238.91  240.75  242.75
  48     2.888 55132.93425396 39.83 196.056638  62.116971 30.769 -100.00 -100.00 -100.00
  48     2.416 55132.93425455 36.87 196.061437  62.118333   -100 -100.00 -100.00 -100.00
  48     2.494 55132.93425514 32.79 196.066237  62.119695 21.141 -100.00 -100.00 -100.00
  49     2.463 55142.84989260 41.06 196.056305  62.115641 32.402 -100.00 -100.00 -100.00
  49     1.999 55142.84989319 37.36 196.061104  62.117003 28.882 -100.00 -100.00 -100.00
  49     1.883 55142.84989378 35.13 196.065903  62.118365 22.700 -100.00 -100.00 -100.00
  50     4.750 55152.76553098 18.86 196.057905  62.116359  3.742  237.85  233.93  227.30
  50     4.164 55152.76553157 19.34 196.062704  62.117721  4.843  237.85  233.93  227.30
  50     4.579 55152.76553216 19.32 196.067504  62.119082  4.203  237.85  233.93  227.30
  51     5.242 55162.68116925 17.26 196.055747  62.116731  3.661  243.38  240.93  235.51
  51     4.864 55162.68116984 17.28 196.060546  62.118093  3.428  243.38  240.93  235.51
  51     4.839 55162.68117043 17.52 196.065346  62.119455  3.357  243.38  240.93  235.51
  52     2.437 55172.59680712 41.00 196.053265  62.116862   -100  247.61  247.02  242.97
  52     2.645 55172.59680771 41.77 196.058064  62.118224   -100  247.61  247.02  242.97
  52     2.339 55172.59680830 44.11 196.062863  62.119586   -100  247.61  247.02  242.97
  53     5.088 55182.51244368 25.07 196.053977  62.116921  8.580  235.84  231.16  223.47
  53     5.063 55182.51244427 25.97 196.058776  62.118283 10.440  235.84  231.16  223.47
  53     5.118 55182.51244486 25.44 196.063575  62.119645  8.787  235.84  231.16  223.47
  54     7.150 55192.42809461 25.67 196.052595  62.117585  6.632  246.21  244.63  237.60
  54     6.048 55192.42809520 26.33 196.057394  62.118947  7.365  246.21  244.63  237.60
  54     5.454 55192.42809579 27.68 196.062193  62.120309  9.584  246.21  244.63  237.60
  55     7.248 55202.34374488 21.95 196.052956  62.119269  3.658  232.69  235.80  231.91
  55     6.386 55202.34374547 22.14 196.057755  62.120631  3.954  232.69  235.80  231.91
  55     6.025 55202.34374606 21.83 196.062555  62.121992  3.913  232.69  235.80  231.91
  56     7.294 55212.25939438 21.97 196.051992  62.120459  4.115  227.85  225.68  219.71
  56     7.045 55212.25939497 22.04 196.056791  62.121821  3.536  227.85  225.68  219.71
  56     5.911 55212.25939557 22.70 196.061591  62.123183  4.898  227.85  225.68  219.71
  57     7.375 55222.17504328 21.52 196.050331  62.120477  3.739  235.78  234.43  226.63
  57     6.842 55222.17504387 21.45 196.055130  62.121839  4.093  235.78  234.43  226.63
  57     6.016 55222.17504446 21.71 196.059930  62.123201  4.471  235.78  234.43  226.63
  58     7.185 55232.09069098 20.17 196.050655  62.119560  3.775  234.97  231.30  220.60
  58     7.012 55232.09069157 20.20 196.055454  62.120922  4.084  234.97  231.30  220.60
  58     6.696 55232.09069216 19.99 196.060254  62.122283  3.629  234.97  231.30  220.60
  59     6.558 55242.00633596 19.49 196.055926  62.119012  3.844  238.88  235.55  222.86
  59     6.538 55242.00633655 19.57 196.060726  62.120374  3.618  238.88  235.55  222.86
  59     6.588 55242.00633715 19.60 196.065526  62.121735  4.017  238.88  235.55  222.86
  60     6.459 55251.92197683 17.33 196.055198  62.117341  3.734 -100.00 -100.00 -100.00
  60     6.105 55251.92197742 16.96 196.059997  62.118702  3.290 -100.00 -100.00 -100.00
  60     5.819 55251.92197801 17.27 196.064797  62.120064  3.538 -100.00 -100.00 -100.00
  61     6.598 55261.83761580 15.90 196.056854  62.117625  2.883  223.94  215.11  197.53
  61     6.572 55261.83761639 16.03 196.061654  62.118987  3.324  223.94  215.11  197.53
  61     6.250 55261.83761698 15.72 196.066454  62.120348  2.756  223.94  215.11  197.53
  62     6.794 55271.75325365 16.00 196.056528  62.118227  3.111  225.19  217.42  198.11
  62     6.037 55271.75325424 16.03 196.061328  62.119588  3.114  225.19  217.42  198.11
  62     5.930 55271.75325483 15.84 196.066128  62.120950  2.755  225.19  217.42  198.11
  63     6.498 55281.66889097 15.67 196.053803  62.117477  3.542  230.50  223.42  203.63
  63     6.307 55281.66889156 15.55 196.058602  62.118839  3.094  230.50  223.42  203.63
  63     5.937 55281.66889215 15.39 196.063402  62.120201  2.959  230.50  223.42  203.63
  64     6.840 55291.58452759 15.11 196.056122  62.116954  3.062  232.22  224.31  204.16
  64     5.966 55291.58452818 14.95 196.060921  62.118316  3.472  232.22  224.31  204.16
  64     5.785 55291.58452877 14.84 196.065720  62.119678  3.285  232.22  224.31  204.16
  65     6.359 55301.50016143 12.30 196.055084  62.114608  2.521  233.00  223.04  203.24
  65     6.595 55301.50016202 12.31 196.059882  62.115970  2.978  233.00  223.04  203.24
  65     5.715 55301.50016261 12.37 196.064681  62.117332  2.833  233.00  223.04  203.24
  65     5.954 55301.50016320 12.35 196.069480  62.118693  3.444  233.00  223.04  203.24
  66     6.658 55311.41580922 13.59 196.058096  62.114967  3.283  230.79  218.80  194.24
  66     6.457 55311.41580981 13.88 196.062894  62.116329  3.505  230.79  218.80  194.24
  66     5.395 55311.41581040 13.85 196.067693  62.117691  3.928  230.79  218.80  194.24
  67     7.321 55321.33145433 17.22 196.054979  62.114657  7.255  262.84  263.39  263.76
  67     7.361 55321.33145492 17.49 196.059777  62.116019  7.091  262.84  263.39  263.76
  67     5.772 55321.33145551 18.89 196.064576  62.117380  9.969  262.84  263.39  263.76
  67     4.776 55321.33145610 22.69 196.069375  62.118742 17.008  262.84  263.39  263.76
  68     4.593 55331.24709900 42.76 196.056120  62.116492   -100  243.47  246.02  246.39
  68     4.808 55331.24709960 43.60 196.060918  62.117854   -100  243.47  246.02  246.39
  68     5.178 55331.24710019 40.36 196.065717  62.119216 31.931  243.47  246.02  246.39
  69     7.796 55341.16274315 30.61 196.052898  62.117194 16.303  241.59  244.22  244.04
  69     7.315 55341.16274374 28.84 196.057696  62.118555 11.772  241.59  244.22  244.04
  69     6.685 55341.16274433 30.16 196.062495  62.119917 17.151  241.59  244.22  244.04
  70     7.616 55351.07838760 28.54 196.054680  62.118247 18.922  242.68  245.21  246.89
  70     4.330 55351.07838819 33.29 196.059479  62.119609   -100  242.68  245.21  246.89
  70     4.442 55351.07838878 36.49 196.064278  62.120970   -100  242.68  245.21  246.89
  71     7.512 55360.99402975 26.48 196.056054  62.118561 15.765 -100.00 -100.00 -100.00
  71     5.283 55360.99403034 28.11 196.060853  62.119923 22.775 -100.00 -100.00 -100.00
  71     4.336 55360.99403093 28.66 196.065653  62.121285 23.948 -100.00 -100.00 -100.00
  72     7.718 55370.90966936 26.43 196.053983  62.118168 12.434  248.72  253.60  252.33
  72     7.150 55370.90966995 32.51 196.058782  62.119530 30.453  248.72  253.60  252.33
  72     4.785 55370.90967054 32.41 196.063581  62.120892 27.923  248.72  253.60  252.33
  73     7.750 55380.82530751 29.69 196.051986  62.118271 17.778  251.65  255.85  253.85
  73     4.578 55380.82530810 32.01 196.056785  62.119634   -100  251.65  255.85  253.85
  73     5.041 55380.82530869 30.29 196.061584  62.120995 20.257  251.65  255.85  253.85
  74     4.064 55390.74094544 33.53 196.054386  62.119572   -100  247.68  250.22  249.41
  74     4.070 55390.74094603 39.38 196.059185  62.120934 14.464  247.68  250.22  249.41
  74     4.688 55390.74094662 37.18 196.063984  62.122295   -100  247.68  250.22  249.41
  75     4.473 55400.65658160 36.72 196.053478  62.118450   -100  244.95  249.13  248.51
  75     5.141 55400.65658219 41.00 196.058277  62.119812 25.332  244.95  249.13  248.51
  75     4.397 55400.65658278 41.44 196.063076  62.121174 16.938  244.95  249.13  248.51
  76     5.195 55410.57222990 44.25 196.053777  62.116864 27.151  246.39  251.40  248.83
  76     4.626 55410.57223049 48.46 196.058575  62.118226   -100  246.39  251.40  248.83
  76     4.536 55410.57223108 49.04 196.063373  62.119588 31.567  246.39  251.40  248.83
  77     4.673 55420.48788008 41.63 196.056797  62.115745 13.441 -100.00 -100.00 -100.00
  77     4.700 55420.48788067 44.84 196.061596  62.117107 19.607 -100.00 -100.00 -100.00
  77     5.066 55420.48788126 44.06 196.066394  62.118469   -100 -100.00 -100.00 -100.00
  78     5.802 55430.40352710 29.12 196.057785  62.115300 21.021  242.32  246.95  245.34
  78     5.136 55430.40352769 35.78 196.062583  62.116662   -100  242.32  246.95  245.34
  78     5.133 55430.40352828 36.31 196.067382  62.118023   -100  242.32  246.95  245.34
  79     4.959 55440.31917178 38.52 196.056794  62.116493   -100 -100.00 -100.00 -100.00
  79     5.533 55440.31917237 39.97 196.061593  62.117855 28.617 -100.00 -100.00 -100.00
  79     5.082 55440.31917296 40.42 196.066391  62.119216   -100 -100.00 -100.00 -100.00
  80     5.412 55450.23481492 46.21 196.054388  62.117781 26.765  239.21  246.56  244.01
  80     4.872 55450.23481551 51.50 196.059187  62.119142 10.437  239.21  246.56  244.01
  80     4.906 55450.23481610 47.04 196.063986  62.120504   -100  239.21  246.56  244.01
  81     4.249 55460.15045771 36.09 196.054390  62.118328   -100  243.07  249.60  248.29
  81     4.189 55460.15045830 40.87 196.059189  62.119690   -100  243.07  249.60  248.29
  81     4.332 55460.15045889 40.22 196.063988  62.121052   -100  243.07  249.60  248.29
  82     5.906 55470.06609950 31.35 196.056122  62.117382 30.387  237.93  240.82  242.82
  82     6.922 55470.06610009 28.34 196.060921  62.118744 16.481  237.93  240.82  242.82
  82     4.218 55470.06610068 32.72 196.065720  62.120106   -100  237.93  240.82  242.82
  83     7.549 55479.98173807 25.01 196.057648  62.115599  8.563 -100.00 -100.00 -100.00
  83     5.667 55479.98173866 28.39 196.062447  62.116961 15.258 -100.00 -100.00 -100.00
  83     4.198 55479.98173925 30.70 196.067246  62.118323 23.563 -100.00 -100.00 -100.00
  84     2.232 55489.89737376 42.38 196.056836  62.113983   -100  247.42  247.70  250.16
  84     2.228 55489.89737435 39.05 196.061634  62.115345   -100  247.42  247.70  250.16
  84     2.060 55489.89737494 37.63 196.066433  62.116707   -100  247.42  247.70  250.16
  85     2.244 55499.81300770 35.00 196.058636  62.114748 28.811  246.85  246.03  242.55
  85     1.948 55499.81300829 34.07 196.063434  62.116110 29.468  246.85  246.03  242.55
  85     4.342 55499.81300888 27.04 196.068234  62.117471 10.197  246.85  246.03  242.55
  86     1.853 55509.72864878 37.26 196.057413  62.116430   -100  246.81  244.90  243.10
  86     1.923 55509.72864937 32.40 196.062212  62.117792 17.326  246.81  244.90  243.10
  86     2.066 55509.72864996 29.55 196.067011  62.119154 12.395  246.81  244.90  243.10
  87     1.965 55519.64429861 27.77 196.055336  62.117967 12.683  252.90  253.43  252.28
  87     5.568 55519.64429920 24.50 196.060135  62.119329  7.499  252.90  253.43  252.28
  87     4.958 55519.64429979 24.15 196.064935  62.120690  6.765  252.90  253.43  252.28
  88     6.882 55529.55994737 20.86 196.053716  62.118333  3.382  239.95  238.76  235.89
  88     6.658 55529.55994796 20.72 196.058515  62.119694  3.167  239.95  238.76  235.89
  88     6.185 55529.55994855 20.75 196.063314  62.121056  4.047  239.95  238.76  235.89
  89     6.594 55539.47559448 18.15 196.053539  62.118209  2.897 -100.00 -100.00 -100.00
  89     5.932 55539.47559507 18.07 196.058338  62.119571  3.217 -100.00 -100.00 -100.00
  89     5.779 55539.47559566 17.85 196.063137  62.120933  3.245 -100.00 -100.00 -100.00
  90     6.402 55549.39123928 16.66 196.052125  62.118031  3.019  249.15  250.56  247.89
  90     6.052 55549.39123987 16.64 196.056923  62.119393  3.038  249.15  250.56  247.89
  90     5.430 55549.39124046 16.45 196.061723  62.120755  2.935  249.15  250.56  247.89
  91     6.608 55559.30688254 15.79 196.050597  62.118877  3.113  241.72  239.43  233.68
  91     6.296 55559.30688313 15.65 196.055396  62.120239  3.158  241.72  239.43  233.68
  91     5.726 55559.30688372 16.22 196.060196  62.121600  3.960  241.72  239.43  233.68
  91     5.451 55559.30688431 15.66 196.064996  62.122962  3.036  241.72  239.43  233.68
  92     7.178 55569.22252538 13.90 196.052261  62.120676  2.795 -100.00 -100.00 -100.00
  92     6.987 55569.22252597 13.84 196.057060  62.122037  2.897 -100.00 -100.00 -100.00
  92     6.761 55569.22252656 13.90 196.061860  62.123399  2.862 -100.00 -100.00 -100.00
  93     6.626 55579.13816699 11.95 196.052674  62.120374  2.993  223.29  215.70  200.14
  93     5.454 55579.13816758 12.13 196.057474  62.121736  3.348  223.29  215.70  200.14
  93     5.369 55579.13816817 12.24 196.062274  62.123098  3.611  223.29  215.70  200.14
  94     6.527 55589.05380619 10.90 196.056130  62.118602  2.503  230.83  225.87  211.84
  94     5.625 55589.05380678 11.19 196.060929  62.119964  3.181  230.83  225.87  211.84
  94     5.762 55589.05380737 11.08 196.065729  62.121326  2.871  230.83  225.87  211.84
  95     5.984 55598.96944208 10.77 196.058648  62.115496  2.898 -100.00 -100.00 -100.00
  95     5.828 55598.96944267 10.77 196.063447  62.116858  3.102 -100.00 -100.00 -100.00
  95     5.976 55598.96944326 10.75 196.068246  62.118220  2.749 -100.00 -100.00 -100.00
  96     6.274 55608.88507545 11.59 196.059656  62.113652  2.573 -100.00 -100.00 -100.00
  96     6.024 55608.88507604 11.57 196.064455  62.115014  2.541 -100.00 -100.00 -100.00
  96     6.388 55608.88507663 11.53 196.069254  62.116376  2.832 -100.00 -100.00 -100.00
  97     6.165 55618.80070727 13.14 196.060338  62.114293  2.626 -100.00 -100.00 -100.00
  97     6.029 55618.80070786 12.99 196.065137  62.115655  2.804 -100.00 -100.00 -100.00
  97     5.844 55618.80070845 13.01 196.069936  62.117017  2.816 -100.00 -100.00 -100.00
  98     6.320 55628.71635496 12.94 196.055780  62.116173  2.445 -100.00 -100.00 -100.00
  98     6.177 55628.71635555 13.14 196.060579  62.117535  2.973 -100.00 -100.00 -100.00
  98     6.181 55628.71635614 13.21 196.065378  62.118897  2.841 -100.00 -100.00 -100.00
  99     6.768 55638.63200588 12.51 196.053512  62.117091  2.753 -100.00 -100.00 -100.00
  99     6.836 55638.63200647 12.35 196.058311  62.118453  2.546 -100.00 -100.00 -100.00
  99     6.314 55638.63200706 12.53 196.063110  62.119815  2.996 -100.00 -100.00 -100.00
 100     6.679 55648.54765477 11.21 196.054791  62.116391  2.558  218.19  208.91  194.39
 100     6.102 55648.54765536 11.29 196.059589  62.117753  2.651  218.19  208.91  194.39
 100     6.148 55648.54765595 11.21 196.064388  62.119115  2.492  218.19  208.91  194.39
 101     6.644 55658.46330070  9.96 196.057801  62.115024  2.585  226.97  225.36  220.40
 101     6.628 55658.46330129 10.04 196.062599  62.116386  2.396  226.97  225.36  220.40
 101     6.441 55658.46330188 10.00 196.067398  62.117748  2.382  226.97  225.36  220.40
 102     6.780 55668.37894237 11.38 196.056670  62.113866  2.473  217.82  208.75  195.24
 102     6.830 55668.37894296 11.41 196.061468  62.115228  2.328  217.82  208.75  195.24
 102     6.786 55668.37894355 11.52 196.066266  62.116589  2.723  217.82  208.75  195.24
 103     6.116 55678.29458186 12.86 196.055397  62.114942 16.698  269.61  267.72  266.36
 103     5.882 55678.29458245 13.12 196.060195  62.116304 17.696  269.61  267.72  266.36
 103     5.780 55678.29458304 12.41 196.064994  62.117665 15.540  269.61  267.72  266.36
 104     7.615 55688.21021959 24.78 196.054448  62.116927 16.021 -100.00 -100.00 -100.00
 104     5.938 55688.21022018 25.81 196.059246  62.118289 20.500 -100.00 -100.00 -100.00
 104     5.407 55688.21022077 27.20 196.064045  62.119651 26.466 -100.00 -100.00 -100.00
 105     4.327 55698.12585569 45.55 196.051946  62.117368   -100  244.39  247.40  248.93
 105     4.525 55698.12585628 46.18 196.056745  62.118730   -100  244.39  247.40  248.93
 105     4.787 55698.12585687 45.87 196.061543  62.120092   -100  244.39  247.40  248.93
 105     4.696 55698.12585746 44.86 196.066343  62.121454   -100  244.39  247.40  248.93
 106     7.470 55708.04149233 29.19 196.056679  62.117834 14.083  242.86  246.15  247.27
 106     6.986 55708.04149292 28.17 196.061478  62.119196 14.948  242.86  246.15  247.27
 106     5.551 55708.04149351 31.87 196.066277  62.120558 26.809  242.86  246.15  247.27
 107     7.439 55717.95714302 30.67 196.053683  62.116662 25.110  240.38  243.67  245.28
 107     7.194 55717.95714361 28.20 196.058481  62.118024 16.473  240.38  243.67  245.28
 107     5.728 55717.95714420 29.72 196.063280  62.119386 24.840  240.38  243.67  245.28
 108     6.100 55727.87279139 39.46 196.052863  62.116932   -100  243.17  245.97  246.32
 108     5.867 55727.87279199 32.37 196.057661  62.118294 29.151  243.17  245.97  246.32
 108     5.628 55727.87279258 30.97 196.062461  62.119656 27.200  243.17  245.97  246.32
 108     5.757 55727.87279317 29.28 196.067260  62.121018 19.532  243.17  245.97  246.32
 109     5.591 55737.78843835 45.55 196.052826  62.118351 30.769  249.90  253.74  251.51
 109     5.310 55737.78843894 49.46 196.057625  62.119713   -100  249.90  253.74  251.51
 109     4.950 55737.78843953 53.83 196.062425  62.121074   -100  249.90  253.74  251.51
 110     4.948 55747.70408381 37.43 196.051085  62.119296   -100  244.91  250.32  250.05
 110     4.985 55747.70408440 35.48 196.055884  62.120658   -100  244.91  250.32  250.05
 110     5.040 55747.70408499 32.79 196.060683  62.122020 31.621  244.91  250.32  250.05
 111     7.728 55757.61972746 25.27 196.054061  62.119906 10.504  237.65  241.09  240.93
 111     7.063 55757.61972805 25.09 196.058860  62.121268 10.583  237.65  241.09  240.93
 111     5.430 55757.61972864 26.97 196.063660  62.122630 12.589  237.65  241.09  240.93
 112     5.542 55767.53536777 44.37 196.053655  62.117381 32.573  243.56  249.12  247.76
 112     4.909 55767.53536837 47.13 196.058454  62.118742 29.332  243.56  249.12  247.76
 112     4.935 55767.53536896 40.98 196.063252  62.120104 22.328  243.56  249.12  247.76
 113     5.068 55777.45100555 34.08 196.058003  62.115335   -100  243.38  248.71  248.70
 113     4.973 55777.45100614 38.57 196.062802  62.116697  7.001  243.38  248.71  248.70
 113     5.008 55777.45100673 35.26 196.067600  62.118058   -100  243.38  248.71  248.70
 114     5.195 55787.36664019 32.49 196.056521  62.112912   -100  242.20  249.69  246.51
 114     5.319 55787.36664078 38.21 196.061318  62.114274   -100  242.20  249.69  246.51
 114     5.296 55787.36664137 38.29 196.066116  62.115635   -100  242.20  249.69  246.51
 114     5.113 55787.36664196 38.24 196.070915  62.116997  1.396  242.20  249.69  246.51
 115     5.058 55797.28227386 32.64 196.056870  62.113610 30.255  239.92  244.52  245.06
 115     5.164 55797.28227445 38.78 196.061668  62.114972   -100  239.92  244.52  245.06
 115     5.324 55797.28227504 38.48 196.066466  62.116333   -100  239.92  244.52  245.06
 116     6.204 55807.19791670 35.19 196.054801  62.115316 26.904  239.96  244.46  243.87
 116     5.048 55807.19791730 40.21 196.059599  62.116678   -100  239.96  244.46  243.87
 116     5.004 55807.19791789 40.39 196.064397  62.118039   -100  239.96  244.46  243.87
 117     4.508 55817.11356629 38.52 196.056953  62.117646   -100  243.39  249.57  247.64
 117     4.513 55817.11356688 39.22 196.061752  62.119008  1.796  243.39  249.57  247.64
 117     4.829 55817.11356748 37.58 196.066551  62.120370   -100  243.39  249.57  247.64
 118     6.166 55827.02921161 33.24 196.055084  62.115935 25.381  244.15  248.63  249.24
 118     4.348 55827.02921220 35.38 196.059883  62.117297   -100  244.15  248.63  249.24
 118     4.334 55827.02921279 40.57 196.064682  62.118659  3.728  244.15  248.63  249.24
 119     4.258 55836.94485324 38.25 196.059854  62.115071   -100  239.48  241.31  243.92
 119     4.432 55836.94485383 35.88 196.064652  62.116433   -100  239.48  241.31  243.92
 119     4.356 55836.94485442 41.66 196.069452  62.117794  7.390  239.48  241.31  243.92
 120     7.467 55846.86049104 27.72 196.059079  62.113421 17.058  237.86  241.80  244.70
 120     4.972 55846.86049163 28.09 196.063878  62.114783 19.122  237.86  241.80  244.70
 120     4.512 55846.86049222 31.62 196.068677  62.116145 27.613  237.86  241.80  244.70
 121     7.629 55856.77612660 24.17 196.058308  62.114232  6.874  243.00  244.20  245.50
 121     6.727 55856.77612720 25.56 196.063106  62.115594 10.498  243.00  244.20  245.50
 121     4.413 55856.77612779 30.76 196.067905  62.116956 22.168  243.00  244.20  245.50
 122     2.778 55866.69177049 42.60 196.057933  62.117049   -100  245.98  245.53  245.62
 122     2.590 55866.69177108 35.30 196.062732  62.118411 24.980  245.98  245.53  245.62
 122     2.677 55866.69177167 34.49 196.067531  62.119773 21.460  245.98  245.53  245.62
 123     2.968 55876.60742256 29.86 196.053707  62.118714 14.225  244.48  243.00  239.06
 123     2.711 55876.60742315 29.52 196.058506  62.120076 16.059  244.48  243.00  239.06
 123     4.745 55876.60742374 26.77 196.063306  62.121438 10.746  244.48  243.00  239.06
 124     6.497 55886.52306868 17.86 196.053688  62.118997  3.124  241.17  239.02  235.83
 124     6.548 55886.52306927 17.81 196.058487  62.120359  3.495  241.17  239.02  235.83
 124     6.104 55886.52306986 18.19 196.063286  62.121720  4.509  241.17  239.02  235.83
 125     6.565 55896.43870872 17.43 196.051977  62.117335  3.229  243.16  241.24  237.63
 125     6.169 55896.43870931 17.04 196.056776  62.118697  2.956  243.16  241.24  237.63
 125     5.985 55896.43870990 17.38 196.061575  62.120059  3.456  243.16  241.24  237.63
 125     5.599 55896.43871049 17.49 196.066374  62.121421  3.885  243.16  241.24  237.63
 126     6.628 55906.35434432 13.66 196.056123  62.116967  2.432  243.11  238.56  229.30
 126     5.895 55906.35434491 13.45 196.060922  62.118329  2.554  243.11  238.56  229.30
 126     6.045 55906.35434550 13.53 196.065721  62.119691  3.064  243.11  238.56  229.30
 127     6.541 55916.26998828 14.38 196.052302  62.116626  2.481 -100.00 -100.00 -100.00
 127     6.722 55916.26998887 14.38 196.057101  62.117988  2.695 -100.00 -100.00 -100.00
 127     5.924 55916.26998946 14.32 196.061899  62.119350  2.386 -100.00 -100.00 -100.00
 127     5.933 55916.26999005 14.27 196.066699  62.120712  2.853 -100.00 -100.00 -100.00
 128     6.003 55926.18564218 13.70 196.052808  62.118693  3.096  224.17  217.59  207.62
 128     5.850 55926.18564277 13.53 196.057607  62.120055  2.459  224.17  217.59  207.62
 128     5.748 55926.18564336 13.22 196.062407  62.121417  2.360  224.17  217.59  207.62
 129     6.108 55936.10129280 13.15 196.054575  62.119753  2.460  228.44  223.17  212.57
 129     5.956 55936.10129340 13.20 196.059374  62.121115  2.686  228.44  223.17  212.57
 129     5.720 55936.10129399 13.10 196.064174  62.122477  2.435  228.44  223.17  212.57
 130     6.381 55946.01693797 12.78 196.053826  62.117817  2.584  232.30  227.72  216.43
 130     6.479 55946.01693856 12.73 196.058625  62.119179  2.699  232.30  227.72  216.43
 130     5.315 55946.01693915 12.69 196.063425  62.120541  2.646  232.30  227.72  216.43
 131     5.818 55955.93257911 12.13 196.057780  62.116271  2.761 -100.00 -100.00 -100.00
 131     5.880 55955.93257970 12.08 196.062579  62.117633  2.596 -100.00 -100.00 -100.00
 131     5.540 55955.93258029 12.13 196.067379  62.118995  2.787 -100.00 -100.00 -100.00
 132     5.761 55965.84821742 11.26 196.059460  62.115243  2.886 -100.00 -100.00 -100.00
 132     5.476 55965.84821801 11.06 196.064260  62.116605  2.430 -100.00 -100.00 -100.00
 132     5.321 55965.84821860 11.04 196.069060  62.117967  2.577 -100.00 -100.00 -100.00
 133     6.539 55975.76385406 13.02 196.055188  62.114839  3.046 -100.00 -100.00 -100.00
 133     5.572 55975.76385465 13.21 196.059987  62.116201  3.061 -100.00 -100.00 -100.00
 133     5.927 55975.76385524 12.98 196.064786  62.117563  2.747 -100.00 -100.00 -100.00
 133     5.548 55975.76385583 13.11 196.069586  62.118925  3.072 -100.00 -100.00 -100.00
 134     6.386 55985.67949073 11.00 196.057862  62.117051  2.575  231.99  225.11  211.26
 134     6.391 55985.67949132 11.29 196.062661  62.118413  3.359  231.99  225.11  211.26
 134     6.348 55985.67949191 11.16 196.067461  62.119774  2.804  231.99  225.11  211.26
 135     6.701 55995.59512542 10.65 196.053212  62.115754  2.507 -100.00 -100.00 -100.00
 135     6.329 55995.59512601 10.82 196.058010  62.117116  2.719 -100.00 -100.00 -100.00
 135     6.355 55995.59512660 10.73 196.062809  62.118478  2.593 -100.00 -100.00 -100.00
 135     6.276 55995.59512719 10.95 196.067608  62.119840  2.793 -100.00 -100.00 -100.00
 136     6.978 56005.51077768 10.35 196.057338  62.116481  2.553 -100.00 -100.00 -100.00
 136     6.512 56005.51077827 10.51 196.062136  62.117843  2.688 -100.00 -100.00 -100.00
 136     6.242 56005.51077886 10.49 196.066935  62.119204  2.866 -100.00 -100.00 -100.00
 137     6.332 56015.42642552  9.57 196.058546  62.115396  2.570  243.22  239.84  226.78
 137     6.154 56015.42642611  9.75 196.063345  62.116758  2.555  243.22  239.84  226.78
 137     5.992 56015.42642670  9.61 196.068144  62.118120  2.669  243.22  239.84  226.78
 138     6.381 56025.34207041  9.32 196.058388  62.115364  2.430 -100.00 -100.00 -100.00
 138     6.274 56025.34207100  9.52 196.063186  62.116726  2.484 -100.00 -100.00 -100.00
 138     6.322 56025.34207159  9.40 196.067985  62.118088  2.807 -100.00 -100.00 -100.00
 139     6.442 56035.25771330  8.66 196.054925  62.116270  2.521 -100.00 -100.00 -100.00
 139     7.035 56035.25771389  8.51 196.059723  62.117632  2.467 -100.00 -100.00 -100.00
 139     6.996 56035.25771448  8.58 196.064522  62.118993  2.600 -100.00 -100.00 -100.00
 140     5.954 56045.17335463 26.37 196.054957  62.118443 19.813  265.55  263.95  260.01
 140     4.698 56045.17335522 30.79 196.059756  62.119805   -100  265.55  263.95  260.01
 140     4.893 56045.17335581 29.64 196.064556  62.121166 25.722  265.55  263.95  260.01
 141     5.084 56055.08899292 30.38 196.053953  62.119175 24.145  264.81  263.17  261.20
 141     5.074 56055.08899351 34.16 196.058752  62.120537   -100  264.81  263.17  261.20
 141     4.804 56055.08899410 36.78 196.063551  62.121899   -100  264.81  263.17  261.20
 142     5.489 56065.00462722 44.67 196.053858  62.118235   -100 -100.00 -100.00 -100.00
 142     6.212 56065.00462781 43.57 196.058657  62.119597 24.129 -100.00 -100.00 -100.00
 142     5.676 56065.00462840 48.92 196.063456  62.120959   -100 -100.00 -100.00 -100.00
 143     7.903 56074.92027193 33.79 196.053453  62.117385 22.502  236.97  239.61  240.27
 143     7.709 56074.92027252 27.65 196.058252  62.118747  9.275  236.97  239.61  240.27
 143     6.270 56074.92027311 30.53 196.063051  62.120109 16.781  236.97  239.61  240.27
 144     7.759 56084.83592161 30.64 196.054455  62.118181 21.333  238.52  245.13  245.39
 144     7.338 56084.83592220 28.12 196.059254  62.119543 16.749  238.52  245.13  245.39
 144     6.728 56084.83592279 26.42 196.064053  62.120904 10.629  238.52  245.13  245.39
 145     7.414 56094.75156882 26.92 196.054957  62.118829 13.887  241.47  245.47  245.45
 145     6.081 56094.75156941 27.85 196.059756  62.120191 16.294  241.47  245.47  245.45
 145     6.186 56094.75157000 29.07 196.064555  62.121552 19.589  241.47  245.47  245.45
 146     6.190 56104.66721369 45.91 196.054254  62.118852  4.609  239.00  243.28  242.48
 146     6.438 56104.66721428 51.08 196.059053  62.120214   -100  239.00  243.28  242.48
 146     6.241 56104.66721487 55.04 196.063852  62.121576 32.383  239.00  243.28  242.48
 147     7.752 56114.58284391 33.15 196.053643  62.117698 26.375  241.10  244.69  243.59
 147     7.390 56114.58284450 29.25 196.058441  62.119060 19.446  241.10  244.69  243.59
 147     5.429 56114.58284510 30.39 196.063240  62.120421 26.739  241.10  244.69  243.59
 148     5.353 56124.49848221 37.50 196.055750  62.116588   -100  241.00  245.15  244.18
 148     5.349 56124.49848280 36.31 196.060549  62.117950   -100  241.00  245.15  244.18
 148     5.401 56124.49848339 34.02 196.065347  62.119311   -100  241.00  245.15  244.18
 149     5.234 56134.41411648 37.73 196.057999  62.114947   -100  246.85  253.73  252.89
 149     5.120 56134.41411707 35.70 196.062797  62.116309   -100  246.85  253.73  252.89
 149     5.205 56134.41411766 38.27 196.067595  62.117670  4.191  246.85  253.73  252.89
 150     5.527 56144.32975684 44.71 196.059894  62.114861 31.577  241.26  245.58  244.16
 150     5.332 56144.32975743 43.97 196.064692  62.116223   -100  241.26  245.58  244.16
 150     5.045 56144.32975802 46.64 196.069491  62.117584  9.602  241.26  245.58  244.16
 151     4.810 56154.24540697 31.27 196.057200  62.115477 26.338  248.75  254.26  250.75
 151     4.567 56154.24540756 37.91 196.061998  62.116838  6.351  248.75  254.26  250.75
 151     4.751 56154.24540815 37.70 196.066797  62.118200   -100  248.75  254.26  250.75
 152     4.853 56164.16105635 35.84 196.057452  62.117327   -100  241.03  245.94  244.95
 152     5.179 56164.16105694 33.76 196.062251  62.118689 25.725  241.03  245.94  244.95
 152     5.290 56164.16105753 33.84 196.067050  62.120050 27.321  241.03  245.94  244.95
 153     4.829 56174.07670299 36.44 196.053414  62.117009 29.002 -100.00 -100.00 -100.00
 153     5.242 56174.07670358 34.83 196.058212  62.118371 28.727 -100.00 -100.00 -100.00
 153     4.861 56174.07670417 37.53 196.063011  62.119733   -100 -100.00 -100.00 -100.00
 154     4.878 56183.99234476 37.15 196.052929  62.116155   -100  237.13  240.21  241.25
 154     4.918 56183.99234535 44.02 196.057727  62.117517 15.395  237.13  240.21  241.25
 154     4.940 56183.99234595 41.85 196.062526  62.118879   -100  237.13  240.21  241.25
 154     4.926 56183.99234654 43.98 196.067326  62.120240 11.203  237.13  240.21  241.25
 155     4.994 56193.90798294 40.43 196.054591  62.115185   -100  231.51  233.84  236.82
 155     5.159 56193.90798353 42.56 196.059390  62.116547   -100  231.51  233.84  236.82
 155     5.176 56193.90798412 42.22 196.064189  62.117909   -100  231.51  233.84  236.82
 155     4.976 56193.90798471 43.86 196.068989  62.119270  4.340  231.51  233.84  236.82
 156     5.093 56203.82361850 35.60 196.057539  62.115396 28.444  233.48  238.03  238.40
 156     4.925 56203.82361909 41.84 196.062338  62.116758   -100  233.48  238.03  238.40
 156     5.159 56203.82361968 40.17 196.067137  62.118120   -100  233.48  238.03  238.40
 157     5.807 56213.73925220 30.66 196.057695  62.116058 20.161  237.46  238.10  241.70
 157     4.904 56213.73925279 30.42 196.062494  62.117420 21.411  237.46  238.10  241.70
 157     4.887 56213.73925338 32.90 196.067293  62.118782 29.728  237.46  238.10  241.70
 158     4.657 56223.65488633 42.62 196.056690  62.117001 23.128  249.68  250.09  251.86
 158     3.960 56223.65488692 40.50 196.061489  62.118363   -100  249.68  250.09  251.86
 158     4.219 56223.65488751 36.37 196.066288  62.119725 31.006  249.68  250.09  251.86
 159     4.185 56233.57054220 38.62 196.053568  62.118256 22.857  244.38  245.57  247.56
 159     3.463 56233.57054279 38.41 196.058367  62.119618 31.919  244.38  245.57  247.56
 159     3.624 56233.57054338 36.85 196.063166  62.120980 25.053  244.38  245.57  247.56
 160     3.096 56243.48619438 40.30 196.054274  62.119095 29.270  239.13  240.02  240.35
 160     2.936 56243.48619497 36.70 196.059073  62.120457 21.839  239.13  240.02  240.35
 160     2.794 56243.48619556 38.19 196.063872  62.121819 26.880  239.13  240.02  240.35
 161     5.297 56253.40184162 24.80 196.053606  62.118710  5.235  234.53  235.09  236.50
 161     5.170 56253.40184221 24.60 196.058405  62.120072  5.013  234.53  235.09  236.50
 161     4.922 56253.40184280 24.91 196.063204  62.121434  5.098  234.53  235.09  236.50
 162     5.383 56263.31748487 22.98 196.055806  62.119188  4.961  244.86  246.37  247.52
 162     3.002 56263.31748546 25.88 196.060605  62.120550  9.773  244.86  246.37  247.52
 162     5.231 56263.31748605 23.02 196.065404  62.121911  5.252  244.86  246.37  247.52
 163     5.256 56273.23312584 17.63 196.054249  62.118763  3.180  246.97  249.35  248.50
 163     5.251 56273.23312643 17.72 196.059048  62.120125  3.108  246.97  249.35  248.50
 163     4.980 56273.23312702 18.05 196.063847  62.121486  3.996  246.97  249.35  248.50
 164     5.744 56283.14876872 16.32 196.051739  62.117691  2.852  233.87  230.93  222.06
 164     5.157 56283.14876931 16.73 196.056538  62.119053  3.271  233.87  230.93  222.06
 164     5.223 56283.14876990 16.25 196.061338  62.120415  2.669  233.87  230.93  222.06
 164     5.279 56283.14877049 16.26 196.066137  62.121776  2.936  233.87  230.93  222.06
 165     5.989 56293.06442090 15.71 196.055688  62.118248  2.933  240.23  238.98  231.46
 165     5.921 56293.06442149 15.65 196.060487  62.119610  2.714  240.23  238.98  231.46
 165     5.421 56293.06442208 15.63 196.065287  62.120971  2.759  240.23  238.98  231.46
 166     5.538 56302.98006828 15.49 196.057347  62.117454  2.706 -100.00 -100.00 -100.00
 166     5.520 56302.98006887 15.34 196.062147  62.118815  2.758 -100.00 -100.00 -100.00
 166     5.245 56302.98006947 15.19 196.066947  62.120177  2.723 -100.00 -100.00 -100.00
 167     6.226 56312.89571094 12.66 196.054190  62.115799  2.708  231.73  228.21  214.07
 167     6.049 56312.89571153 12.76 196.058990  62.117160  2.772  231.73  228.21  214.07
 167     6.125 56312.89571212 12.59 196.063789  62.118522  2.628  231.73  228.21  214.07
 167     6.047 56312.89571272 12.54 196.068590  62.119884  2.793  231.73  228.21  214.07
 168     6.060 56322.81135185 12.24 196.053751  62.116028  2.939  233.43  231.14  215.41
 168     6.166 56322.81135244 11.99 196.058551  62.117390  2.773  233.43  231.14  215.41
 168     6.025 56322.81135303 12.10 196.063350  62.118752  3.000  233.43  231.14  215.41
 168     5.916 56322.81135363 12.13 196.068150  62.120114  2.899  233.43  231.14  215.41
 169     6.722 56332.72699238 12.43 196.054976  62.117262  2.885  236.07  232.63  217.68
 169     6.412 56332.72699297 12.50 196.059776  62.118624  2.806  236.07  232.63  217.68
 169     6.306 56332.72699356 12.46 196.064575  62.119986  2.770  236.07  232.63  217.68
 170     6.733 56342.64263185 11.34 196.052439  62.116535  2.779 -100.00 -100.00 -100.00
 170     6.097 56342.64263244 11.21 196.057238  62.117897  2.551 -100.00 -100.00 -100.00
 170     6.285 56342.64263303 11.25 196.062037  62.119259  2.920 -100.00 -100.00 -100.00
 170     6.315 56342.64263362 11.24 196.066837  62.120621  2.789 -100.00 -100.00 -100.00
 171     6.939 56352.55826940 10.61 196.054002  62.115835  2.628 -100.00 -100.00 -100.00
 171     6.456 56352.55826999 10.70 196.058801  62.117197  3.043 -100.00 -100.00 -100.00
 171     6.407 56352.55827058 10.71 196.063599  62.118559  2.760 -100.00 -100.00 -100.00
 171     6.261 56352.55827117 10.77 196.068399  62.119920  2.738 -100.00 -100.00 -100.00
 172     7.245 56362.47391067 11.13 196.055786  62.115212  2.649  224.74  214.72  197.29
 172     6.492 56362.47391126 11.01 196.060585  62.116574  2.492  224.74  214.72  197.29
 172     6.826 56362.47391185 11.23 196.065383  62.117936  2.626  224.74  214.72  197.29
 173     7.273 56372.38955964 10.78 196.053906  62.115292  2.733 -100.00 -100.00 -100.00
 173     7.227 56372.38956023 10.69 196.058704  62.116654  2.556 -100.00 -100.00 -100.00
 173     6.556 56372.38956082 10.71 196.063502  62.118016  2.630 -100.00 -100.00 -100.00
 173     6.689 56372.38956141 10.56 196.068302  62.119377  2.688 -100.00 -100.00 -100.00
 175     7.135 56392.22085111 10.75 196.054655  62.119375  2.407  224.72  214.52  198.64
 175     7.317 56392.22085170 10.82 196.059455  62.120737  2.722  224.72  214.52  198.64
 175     6.721 56392.22085229 11.00 196.064254  62.122099  2.479  224.72  214.52  198.64
 176     7.378 56402.13649354 10.29 196.050721  62.119017  2.463  234.60  227.39  215.36
 176     7.165 56402.13649413 10.45 196.055521  62.120379  2.715  234.60  227.39  215.36
 176     7.039 56402.13649472 10.60 196.060320  62.121741  2.819  234.60  227.39  215.36
 176     6.977 56402.13649531 10.50 196.065120  62.123103  2.730  234.60  227.39  215.36
 177     7.154 56412.05213402  8.05 196.054651  62.119719  2.897  260.35  259.27  258.06
 177     6.859 56412.05213461  8.47 196.059450  62.121081  3.786  260.35  259.27  258.06
 177     6.918 56412.05213520  8.20 196.064250  62.122442  2.842  260.35  259.27  258.06
 178     6.745 56421.96776853  6.50 196.051755  62.117408  4.070  268.24  265.82  264.93
 178     6.546 56421.96776912  7.64 196.056554  62.118770  5.607  268.24  265.82  264.93
 178     6.892 56421.96776971  6.52 196.061353  62.120132  3.822  268.24  265.82  264.93
 178     6.751 56421.96777030  6.55 196.066152  62.121494  4.024  268.24  265.82  264.93
 179     6.533 56431.88340966 11.84 196.056614  62.118423  5.308 -100.00 -100.00 -100.00
 179     5.350 56431.88341025 13.02 196.061413  62.119785  6.738 -100.00 -100.00 -100.00
 179     4.821 56431.88341084 15.54 196.066212  62.121147 10.608 -100.00 -100.00 -100.00
 180     7.287 56441.79906223 36.25 196.054578  62.119322 24.194  245.51  247.73  249.10
 180     4.990 56441.79906282 38.09 196.059377  62.120684 28.968  245.51  247.73  249.10
 180     5.312 56441.79906341 37.65 196.064177  62.122046 20.853  245.51  247.73  249.10
 181     6.842 56451.71471210 43.21 196.051836  62.119522   -100  235.34  240.48  241.56
 181     6.698 56451.71471269 48.32 196.056636  62.120884   -100  235.34  240.48  241.56
 181     6.645 56451.71471328 44.37 196.061435  62.122246 12.725  235.34  240.48  241.56
 182     7.806 56461.63035968 28.13 196.051744  62.118779 12.190  241.22  247.45  244.23
 182     7.264 56461.63036027 27.63 196.056542  62.120141 14.817  241.22  247.45  244.23
 182     6.268 56461.63036086 27.99 196.061342  62.121503 14.271  241.22  247.45  244.23
 183     7.688 56471.54600390 38.09 196.052220  62.117073   -100  240.99  245.80  243.29
 183     7.407 56471.54600449 30.95 196.057018  62.118434 17.120  240.99  245.80  243.29
 183     7.283 56471.54600509 27.63 196.061817  62.119796 10.515  240.99  245.80  243.29
 183     6.270 56471.54600568 27.80 196.066616  62.121157 11.349  240.99  245.80  243.29
 184     6.260 56481.46164486 33.48 196.054802  62.115942 30.745  241.74  245.85  244.84
 184     5.632 56481.46164545 36.44 196.059600  62.117304   -100  241.74  245.85  244.84
 184     5.385 56481.46164604 35.92 196.064399  62.118666   -100  241.74  245.85  244.84
 185     5.295 56491.37728190 43.88 196.055016  62.115388 29.186  241.07  245.82  243.29
 185     5.118 56491.37728249 46.96 196.059814  62.116750   -100  241.07  245.82  243.29
 185     4.856 56491.37728308 49.68 196.064612  62.118112   -100  241.07  245.82  243.29
 186     6.205 56501.29291673 32.93 196.056304  62.116075 23.639  250.89  257.14  253.03
 186     4.993 56501.29291732 35.11 196.061102  62.117437   -100  250.89  257.14  253.03
 186     4.715 56501.29291791 39.91 196.065901  62.118799  6.237  250.89  257.14  253.03
 187     6.209 56511.20854963 32.51 196.053766  62.115493 26.744  247.96  253.87  251.30
 187     5.135 56511.20855022 32.30 196.058564  62.116855 29.487  247.96  253.87  251.30
 187     5.244 56511.20855081 32.47 196.063362  62.118217 26.335  247.96  253.87  251.30
 187     5.278 56511.20855140 33.95 196.068161  62.119579 31.504  247.96  253.87  251.30
 188     6.295 56521.12419486 33.63 196.054485  62.115797 29.308  249.78  254.66  252.15
 188     4.959 56521.12419545 33.46 196.059283  62.117159   -100  249.78  254.66  252.15
 188     4.580 56521.12419604 36.20 196.064082  62.118521   -100  249.78  254.66  252.15
 189     6.133 56531.03984824 35.24 196.055762  62.116136 27.642  245.69  249.03  249.46
 189     4.967 56531.03984883 38.49 196.060561  62.117498   -100  245.69  249.03  249.46
 189     5.055 56531.03984942 37.92 196.065360  62.118860   -100  245.69  249.03  249.46
 191     4.602 56550.87114273 44.58 196.055597  62.116329   -100  242.42  245.19  246.35
 191     4.544 56550.87114333 39.32 196.060396  62.117691 25.514  242.42  245.19  246.35
 191     4.660 56550.87114392 42.44 196.065196  62.119053   -100  242.42  245.19  246.35
 192     4.472 56560.78678535 44.13 196.052544  62.117439   -100  239.16  243.02  244.19
 192     4.226 56560.78678594 48.33 196.057343  62.118801   -100  239.16  243.02  244.19
 192     4.403 56560.78678653 48.10 196.062142  62.120162  8.299  239.16  243.02  244.19
 192     4.587 56560.78678712 46.94 196.066942  62.121524   -100  239.16  243.02  244.19
 193     7.481 56570.70242748 26.34 196.054705  62.120002 12.783  239.12  243.29  245.61
 193     5.655 56570.70242807 27.97 196.059504  62.121363 14.582  239.12  243.29  245.61
 193     5.424 56570.70242866 29.06 196.064304  62.122725 16.199  239.12  243.29  245.61
 194     5.628 56580.61806747 32.98 196.052640  62.120072 19.100  236.56  242.46  244.96
 194     4.876 56580.61806806 36.40 196.057440  62.121435 30.585  236.56  242.46  244.96
 194     4.552 56580.61806865 38.33 196.062239  62.122796   -100  236.56  242.46  244.96
 195     7.767 56590.53370349 27.84 196.053788  62.118608  9.982  235.23  238.98  240.51
 195     5.218 56590.53370408 32.35 196.058587  62.119970 25.680  235.23  238.98  240.51
 195     5.221 56590.53370467 31.90 196.063386  62.121332 23.922  235.23  238.98  240.51
 196     4.549 56600.44935065 43.92 196.055292  62.117845 31.527  239.09  243.21  244.70
 196     4.165 56600.44935124 45.72 196.060091  62.119207   -100  239.09  243.21  244.70
 196     4.272 56600.44935183 42.82 196.064890  62.120569   -100  239.09  243.21  244.70
 197     5.891 56610.36500106 37.13 196.056370  62.118411 25.143  232.46  236.37  239.33
 197     6.984 56610.36500165 33.26 196.061169  62.119773 13.568  232.46  236.37  239.33
 197     5.397 56610.36500224 33.33 196.065968  62.121134 12.816  232.46  236.37  239.33
 198     2.674 56620.28064645 35.84 196.053604  62.118985 30.132  245.27  246.88  249.48
 198     2.641 56620.28064704 32.24 196.058403  62.120347 19.216  245.27  246.88  249.48
 198     6.621 56620.28064763 27.69 196.063202  62.121708  9.092  245.27  246.88  249.48
 199     2.576 56630.19628903 33.96 196.053336  62.119812 27.899  250.65  253.30  252.87
 199     2.521 56630.19628962 28.53 196.058136  62.121174 13.004  250.65  253.30  252.87
 199     5.376 56630.19629021 26.95 196.062935  62.122536 10.450  250.65  253.30  252.87
 200     6.870 56640.11192809 28.82 196.054751  62.118914  4.909  241.47  241.76  244.35
 200     6.119 56640.11192868 28.41 196.059551  62.120276  4.486  241.47  241.76  244.35
 200     5.510 56640.11192927 29.03 196.064351  62.121638  5.758  241.47  241.76  244.35
 201     6.909 56650.02757423 27.25 196.055526  62.116625  4.375  239.53  239.94  241.86
 201     5.901 56650.02757482 27.59 196.060325  62.117987  4.832  239.53  239.94  241.86
 201     5.478 56650.02757541 27.85 196.065125  62.119349  4.976  239.53  239.94  241.86
 202     7.047 56659.94322486 24.83 196.054464  62.114710  4.802 -100.00 -100.00 -100.00
 202     5.717 56659.94322545 24.60 196.059263  62.116072  4.790 -100.00 -100.00 -100.00
 202     5.427 56659.94322604 25.05 196.064063  62.117434  5.198 -100.00 -100.00 -100.00
 202     5.094 56659.94322663 24.76 196.068862  62.118796  4.249 -100.00 -100.00 -100.00
 203     7.104 56669.85887221 22.97 196.055168  62.115286  3.733 -100.00 -100.00 -100.00
 203     5.911 56669.85887280 23.07 196.059967  62.116648  3.979 -100.00 -100.00 -100.00
 203     5.786 56669.85887339 23.01 196.064767  62.118010  3.955 -100.00 -100.00 -100.00
 204     7.257 56679.77451751 16.42 196.056188  62.117952  5.333  227.30  221.46  208.09
 204     5.652 56679.77451810 17.14 196.060988  62.119314  5.544  227.30  221.46  208.09
 204     5.635 56679.77451869 16.42 196.065788  62.120675  4.821  227.30  221.46  208.09
 205     2.502 56689.69016046 35.05 196.052599  62.118669   -100  247.94  245.48  238.96
 205     4.949 56689.69016105 30.08 196.057399  62.120031 14.024  247.94  245.48  238.96
 205     4.349 56689.69016164 36.38 196.062199  62.121393   -100  247.94  245.48  238.96
 206     6.500 56699.60580056 22.88 196.052254  62.117975  4.656  235.69  232.30  225.50
 206     5.389 56699.60580115 25.30 196.057053  62.119337  8.347  235.69  232.30  225.50
 206     5.657 56699.60580174 24.05 196.061852  62.120699  6.355  235.69  232.30  225.50
 207     5.750 56709.52143605 23.74 196.054213  62.115868  6.712  235.74  231.96  224.73
 207     5.570 56709.52143664 22.91 196.059011  62.117230  5.532  235.74  231.96  224.73
 207     5.490 56709.52143723 22.39 196.063810  62.118592  4.082  235.74  231.96  224.73
 208     5.276 56719.43707636 27.01 196.054482  62.114525 10.474  236.99  233.20  223.05
 208     5.277 56719.43707695 27.34 196.059280  62.115887  9.541  236.99  233.20  223.05
 208     5.199 56719.43707754 30.43 196.064079  62.117249 17.436  236.99  233.20  223.05
 208     5.416 56719.43707813 29.61 196.068878  62.118611 13.023  236.99  233.20  223.05
 209     5.582 56729.35272871 24.06 196.053608  62.115989  6.611 -100.00 -100.00 -100.00
 209     5.414 56729.35272930 26.35 196.058406  62.117350  9.756 -100.00 -100.00 -100.00
 209     5.536 56729.35272989 24.60 196.063205  62.118712  8.355 -100.00 -100.00 -100.00
 209     5.222 56729.35273048 28.86 196.068004  62.120074 15.961 -100.00 -100.00 -100.00
 210     4.758 56739.26837716 31.67 196.051109  62.118487 23.920  239.88  236.12  228.65
 210     5.084 56739.26837775 30.37 196.055908  62.119849 18.685  239.88  236.12  228.65
 210     5.273 56739.26837834 30.17 196.060707  62.121210 15.033  239.88  236.12  228.65
 210     5.127 56739.26837893 31.67 196.065507  62.122572 22.144  239.88  236.12  228.65
 211     4.691 56749.18402173 35.63 196.049299  62.120481 28.329  249.84  248.57  245.08
 211     5.135 56749.18402232 33.79 196.054099  62.121843 18.424  249.84  248.57  245.08
 211     4.912 56749.18402291 35.72 196.058899  62.123205 27.116  249.84  248.57  245.08
 211     5.296 56749.18402350 34.07 196.063699  62.124566 20.411  249.84  248.57  245.08
 212     1.499 56759.09966170 39.69 196.050846  62.120760   -100  255.70  255.24  253.83
 212     5.278 56759.09966229 33.08 196.055646  62.122122 15.590  255.70  255.24  253.83
 212     5.101 56759.09966288 33.57 196.060446  62.123484 14.659  255.70  255.24  253.83
 213     1.840 56769.01529526 43.31 196.053189  62.118865   -100 -100.00 -100.00 -100.00
 213     5.299 56769.01529585 35.93 196.057988  62.120227 20.502 -100.00 -100.00 -100.00
 213     5.368 56769.01529644 36.98 196.062788  62.121589 25.407 -100.00 -100.00 -100.00
 214     2.871 56778.93094390 41.87 196.053511  62.117678   -100  253.45  254.68  255.89
 214     3.085 56778.93094449 35.89 196.058310  62.119040 29.262  253.45  254.68  255.89
 214     5.023 56778.93094508 32.61 196.063110  62.120402 19.491  253.45  254.68  255.89
 215     7.722 56788.84659962 31.33 196.053128  62.118297 25.895  244.69  247.01  249.13
 215     4.870 56788.84660021 31.52 196.057927  62.119659 24.571  244.69  247.01  249.13
 215     5.279 56788.84660080 33.66 196.062727  62.121020 29.981  244.69  247.01  249.13
 216     7.617 56798.76225167 29.18 196.050246  62.119330 21.889  241.15  242.99  245.77
 216     5.395 56798.76225226 31.23 196.055045  62.120692   -100  241.15  242.99  245.77
 216     5.414 56798.76225285 31.39 196.059845  62.122054   -100  241.15  242.99  245.77
 216     5.443 56798.76225344 35.45 196.064645  62.123415   -100  241.15  242.99  245.77
 217     5.261 56808.67789831 32.10 196.052717  62.121413 29.962  239.60  242.33  243.08
 217     5.364 56808.67789890 31.67 196.057516  62.122775 26.155  239.60  242.33  243.08
 217     5.444 56808.67789949 32.30 196.062317  62.124136 27.749  239.60  242.33  243.08
 218     4.839 56818.59353880 45.20 196.053346  62.120608 12.627  238.82  241.62  242.77
 218     4.748 56818.59353939 44.97 196.058146  62.121969 29.922  238.82  241.62  242.77
 218     4.884 56818.59353998 37.95 196.062946  62.123331 11.827  238.82  241.62  242.77
 219     7.649 56828.50917520 38.76 196.052212  62.117311   -100  241.36  244.50  244.55
 219     7.296 56828.50917579 34.23 196.057011  62.118673   -100  241.36  244.50  244.55
 219     5.280 56828.50917638 36.90 196.061810  62.120034   -100  241.36  244.50  244.55
 219     5.215 56828.50917697 33.80 196.066609  62.121396   -100  241.36  244.50  244.55
 220     5.218 56838.42480928 44.27 196.058492  62.115603 16.600 -100.00 -100.00 -100.00
 220     5.366 56838.42480987 50.18 196.063291  62.116964  1.832 -100.00 -100.00 -100.00
 220     5.432 56838.42481046 50.15 196.068089  62.118326   -100 -100.00 -100.00 -100.00
 221     5.823 56848.34044031 37.68 196.059697  62.114479   -100  244.08  247.88  246.25
 221     5.516 56848.34044090 39.80 196.064494  62.115841   -100  244.08  247.88  246.25
 221     5.688 56848.34044149 35.88 196.069293  62.117202   -100  244.08  247.88  246.25
 222     6.152 56858.25609446 28.14 196.056609  62.116462 18.922  243.12  246.22  246.94
 222     5.488 56858.25609505 28.25 196.061407  62.117824 24.374  243.12  246.22  246.94
 222     5.580 56858.25609564 28.97 196.066206  62.119185 27.416  243.12  246.22  246.94
 223     7.304 56868.17174822 29.28 196.055365  62.119148 25.124  250.71  254.38  252.82
 223     5.487 56868.17174881 29.19 196.060164  62.120510 28.355  250.71  254.38  252.82
 223     6.582 56868.17174940 29.47 196.064963  62.121872 24.082  250.71  254.38  252.82
 224     5.270 56878.08739986 42.04 196.054314  62.119841 14.443  253.73  257.81  257.54
 224     5.523 56878.08740045 42.90 196.059113  62.121203   -100  253.73  257.81  257.54
 224     6.105 56878.08740104 42.99 196.063913  62.122564 25.612  253.73  257.81  257.54
 225     4.748 56888.00304785 35.45 196.051842  62.118258   -100  250.42  254.75  254.66
 225     4.844 56888.00304844 40.31 196.056641  62.119620 16.055  250.42  254.75  254.66
 225     4.929 56888.00304903 39.35 196.061441  62.120982 21.563  250.42  254.75  254.66
 226     7.241 56897.91869374 31.78 196.054769  62.117793 27.417  249.27  252.76  252.67
 226     4.522 56897.91869433 35.56 196.059568  62.119155   -100  249.27  252.76  252.67
 226     4.693 56897.91869492 35.68 196.064368  62.120516   -100  249.27  252.76  252.67
 227     7.105 56907.83433700 31.35 196.056107  62.118787 30.662  245.60  247.22  247.81
 227     4.626 56907.83433759 35.49 196.060907  62.120148   -100  245.60  247.22  247.81
 227     4.863 56907.83433818 32.29 196.065707  62.121510   -100  245.60  247.22  247.81
 228     4.593 56917.74997794 42.32 196.054195  62.120497 26.882  244.26  247.16  247.13
 228     4.812 56917.74997853 40.18 196.058995  62.121859  3.818  244.26  247.16  247.13
 228     4.789 56917.74997912 41.28 196.063795  62.123221 15.765  244.26  247.16  247.13
 229     4.289 56927.66561666 45.21 196.051037  62.121480  6.406  240.08  241.17  243.68
 229     4.463 56927.66561725 46.61 196.055836  62.122842   -100  240.08  241.17  243.68
 229     4.387 56927.66561784 49.17 196.060636  62.124203 21.489  240.08  241.17  243.68
 230     4.047 56937.58125145 45.35 196.050026  62.120774 19.888  240.18  240.76  243.98
 230     4.549 56937.58125204 42.12 196.054825  62.122136   -100  240.18  240.76  243.98
 230     4.038 56937.58125263 44.30 196.059625  62.123498  9.652  240.18  240.76  243.98
 231     6.161 56947.49688289 29.81 196.051043  62.118110 16.630  249.68  250.89  252.79
 231     3.537 56947.49688348 33.17 196.055842  62.119472 28.181  249.68  250.89  252.79
 231     3.702 56947.49688407 36.28 196.060640  62.120834   -100  249.68  250.89  252.79
 231     3.686 56947.49688466 36.48 196.065440  62.122196 28.829  249.68  250.89  252.79
 232     3.112 56957.41253714 37.33 196.056458  62.118318   -100  252.78  252.73  251.72
 232     3.214 56957.41253773 34.35 196.061256  62.119680 28.949  252.78  252.73  251.72
 232     3.140 56957.41253832 37.22 196.066055  62.121042   -100  252.78  252.73  251.72
 233     3.258 56967.32818524 38.98 196.054549  62.117513   -100  235.98  232.43  226.63
 233     3.142 56967.32818583 36.81 196.059348  62.118874   -100  235.98  232.43  226.63
 233     3.132 56967.32818642 37.32 196.064147  62.120236 32.146  235.98  232.43  226.63
 234     2.824 56977.24382968 40.25 196.054265  62.118513 31.898  253.44  254.99  255.68
 234     2.739 56977.24383027 36.96 196.059064  62.119874 29.354  253.44  254.99  255.68
 234     4.139 56977.24383086 35.17 196.063864  62.121236 21.102  253.44  254.99  255.68
 235     5.560 56987.15946963 32.21 196.054004  62.119334 10.777  252.45  254.49  255.34
 235     5.249 56987.15947022 32.44 196.058804  62.120696 11.251  252.45  254.49  255.34
 235     5.107 56987.15947081 30.81 196.063603  62.122058  8.161  252.45  254.49  255.34
 236     5.419 56997.07510334 28.13 196.053036  62.117669 13.226  250.85  249.99  243.23
 236     5.076 56997.07510393 28.41 196.057835  62.119031 13.561  250.85  249.99  243.23
 236     5.424 56997.07510452 25.41 196.062634  62.120393  8.107  250.85  249.99  243.23
 237     6.300 57006.99074981 21.83 196.057081  62.116790  3.420  246.22  246.94  241.86
 237     5.758 57006.99075040 22.24 196.061880  62.118152  4.065  246.22  246.94  241.86
 237     5.837 57006.99075099 21.82 196.066680  62.119514  3.692  246.22  246.94  241.86
 238     6.087 57016.90640380 22.38 196.058229  62.115822  4.233  244.43  243.22  236.43
 238     6.093 57016.90640439 21.32 196.063028  62.117184  2.863  244.43  243.22  236.43
 238     5.885 57016.90640498 21.14 196.067828  62.118546  3.951  244.43  243.22  236.43
 239     5.012 57026.82205380 24.72 196.055565  62.115393  8.132  240.32  237.38  225.03
 239     5.208 57026.82205439 26.00 196.060364  62.116755  8.453  240.32  237.38  225.03
 239     5.294 57026.82205498 29.33 196.065164  62.118117 14.655  240.32  237.38  225.03
 240     5.370 57036.73770255 28.41 196.056754  62.118006  7.525  227.46  230.35  220.18
 240     5.416 57036.73770314 29.77 196.061553  62.119368 11.609  227.46  230.35  220.18
 240     5.254 57036.73770373 28.21 196.066353  62.120730  8.633  227.46  230.35  220.18
 241     5.375 57046.65334822 20.66 196.054623  62.119299  4.211  221.89  220.05  210.64
 241     5.455 57046.65334881 20.24 196.059423  62.120660  4.408  221.89  220.05  210.64
 241     5.199 57046.65334940 21.26 196.064223  62.122022  4.894  221.89  220.05  210.64
 242     5.591 57056.56899044 19.60 196.054839  62.119514  4.936  229.22  228.66  218.43
 242     5.372 57056.56899103 19.69 196.059638  62.120875  4.655  229.22  228.66  218.43
 242     5.360 57056.56899162 19.27 196.064438  62.122237  3.794  229.22  228.66  218.43
 243     5.521 57066.48462678 18.25 196.052305  62.116901  4.344  234.49  234.92  226.26
 243     5.485 57066.48462737 18.47 196.057103  62.118263  4.414  234.49  234.92  226.26
 243     5.398 57066.48462796 19.30 196.061902  62.119625  5.709  234.49  234.92  226.26
 243     5.382 57066.48462855 18.92 196.066701  62.120986  5.786  234.49  234.92  226.26
 244     4.813 57076.40025925 43.35 196.053734  62.115712   -100  234.77  238.24  242.58
 244     5.248 57076.40025984 38.09 196.058532  62.117074 17.651  234.77  238.24  242.58
 244     5.316 57076.40026044 39.37 196.063331  62.118435 21.010  234.77  238.24  242.58
 244     5.393 57076.40026103 39.95 196.068130  62.119797 24.067  234.77  238.24  242.58
 245     7.122 57086.31588872 20.21 196.053832  62.115030  4.491 -100.00 -100.00 -100.00
 245     5.991 57086.31588931 21.04 196.058630  62.116392  6.184 -100.00 -100.00 -100.00
 245     6.216 57086.31588991 20.48 196.063428  62.117754  4.612 -100.00 -100.00 -100.00
 245     5.322 57086.31589050 20.53 196.068227  62.119116  5.134 -100.00 -100.00 -100.00
 246     6.290 57096.23154730 18.67 196.051298  62.117755  3.672  226.43  218.45  205.48
 246     5.895 57096.23154789 18.37 196.056097  62.119117  3.579  226.43  218.45  205.48
 246     5.725 57096.23154848 18.21 196.060896  62.120479  3.160  226.43  218.45  205.48
 246     5.527 57096.23154907 18.35 196.065695  62.121841  3.253  226.43  218.45  205.48
 247     6.140 57106.14720401 17.97 196.052703  62.121007  2.879  235.71  231.51  219.36
 247     5.777 57106.14720460 17.95 196.057503  62.122369  3.736  235.71  231.51  219.36
 247     5.351 57106.14720519 18.24 196.062302  62.123731  3.790  235.71  231.51  219.36
 248     5.773 57116.06285565 17.69 196.052677  62.121701  3.988  240.42  236.17  224.84
 248     5.349 57116.06285624 17.53 196.057477  62.123063  3.370  240.42  236.17  224.84
 248     5.366 57116.06285683 17.52 196.062277  62.124425  3.766  240.42  236.17  224.84
 249     6.056 57125.97850042 14.47 196.049831  62.119460  2.855  235.31  226.82  209.71
 249     5.865 57125.97850101 14.26 196.054630  62.120823  2.818  235.31  226.82  209.71
 249     5.523 57125.97850160 14.14 196.059430  62.122185  3.140  235.31  226.82  209.71
 249     5.301 57125.97850219 14.27 196.064230  62.123546  3.266  235.31  226.82  209.71
 250     6.548 57135.89414042 15.60 196.052254  62.118206  2.714 -100.00 -100.00 -100.00
 250     6.887 57135.89414101 15.92 196.057053  62.119568  3.260 -100.00 -100.00 -100.00
 250     6.185 57135.89414160 16.15 196.061853  62.120930  3.444 -100.00 -100.00 -100.00
 251     5.293 57145.80977616 32.44 196.054363  62.117272 19.821 -100.00 -100.00 -100.00
 251     5.601 57145.80977675 31.52 196.059162  62.118634 17.802 -100.00 -100.00 -100.00
 251     5.376 57145.80977734 35.63 196.063962  62.119996 27.909 -100.00 -100.00 -100.00
 252     4.048 57155.72540950 35.82 196.056141  62.117198 26.471  251.59  254.56  254.83
 252     5.262 57155.72541009 32.01 196.060940  62.118560 18.556  251.59  254.56  254.83
 252     5.310 57155.72541068 31.79 196.065739  62.119922 15.154  251.59  254.56  254.83
 253     7.458 57165.64105044 27.71 196.055787  62.117385 12.274  234.66  238.89  240.15
 253     7.288 57165.64105103 28.70 196.060586  62.118747 13.725  234.66  238.89  240.15
 253     5.650 57165.64105162 31.30 196.065385  62.120109 23.031  234.66  238.89  240.15
 254     7.674 57175.55670682 36.80 196.053910  62.117840   -100  238.61  242.64  242.49
 254     6.020 57175.55670741 35.53 196.058708  62.119202   -100  238.61  242.64  242.49
 254     6.019 57175.55670800 39.13 196.063507  62.120564   -100  238.61  242.64  242.49
 255     5.760 57185.47235932 35.96 196.052319  62.116724   -100  241.15  246.08  245.64
 255     5.871 57185.47235991 32.28 196.057117  62.118086   -100  241.15  246.08  245.64
 255     6.637 57185.47236050 28.11 196.061915  62.119448 19.805  241.15  246.08  245.64
 255     5.713 57185.47236109 27.71 196.066715  62.120809 17.425  241.15  246.08  245.64
 256     4.717 57195.38800853 36.22 196.057295  62.116958   -100  248.41  253.62  250.94
 256     4.826 57195.38800913 37.85 196.062093  62.118319   -100  248.41  253.62  250.94
 256     4.921 57195.38800972 38.33 196.066892  62.119681   -100  248.41  253.62  250.94
 257     3.841 57205.30364368 34.57 196.057551  62.116937   -100 -100.00 -100.00 -100.00
 257     4.064 57205.30364427 34.47 196.062350  62.118298   -100 -100.00 -100.00 -100.00
 257     4.434 57205.30364486 35.02 196.067149  62.119660   -100 -100.00 -100.00 -100.00
 258     4.818 57215.21928889 34.21 196.055026  62.117607 27.873  250.59  256.34  252.80
 258     4.896 57215.21928948 36.15 196.059825  62.118968 30.427  250.59  256.34  252.80
 258     5.120 57215.21929007 39.60 196.064624  62.120330   -100  250.59  256.34  252.80
 259     3.940 57225.13493265 40.43 196.051960  62.118084   -100  249.88  255.21  253.76
 259     4.080 57225.13493324 35.62 196.056758  62.119446   -100  249.88  255.21  253.76
 259     5.056 57225.13493383 31.91 196.061557  62.120807 31.691  249.88  255.21  253.76
 260     4.320 57235.05057494 33.84 196.053637  62.118811   -100  253.32  256.08  255.27
 260     4.538 57235.05057553 34.16 196.058436  62.120173   -100  253.32  256.08  255.27
 260     4.411 57235.05057612 33.30 196.063235  62.121534   -100  253.32  256.08  255.27
 261     7.351 57244.96621360 35.21 196.054309  62.118037   -100  248.91  251.31  251.14
 261     3.999 57244.96621419 38.60 196.059108  62.119399   -100  248.91  251.31  251.14
 261     4.577 57244.96621478 34.56 196.063907  62.120760   -100  248.91  251.31  251.14
 262     4.369 57254.88184980 43.54 196.056169  62.117485   -100  249.10  252.87  252.10
 262     4.096 57254.88185039 40.93 196.060968  62.118847 20.914  249.10  252.87  252.10
 262     4.284 57254.88185098 39.07 196.065767  62.120209  4.002  249.10  252.87  252.10
 263     7.616 57264.79748433 26.26 196.054545  62.117129 11.139  240.90  243.09  244.55
 263     5.688 57264.79748492 27.53 196.059344  62.118491 17.857  240.90  243.09  244.55
 263     5.147 57264.79748551 28.82 196.064143  62.119853 19.724  240.90  243.09  244.55
 264     7.311 57274.71312545 30.33 196.054771  62.118459 26.588  242.71  247.35  248.35
 264     5.054 57274.71312604 40.40 196.059570  62.119821 19.632  242.71  247.35  248.35
 264     5.304 57274.71312663 37.48 196.064369  62.121183   -100  242.71  247.35  248.35
 265     5.445 57284.62878261 30.88 196.053218  62.120009 26.774  234.46  236.57  239.01
 265     5.420 57284.62878320 32.79 196.058018  62.121372   -100  234.46  236.57  239.01
 265     5.444 57284.62878379 32.57 196.062817  62.122733 31.478  234.46  236.57  239.01
 266     4.896 57294.54443689 38.67 196.052872  62.120220   -100  232.66  235.11  237.82
 266     5.105 57294.54443748 39.14 196.057671  62.121582   -100  232.66  235.11  237.82
 266     5.087 57294.54443807 41.53 196.062470  62.122943 16.013  232.66  235.11  237.82
 267     5.072 57304.46008746 36.07 196.052605  62.119374   -100 -100.00 -100.00 -100.00
 267     4.933 57304.46008805 42.91 196.057404  62.120736  3.677 -100.00 -100.00 -100.00
 267     5.134 57304.46008864 41.33 196.062203  62.122097   -100 -100.00 -100.00 -100.00
 268     4.518 57314.37573434 46.71 196.053457  62.118816 13.049 -100.00 -100.00 -100.00
 268     4.656 57314.37573493 46.81 196.058256  62.120178   -100 -100.00 -100.00 -100.00
 268     4.680 57314.37573552 43.86 196.063055  62.121539   -100 -100.00 -100.00 -100.00
 269     7.159 57324.29137823 28.52 196.055048  62.119294 16.696  233.90  236.71  239.23
 269     3.898 57324.29137882 32.60 196.059847  62.120656 32.377  233.90  236.71  239.23
 269     3.601 57324.29137941 36.73 196.064647  62.122017   -100  233.90  236.71  239.23
 270     2.965 57334.20701955 41.08 196.050851  62.118203   -100  242.77  247.29  250.16
 270     3.225 57334.20702014 37.77 196.055650  62.119565   -100  242.77  247.29  250.16
 270     3.262 57334.20702073 34.69 196.060449  62.120926   -100  242.77  247.29  250.16
 270     3.725 57334.20702132 34.98 196.065249  62.122288 29.582  242.77  247.29  250.16
 271     2.546 57344.12265995 38.61 196.055225  62.119031   -100  245.53  246.15  247.57
 271     2.556 57344.12266054 34.67 196.060025  62.120392 23.803  245.53  246.15  247.57
 271     2.293 57344.12266113 34.98 196.064824  62.121754 22.143  245.53  246.15  247.57
 272     6.316 57354.03831349 19.43 196.053266  62.118485  3.094  243.01  244.08  238.63
 272     5.574 57354.03831408 19.42 196.058066  62.119847  3.162  243.01  244.08  238.63
 272     5.424 57354.03831467 19.62 196.062866  62.121209  4.117  243.01  244.08  238.63
 273     6.459 57363.95395773 16.44 196.056095  62.118171  2.992  239.46  237.93  233.22
 273     5.929 57363.95395832 16.47 196.060895  62.119533  2.898  239.46  237.93  233.22
 273     5.414 57363.95395891 16.67 196.065695  62.120895  3.568  239.46  237.93  233.22
 274     5.913 57373.86959836 15.99 196.057508  62.117417  3.180  232.64  227.38  216.28
 274     5.886 57373.86959895 15.69 196.062307  62.118779  2.804  232.64  227.38  216.28
 274     5.806 57373.86959954 15.79 196.067107  62.120140  3.056  232.64  227.38  216.28
 275     6.259 57383.78523686 14.55 196.055843  62.116853  2.923  237.67  236.12  226.37
 275     5.910 57383.78523745 14.32 196.060642  62.118215  2.689  237.67  236.12  226.37
 275     6.370 57383.78523804 14.37 196.065442  62.119576  2.524  237.67  236.12  226.37
 276     4.471 57393.70087529 29.72 196.057120  62.117459 22.869 -100.00 -100.00 -100.00
 276     3.155 57393.70087588 32.31 196.061919  62.118821   -100 -100.00 -100.00 -100.00
 276     3.302 57393.70087647 32.61 196.066719  62.120183 29.186 -100.00 -100.00 -100.00
 277     6.899 57403.61651212 16.45 196.053196  62.116364  2.922  223.99  217.86  204.31
 277     6.797 57403.61651271 16.53 196.057995  62.117726  2.806  223.99  217.86  204.31
 277     5.679 57403.61651330 16.76 196.062794  62.119088  3.890  223.99  217.86  204.31
 277     5.280 57403.61651389 16.93 196.067593  62.120450  3.445  223.99  217.86  204.31
 278     6.205 57413.53215770 15.92 196.054531  62.116847  2.999 -100.00 -100.00 -100.00
 278     5.737 57413.53215829 16.09 196.059329  62.118209  3.252 -100.00 -100.00 -100.00
 278     5.775 57413.53215888 16.22 196.064128  62.119571  3.159 -100.00 -100.00 -100.00
 279     6.121 57423.44780940 20.16 196.055642  62.117871  4.544  226.72  220.32  206.00
 279     5.472 57423.44780999 20.99 196.060441  62.119233  5.373  226.72  220.32  206.00
 279     5.274 57423.44781058 21.32 196.065240  62.120595  5.514  226.72  220.32  206.00
 280     5.922 57433.36345824 19.61 196.055710  62.119157  4.615  229.93  224.95  211.90
 280     5.310 57433.36345883 20.92 196.060509  62.120519  6.161  229.93  224.95  211.90
 280     5.245 57433.36345942 20.40 196.065309  62.121881  5.317  229.93  224.95  211.90
 281     5.943 57443.27910521 17.44 196.054430  62.120482  3.189  235.06  231.44  218.67
 281     5.657 57443.27910580 18.16 196.059230  62.121844  4.616  235.06  231.44  218.67
 281     5.296 57443.27910639 17.42 196.064029  62.123205  3.208  235.06  231.44  218.67
 282     6.126 57453.19475134 17.87 196.052098  62.120917  3.615  234.28  229.12  216.42
 282     5.682 57453.19475193 17.99 196.056897  62.122278  3.865  234.28  229.12  216.42
 282     5.388 57453.19475252 17.75 196.061697  62.123640  4.162  234.28  229.12  216.42
 283     5.863 57463.11039610 17.60 196.053310  62.121184  3.306 -100.00 -100.00 -100.00
 283     5.586 57463.11039669 17.25 196.058110  62.122546  2.855 -100.00 -100.00 -100.00
 283     5.091 57463.11039728 17.55 196.062910  62.123908  3.513 -100.00 -100.00 -100.00
 284     5.944 57473.02603666 15.85 196.051453  62.118750  2.710  243.04  239.08  227.09
 284     5.368 57473.02603725 16.04 196.056253  62.120112  2.700  243.04  239.08  227.09
 284     5.320 57473.02603784 16.02 196.061052  62.121474  3.225  243.04  239.08  227.09
 285     5.094 57482.94167403 36.08 196.054713  62.117649   -100  262.39  261.70  261.67
 285     5.138 57482.94167462 37.60 196.059512  62.119011 32.141  262.39  261.70  261.67
 285     5.111 57482.94167521 40.05 196.064312  62.120373   -100  262.39  261.70  261.67
 286     5.261 57492.85730840 37.44 196.057644  62.117192   -100 -100.00 -100.00 -100.00
 286     5.231 57492.85730899 40.39 196.062443  62.118554   -100 -100.00 -100.00 -100.00
 286     5.395 57492.85730958 41.47 196.067242  62.119916   -100 -100.00 -100.00 -100.00
 287     7.005 57502.77293996 33.12 196.054010  62.115805 15.930  252.23  253.94  254.67
 287     5.038 57502.77294055 35.71 196.058808  62.117167 25.747  252.23  253.94  254.67
 287     5.110 57502.77294114 38.96 196.063607  62.118529   -100  252.23  253.94  254.67
 287     5.126 57502.77294173 41.27 196.068407  62.119891   -100  252.23  253.94  254.67
 288     6.060 57512.68859179 30.08 196.057015  62.117708 16.229  241.01  242.98  243.95
 288     5.362 57512.68859238 32.36 196.061814  62.119070 20.415  241.01  242.98  243.95
 288     5.237 57512.68859297 37.75 196.066614  62.120432 31.828  241.01  242.98  243.95
 289     4.875 57522.60424644 37.26 196.054586  62.117379   -100  235.68  240.28  240.14
 289     4.983 57522.60424703 41.67 196.059385  62.118741 22.183  235.68  240.28  240.14
 289     5.467 57522.60424762 39.49 196.064184  62.120103   -100  235.68  240.28  240.14
 290     6.114 57532.51989898 31.75 196.055197  62.116819 28.017  238.05  241.57  243.49
 290     7.185 57532.51989957 25.83 196.059995  62.118181 12.611  238.05  241.57  243.49
 290     5.638 57532.51990016 26.58 196.064794  62.119542 12.920  238.05  241.57  243.49
 291     6.206 57542.43554800 32.06 196.053301  62.115652 24.742  239.57  241.70  241.94
 291     5.699 57542.43554859 36.13 196.058100  62.117014   -100  239.57  241.70  241.94
 291     5.427 57542.43554918 39.64 196.062898  62.118376  9.936  239.57  241.70  241.94
 291     5.635 57542.43554977 39.31 196.067697  62.119737   -100  239.57  241.70  241.94
 292     5.257 57552.35119497 39.51 196.056344  62.116854  0.324  242.27  245.10  244.76
 292     5.314 57552.35119556 39.27 196.061143  62.118216   -100  242.27  245.10  244.76
 292     5.872 57552.35119615 40.30 196.065942  62.119577 30.120  242.27  245.10  244.76
 293     4.809 57562.26684000 39.47 196.054208  62.117484   -100  247.52  253.07  250.96
 293     4.712 57562.26684059 44.73 196.059007  62.118846 27.433  247.52  253.07  250.96
 293     5.043 57562.26684118 36.13 196.063806  62.120208   -100  247.52  253.07  250.96
 294     4.625 57572.18248504 34.49 196.055440  62.118992   -100  252.26  255.74  254.39
 294     4.749 57572.18248563 33.65 196.060240  62.120354   -100  252.26  255.74  254.39
 294     4.710 57572.18248622 34.34 196.065039  62.121716   -100  252.26  255.74  254.39
 295     7.279 57582.09812922 34.93 196.051308  62.117936   -100  256.08  260.00  257.60
 295     4.484 57582.09812981 37.05 196.056107  62.119298   -100  256.08  260.00  257.60
 295     4.524 57582.09813040 37.51 196.060906  62.120660   -100  256.08  260.00  257.60
 295     4.747 57582.09813100 37.01 196.065706  62.122022   -100  256.08  260.00  257.60
 296     7.245 57592.01377234 33.39 196.054099  62.118097   -100  251.11  255.19  254.91
 296     4.906 57592.01377293 35.99 196.058898  62.119459   -100  251.11  255.19  254.91
 296     4.863 57592.01377352 35.52 196.063697  62.120820   -100  251.11  255.19  254.91
 297     7.289 57601.92941271 34.41 196.055638  62.118224   -100  254.58  259.05  255.90
 297     5.157 57601.92941330 41.53 196.060437  62.119586  9.195  254.58  259.05  255.90
 297     5.315 57601.92941389 40.43 196.065236  62.120948  3.222  254.58  259.05  255.90
