# NaN NaN NaN ;Mean Elev.(m), Avg Gradient(m/km), RMS Gradient(m/km) - SRTM1     
#   55.378  -1.510   5.783 ;Mean Elev.(m), Avg Gradient(m/km), RMS Gradient(m/km) - ASTER GDEM
#   70.471  -1.960   9.208 ;Mean Elev.(m), Avg Gradient(m/km), RMS Gradient(m/km) - GMTED2010 
   8 208.272209  65.106294    64.401    64.405  4 54733.34328188 46.841
  12 208.270632  65.106592    64.688    64.616  3 54773.00586515 30.291
  13 208.275053  65.105559    64.603    64.593  3 54782.92150629 26.269
  14 208.272648  65.105255    64.540    64.543  4 54792.83714450 22.797
  15 208.270366  65.106544    64.419    64.415  4 54802.75278174 20.717
  25 208.271610  65.106112    64.623    64.658  3 54901.90922906 11.711
  26 208.272107  65.106374    64.836    64.836  3 54911.82486808 11.129
  29 208.269334  65.107438    64.439    64.439  2 54941.57177863 26.566
  30 208.272798  65.105298    64.649    64.644  4 54951.48741277 48.910
  31 208.278008  65.104293    64.698    64.693  4 54961.40305458 45.824
  32 208.274167  65.104753    64.955    64.705  4 54971.31870291 35.884
  33 208.271062  65.106499    64.691    64.716  3 54981.23435028 39.312
  42 208.269454  65.106570    64.786    64.721  4 55070.47513682 50.358
  43 208.274679  65.105306    65.014    65.064  3 55080.39078638 49.972
  44 208.274237  65.105527    64.330    64.371  3 55090.30643371 36.788
  48 208.271001  65.106326   125.902   126.045  3 55129.96901191 22.412
  49 208.277427  65.105100    63.041    63.042  4 55139.88465210 35.840
  50 208.276427  65.105261    64.342    64.191  4 55149.80029061 35.414
  51 208.269381  65.106461    64.067    64.107  3 55159.71592839 26.406
  60 208.268763  65.106963    64.113    64.121  3 55248.95673465 20.735
  61 208.271985  65.105870    64.077    64.075  4 55258.87237416 22.134
  62 208.270510  65.105758    64.115    64.106  4 55268.78801252 19.827
  63 208.268559  65.106761    63.958    63.964  4 55278.70365063 20.024
  65 208.269587  65.106801    64.116    64.123  3 55298.53492222 42.721
  66 208.272308  65.105489    64.095    64.097  3 55308.45056546 48.256
  67 208.276742  65.105035    64.775    64.727  3 55318.36621197 44.911
  68 208.276084  65.105494    64.046    64.036  4 55328.28185705 46.639
  69 208.269819  65.106617   108.365   108.779  4 55338.19750109 21.478
  77 208.268896  65.107267    65.224    65.227  3 55417.52263631 49.608
  78 208.272581  65.106200    64.995    65.035  4 55427.43828412 34.026
  79 208.271934  65.105474    64.721    64.712  4 55437.35392889 51.335
  80 208.271509  65.106004    64.521    64.525  3 55447.26957247 54.624
  81 208.269515  65.106804    64.681    64.714  3 55457.18521558 52.575
  82 208.267414  65.107112    64.063    64.069  4 55467.10085797 49.368
  83 208.269788  65.106632    63.757    63.726  3 55477.01649750 48.864
  84 208.272276  65.105518    63.552    63.550  3 55486.93213381 36.960
  85 208.275306  65.104895   112.375   112.629  3 55496.84776797 14.321
  86 208.273724  65.105424    64.349    64.331  4 55506.76340408 40.794
  87 208.269943  65.106791    64.966    64.976  4 55516.67905427 48.174
  95 208.269246  65.106049    64.849    64.841  3 55596.00420205 19.530
  96 208.273628  65.105274    64.915    64.951  4 55605.91983629 16.568
  97 208.274886  65.105239    64.832    64.828  4 55615.83546816 13.504
  98 208.272792  65.105984    64.789    64.814  4 55625.75110953 12.611
  99 208.268979  65.106282    64.915    64.904  4 55635.66676124 12.433
 100 208.270762  65.106399    64.880    64.892  4 55645.58241132 12.924
 101 208.272858  65.105883    64.914    64.845  3 55655.49805862 12.606
 102 208.272983  65.105350    64.974    64.967  4 55665.41370124 12.262
 103 208.272051  65.105549    64.756    64.723  3 55675.32934089 29.842
 104 208.268829  65.106259   113.586   113.494  3 55685.24497869 24.059
 105 208.266559  65.107000   114.336   115.020  4 55695.16061543 17.387
 113 208.271387  65.105476   113.350   113.151  4 55774.48576564 28.960
 114 208.276324  65.104816   117.778   117.816  3 55784.40140180 27.801
 115 208.275261  65.105455    65.100    65.072  3 55794.31703524 49.907
 116 208.270255  65.106290    65.123    65.111  3 55804.23267207 52.365
 117 208.269426  65.107008    64.269    64.268  3 55814.14832164 46.506
 118 208.271308  65.106252    64.332    64.319  3 55824.06396924 36.131
 119 208.273578  65.104981    64.090    64.057  4 55833.97961217 51.700
 120 208.278856  65.104991    63.988    64.016  4 55843.89525145 39.406
 121 208.273176  65.105285    63.749    63.774  4 55853.81088672 51.308
 122 208.267534  65.106523    63.817    63.758  3 55863.72652359 44.105
 131 208.273660  65.105602    64.668    64.657  4 55952.96733771 12.460
 132 208.275474  65.104817    64.698    64.745  3 55962.88297711 12.345
 133 208.272855  65.105694    64.634    64.614  3 55972.79861424 12.213
 134 208.268630  65.107075    64.633    64.649  4 55982.71424998 11.467
 135 208.265915  65.106924    64.646    64.686  3 55992.62988399 11.921
 136 208.270245  65.106336    64.626    64.642  3 56002.54553263 12.298
 137 208.274697  65.105106    64.487    64.495  4 56012.46118251 11.676
 138 208.274714  65.104805    64.058    64.053  4 56022.37682856 16.999
 139 208.271721  65.106189    63.916    63.914  3 56032.29247173 36.911
 148 208.267901  65.107045    65.119    65.118  4 56121.53324131 45.267
 149 208.274109  65.104976    65.075    65.071  4 56131.44887729 54.305
 150 208.280473  65.104532    65.337    65.402  4 56141.36451304 53.264
 151 208.272843  65.105342    64.868    64.853  4 56151.28016336 54.355
 152 208.265677  65.106894    64.678    64.624  3 56161.19581199 51.319
 154 208.268203  65.106953   113.076   113.116  4 56181.02710288 10.342
 155 208.274830  65.105812    64.475    64.483  4 56190.94274271 49.160
 156 208.276555  65.105209    64.718    64.713  4 56200.85837931 50.452
 157 208.270943  65.105843    64.286    64.294  3 56210.77401301 35.963
 167 208.271190  65.105852    65.074    65.049  3 56309.93046853 15.403
 168 208.274695  65.105282    65.054    65.061  3 56319.84611057 18.490
 169 208.271652  65.105990    65.063    65.084  4 56329.76175123 17.714
 170 208.268399  65.107287    64.863    64.863  2 56339.67739114 17.424
 172 208.270205  65.106814    64.879    64.898  3 56359.50866556 18.469
 173 208.271464  65.105752    64.920    64.998  3 56369.42431587 18.052
 175 208.266742  65.107028    64.711    64.711  3 56389.25560830 21.477
 184 208.268186  65.107088    65.483    65.459  3 56478.49640372 52.490
 185 208.272108  65.106077    65.077    65.131  4 56488.41204170 49.651
 186 208.273944  65.105793    65.282    65.312  4 56498.32767705 40.102
 187 208.270723  65.105646    65.309    65.330  4 56508.24331077 45.578
 188 208.271046  65.106572    65.075    65.090  3 56518.15894963 50.250
 189 208.266697  65.106816    64.995    65.022  3 56528.07460345 50.963
 190 208.266687  65.106706    64.698    64.824  3 56537.99025339 39.620
 191 208.268285  65.106362   127.555   127.539  4 56547.90589944 22.531
 192 208.267487  65.106662    64.474    64.479  3 56557.82154272 45.270
 201 208.267620  65.106995    64.880    64.856  3 56647.06232872 17.822
 202 208.269508  65.106424    64.827    64.871  3 56656.97798096 17.650
 203 208.270174  65.105910    64.652    64.636  3 56666.89362875 18.070
 204 208.270659  65.106496    64.746    64.763  3 56676.80927394 17.512
 205 208.268967  65.107251    64.705    64.667  3 56686.72491777 19.046
 207 208.266755  65.106850    65.014    64.980  3 56706.55619677 18.055
 208 208.271559  65.106410    64.644    64.673  4 56716.47183114 18.002
 219 208.268013  65.107148    64.453    64.443  4 56825.54393551 48.032
 220 208.275845  65.106446   161.788   161.788  2 56835.45957097  6.739
 221 208.272740  65.105689    65.736    65.683  3 56845.37520217 47.358
 222 208.270414  65.106640    65.603    65.738  3 56855.29084866 48.099
 226 208.267993  65.107184    64.865    64.862  4 56894.95345102 45.203
 237 208.270311  65.106329    65.113    65.138  3 57004.02550273 22.942
 238 208.272879  65.105229    65.101    65.126  4 57013.94115902 22.120
 239 208.273625  65.105631    65.011    64.990  3 57023.85681017 18.570
 240 208.266710  65.106969    65.058    65.060  4 57033.77245816 18.383
 243 208.267401  65.107088    65.033    65.029  4 57063.51938695 19.087
 244 208.270116  65.106102    65.141    65.107  3 57073.43502110 19.055
 245 208.270802  65.106514    65.069    65.065  4 57083.35065148 16.377
 251 208.266429  65.107007   113.245   113.279  3 57142.84453626 18.854
 255 208.267352  65.106672    64.499    64.534  3 57182.50711430 52.581
 256 208.272483  65.105660    64.007    64.010  4 57192.42276494 51.551
 257 208.273793  65.105966    64.638    64.519  3 57202.33841268 54.144
 258 208.266684  65.106899    64.731    64.732  4 57212.25404620 49.736
 262 208.269962  65.106856    64.708    64.704  3 57251.91660961 49.144
 263 208.268934  65.106911    64.941    64.789  3 57261.83224486 34.691
 269 208.266406  65.106889    64.175    64.139  3 57321.32613563 49.605
 274 208.273991  65.106010    65.159    65.157  4 57370.90435666 27.443
 275 208.272286  65.105482    65.185    65.196  3 57380.81999598 19.013
 276 208.268769  65.106600    65.110    65.102  4 57390.73563433 20.511
 286 208.268664  65.107032    65.196    65.196  3 57489.89206807 38.781
 287 208.269466  65.106104    64.758    64.751  4 57499.80770090 37.942
 288 208.268130  65.106561   130.290   130.195  3 57509.72334532 16.402
 291 208.267356  65.106859    64.477    64.484  4 57539.47030391 52.788
 292 208.269769  65.106011    64.766    64.773  4 57549.38595126 53.007
 293 208.272672  65.106228    64.713    64.661  3 57559.30159739 54.269
 294 208.266748  65.106758    64.837    64.852  3 57569.21724209 43.097
