# NaN NaN NaN ;Mean Elev.(m), Avg Gradient(m/km), RMS Gradient(m/km) - SRTM1     
#    6.082 -15.746  46.683 ;Mean Elev.(m), Avg Gradient(m/km), RMS Gradient(m/km) - ASTER GDEM
#   29.991 -14.677  45.470 ;Mean Elev.(m), Avg Gradient(m/km), RMS Gradient(m/km) - GMTED2010 
   1 200.514438  63.587644    90.259    86.699  3 54660.11218690  4.055
   2 200.514393  63.586770    96.685    96.685  2 54670.02783273 16.385
   3 200.514279  63.587397     8.004     8.004  2 54679.94347669 14.145
   4 200.515688  63.588627    91.136    91.110  3 54689.85911963 23.771
   5 200.516738  63.589638    -2.661    -6.553  3 54699.77476038 19.924
   6 200.515665  63.588980    84.531    83.486  3 54709.69040524 13.984
   7 200.512133  63.587243    21.308    21.328  3 54719.60605653 21.561
   8 200.510168  63.584987    85.943    87.162  3 54729.52170535 14.484
  10 200.511221  63.583945    87.343    87.343  2 54749.35299978  2.145
  11 200.510476  63.584849    90.391    99.747  3 54759.26864648 21.768
  12 200.511697  63.584822    68.043    68.043  2 54769.18429112 12.389
  13 200.511988  63.584138    94.551    94.551  2 54779.09993239  3.411
  14 200.509541  63.583750    97.346    97.346  2 54789.01557093  3.194
  17 200.513390  63.586905    24.856    24.887  3 54818.76248405 23.046
  18 200.514126  63.587301    25.165    25.124  3 54828.67813606 25.067
  19 200.512946  63.587043    25.175    24.921  3 54838.59377491 18.742
  21 200.513487  63.586554    25.946    26.225  3 54858.42507288 13.843
  22 200.513426  63.587168    24.846    24.831  3 54868.34072155 10.549
  23 200.511707  63.587278    24.507    24.507  2 54878.25636929 13.824
  24 200.511903  63.585987    24.262    24.287  3 54888.17201425 22.620
  25 200.511446  63.584037    27.097    27.097  2 54898.08765593 10.001
  26 200.510631  63.583084    26.291    26.291  2 54908.00329498  8.267
  27 200.509708  63.583756    25.805    26.556  3 54917.91893268  6.872
  28 200.511861  63.584488    26.699    27.200  3 54927.83457055  7.304
  29 200.511565  63.585230    28.704    28.749  3 54937.75020753  8.232
  31 200.511714  63.584968    86.589    87.048  3 54957.58147796  2.513
  32 200.510408  63.584633   103.187   103.187  2 54967.49712642  9.010
  33 200.511470  63.584785   102.707   102.004  3 54977.41277397 20.727
  34 200.510498  63.585794    28.207    28.207  2 54987.32842126 38.954
  35 200.511142  63.586270    88.721    88.721  2 54997.24406889 11.557
  36 200.512035  63.586402    89.819    88.239  3 55007.15971484  3.472
  37 200.512491  63.586603    86.220    86.316  3 55017.07535867  3.102
  38 200.514120  63.586833    28.684    28.879  3 55026.99100121 23.919
  39 200.513636  63.587956    84.726    84.726  2 55036.90664307  2.643
  40 200.514787  63.588403    88.450    88.324  3 55046.82228420 21.869
  41 200.514119  63.588127    85.093    85.093  2 55056.73792337  2.724
  42 200.513869  63.586539    90.777    90.991  3 55066.65356034 19.599
  43 200.511263  63.584764    88.357    88.357  2 55076.56921036 20.496
  44 200.509409  63.584179    78.483    79.257  3 55086.48485803 20.596
  45 200.511477  63.584224    90.207    91.442  3 55096.40050430 23.306
  46 200.512492  63.584716    80.429    80.429  2 55106.31615008 23.088
  47 200.511059  63.584761    94.966    95.080  3 55116.23179527 17.201
  48 200.509614  63.583900    90.285    90.285  2 55126.14743821 15.956
  49 200.509874  63.582995    95.579   105.463  3 55136.06307887 16.321
  50 200.509541  63.583412    24.327    24.297  3 55145.97871735 29.173
  51 200.510891  63.584903    26.577    26.577  2 55155.89435522 22.891
  52 200.512604  63.586256    25.277    25.818  3 55165.80999332 22.041
  53 200.513586  63.587306    26.293    26.896  3 55175.72563115 20.098
  54 200.513921  63.587211    24.136    24.181  3 55185.64127261 20.096
  55 200.513185  63.586755    24.623    24.623  2 55195.55692372 18.350
  56 200.513808  63.586768    24.369    24.369  2 55205.47257360 20.091
  57 200.513802  63.587726    24.995    24.076  3 55215.38822264 17.875
  58 200.514341  63.587734    25.499    25.499  2 55225.30387126 15.887
  59 200.512148  63.586525    26.830    26.830  2 55235.21951767 14.160
  60 200.510900  63.584130    25.251    25.990  3 55245.13516098 14.577
  61 200.508909  63.582447    25.513    24.113  3 55255.05080134 15.305
  62 200.508241  63.582828    25.425    25.844  3 55264.96644010 14.942
  63 200.510320  63.584597    23.899    23.799  3 55274.88207815 14.585
  64 200.513447  63.585740    28.663    28.663  2 55284.79771568 13.066
  65 200.512669  63.585776    26.703    28.125  3 55294.71335126 13.685
  66 200.510687  63.584405    23.644    23.627  3 55304.62898960 10.368
  68 200.509633  63.583451    94.446    93.614  3 55324.46028244  8.081
  69 200.511513  63.585202    92.663    95.750  3 55334.37592659 10.948
  70 200.512247  63.586760    87.243    87.243  2 55344.29157038  6.078
  71 200.513881  63.586552    91.204    91.204  2 55354.20721374  3.202
  72 200.513323  63.586235    90.071    90.071  2 55364.12285485 11.056
  73 200.513464  63.586221    86.062    86.149  3 55374.03849431  2.935
  74 200.513246  63.587517    85.716    85.912  3 55383.95413246  2.735
  75 200.514507  63.588764    84.649    84.374  3 55393.86976995  2.760
  76 200.514624  63.589630    92.328    92.787  3 55403.78540729 23.945
  77 200.513579  63.587736    72.554    74.240  3 55413.70105921 20.166
  78 200.510803  63.585098    27.632    27.632  2 55423.61670808 44.802
  79 200.507526  63.583299    98.314    98.314  2 55433.53235418 11.966
  80 200.509831  63.582823    92.660    91.748  3 55443.44799893 25.173
  81 200.510323  63.584433   101.776   103.115  3 55453.36364190 12.576
  82 200.512362  63.585947    87.528    87.331  3 55463.27928419  3.353
  83 200.511224  63.586073    87.626    87.092  3 55473.19492417  2.812
  84 200.510070  63.584648   109.948   108.242  3 55483.11056146  4.126
  85 200.509497  63.583227    87.917    96.703  3 55493.02619670 15.557
  86 200.510225  63.584184    99.315   106.511  3 55502.94183044 16.642
  87 200.510580  63.586356    24.023    24.023  2 55512.85747697 36.905
  88 200.513950  63.587616    24.305    24.222  3 55522.77312681 44.882
  89 200.514621  63.587711    24.050    24.050  2 55532.68877503 33.935
  90 200.514294  63.586496    23.840    23.840  2 55542.60442158 32.146
  91 200.512401  63.585892    23.415    23.415  2 55552.52006587 27.812
  92 200.513238  63.586135    26.344    26.327  3 55562.43570898 18.873
  93 200.513854  63.587429    25.949    25.949  2 55572.35135127 19.642
  94 200.513173  63.588099    24.713    24.713  2 55582.26699224 17.260
  95 200.512142  63.586964    23.366    23.295  3 55592.18263006 17.542
  96 200.509582  63.585302    22.936    22.936  2 55602.09826451 20.535
  97 200.508724  63.584288    23.125    23.125  2 55612.01389698 20.195
  98 200.509950  63.585052    22.938    22.894  3 55621.92953099 19.273
  99 200.512359  63.585870    23.033    23.033  2 55631.84518413 18.276
 100 200.511989  63.586820    26.486    26.541  3 55641.76083484 11.878
 101 200.512549  63.585921    22.803    22.760  3 55651.67648301 17.741
 102 200.511220  63.583894    26.408    26.573  3 55661.59212718 10.115
 103 200.509501  63.582887    23.137    23.137  2 55671.50776798  9.112
 105 200.511049  63.586262    85.701    85.666  3 55691.33904449  1.565
 106 200.514187  63.588280   112.072   113.635  3 55701.25468041 13.653
 107 200.515593  63.588775    85.026    84.919  3 55711.17032147  6.934
 108 200.514761  63.587632    85.118    85.118  2 55721.08597128  4.648
 109 200.512066  63.587126    99.439    99.439  2 55731.00161879 10.908
 110 200.513162  63.586706    85.856    85.892  3 55740.91726540 12.882
 111 200.513865  63.586913    97.269    97.269  2 55750.83291072  9.769
 112 200.512193  63.587261    85.515    85.515  2 55760.74855345  4.175
 113 200.511556  63.586513    94.220    96.482  3 55770.66419352  1.792
 114 200.510413  63.584998    87.701    87.024  3 55780.57983018  2.886
 115 200.510428  63.584164    91.752    91.752  2 55790.49546424 14.218
 116 200.510931  63.584998    82.270    82.270  2 55800.41109695 17.265
 117 200.512533  63.585783    86.508    86.506  3 55810.32674535  3.548
 118 200.513076  63.586667    78.352    78.352  2 55820.24239405 18.187
 119 200.512515  63.586622    79.354    79.354  2 55830.15803813 19.945
 120 200.511183  63.585506    89.311    88.902  3 55840.07367771  3.029
 121 200.511689  63.584339    86.989    87.478  3 55849.98931447  3.236
 122 200.511136  63.585572   103.563   103.563  2 55859.90494897 11.927
 123 200.512047  63.587029    92.612    93.457  3 55869.82059934 17.055
 124 200.513866  63.588238    24.216    24.216  2 55879.73625050 39.661
 125 200.514961  63.588482    24.031    24.031  2 55889.65189499 35.175
 126 200.513621  63.588384    23.906    23.906  2 55899.56753343 26.031
 127 200.514918  63.588049    23.841    23.841  2 55909.48316724 21.702
 128 200.514082  63.587614    23.793    23.851  3 55919.39881820 22.050
 129 200.513154  63.587263    23.909    23.934  3 55929.31447077 20.863
 130 200.512269  63.586465    23.739    23.728  3 55939.23011972 19.940
 131 200.511595  63.584821    23.334    23.334  2 55949.14576397 13.742
 132 200.509377  63.584024    22.975    23.033  3 55959.06140363 12.487
 133 200.510523  63.583813    23.163    23.093  3 55968.97704121 11.925
 134 200.511987  63.584834    22.939    22.939  2 55978.89267786 11.874
 135 200.512564  63.586126    22.729    22.808  3 55988.80831371 12.191
 136 200.513908  63.586170    23.000    23.000  2 55998.72395549 12.203
 137 200.510864  63.585641    22.918    22.934  3 56008.63960639 10.794
 138 200.511192  63.584458    23.185    23.189  3 56018.55525343 11.832
 139 200.510458  63.584403    28.805    28.805  2 56028.47089729 10.313
 142 200.514837  63.587732    73.261    72.973  3 56058.21781710 14.103
 143 200.514545  63.588875    76.977    76.977  2 56068.13345001 11.382
 144 200.514314  63.588080    93.270    93.270  2 56078.04910086 13.474
 145 200.513999  63.587429    86.048    86.048  2 56087.96474955  6.132
 146 200.513335  63.587407    86.058    86.058  2 56097.88039570  5.217
 147 200.513438  63.586918    96.641    96.641  2 56107.79603975 18.445
 148 200.511409  63.586243    78.755    76.676  3 56117.71166924 16.318
 149 200.511613  63.585126    87.337    87.430  3 56127.62730687  2.612
 150 200.510653  63.584901    88.224    88.308  3 56137.54294058  1.706
 151 200.511648  63.584901    68.477    67.922  3 56147.45858640 17.883
 152 200.510537  63.585943    87.129    87.129  2 56157.37423537  3.251
 153 200.513605  63.585793   103.436   103.436  2 56167.28988384 11.616
 154 200.511360  63.585675   109.888   109.993  3 56177.20552925 17.311
 155 200.511736  63.584743    76.619    76.619  2 56187.12117024 12.276
 156 200.510578  63.584677    92.372    92.372  2 56197.03680739 12.630
 157 200.511131  63.585878    87.450    87.588  3 56206.95244165  6.461
 158 200.513178  63.587845    82.631    85.720  3 56216.86807451 13.461
 159 200.516010  63.588872    98.353    99.506  3 56226.78371669 11.740
 160 200.515751  63.588451    24.373    24.305  3 56236.69937164 38.389
 161 200.512988  63.587865    26.701    26.701  2 56246.61502250 23.367
 162 200.512527  63.587232    26.573    26.573  2 56256.53066847 22.770
 163 200.512254  63.587743    26.741    26.741  2 56266.44631064 19.275
 164 200.513288  63.588132    26.769    26.769  2 56276.36195124 17.380
 165 200.512382  63.587622    26.450    26.450  2 56286.27759795 16.286
 166 200.512355  63.585321    26.458    26.458  2 56296.19324808 15.924
 167 200.510081  63.583352    26.652    26.772  3 56306.10889393 12.981
 168 200.507410  63.583204    26.097    26.097  2 56316.02453640 13.156
 169 200.508736  63.584524    25.837    25.837  2 56325.94017740 12.619
 170 200.512629  63.585938    25.934    25.934  2 56335.85581775 13.590
 171 200.513374  63.586748    23.276    23.276  2 56345.77145665 14.138
 172 200.511228  63.586511    24.855    25.617  3 56355.68709300 13.574
 173 200.510700  63.584688    23.428    23.428  2 56365.60273953 14.135
 174 200.509752  63.584140    24.267    24.267  2 56375.51838830 12.051
 176 200.513012  63.587061    23.409    23.409  2 56395.34967777 12.478
 177 200.513606  63.588324    26.291    26.291  2 56405.26531931  6.169
 180 200.512278  63.587354    26.815    26.974  3 56435.01223882 27.902
 181 200.511669  63.587016    97.972    98.068  3 56444.92789083 24.656
 182 200.511804  63.587560    91.668    91.668  2 56454.84354039 15.801
 183 200.513300  63.586780    76.087    75.851  3 56464.75918729 21.640
 184 200.512638  63.585116    86.772    86.772  2 56474.67483046  3.299
 185 200.509768  63.583606    88.503    88.819  3 56484.59046998  3.116
 186 200.509562  63.583251    34.852    27.258  3 56494.50610647 43.735
 187 200.511855  63.584921    94.077    94.557  3 56504.42174094 22.912
 188 200.514670  63.587656    81.054    81.054  2 56514.33737374  9.214
 189 200.513965  63.588318    87.996    87.996  2 56524.25302508 20.138
 190 200.513052  63.586701    86.362    86.362  2 56534.16867649  2.290
 192 200.511007  63.583961    87.840    88.201  3 56553.99996870  3.795
 193 200.512861  63.585454    86.490    86.405  3 56563.91561151  4.460
 194 200.513183  63.588282    86.258    86.258  2 56573.83125280  6.701
 195 200.514996  63.589802    99.405   100.796  3 56583.74689187 12.210
 196 200.515734  63.589687    25.280    25.280  2 56593.66252639 34.341
 197 200.512518  63.587876    88.138    88.661  3 56603.57817931 17.471
 198 200.513108  63.586103    22.659    22.659  2 56613.49382831 43.844
 199 200.511600  63.586833    23.836    23.836  2 56623.40947274 31.586
 200 200.514184  63.587206    23.942    23.914  3 56633.32511469 34.323
 201 200.513773  63.587861    23.754    23.790  3 56643.24075169 30.711
 202 200.511258  63.586177    24.016    24.074  3 56653.15640272 28.951
 203 200.510179  63.583823    24.208    24.215  3 56663.07205201 25.829
 204 200.507686  63.583178    23.650    23.650  2 56672.98769828 25.349
 205 200.511032  63.583968    23.723    23.723  2 56682.90334358 15.701
 206 200.512990  63.585853    23.298    23.298  2 56692.81898659 19.399
 207 200.512732  63.587588    23.557    23.568  3 56702.73462528 11.961
 208 200.514344  63.586847    23.463    23.463  2 56712.65025925 12.688
 209 200.510647  63.585542    23.944    23.754  3 56722.56590618 13.499
 210 200.509141  63.584632    23.411    23.411  2 56732.48155726 12.709
 211 200.512348  63.585480    23.535    23.696  3 56742.39720500 13.224
 212 200.513737  63.587871    23.387    23.423  3 56752.31284806 13.133
 214 200.515307  63.589666    89.441    89.441  2 56772.14411700  1.711
 215 200.514302  63.587035    24.963    24.904  3 56782.05977439 38.947
 216 200.511381  63.585567   115.839   115.839  2 56791.97542862 13.492
 217 200.512160  63.584868   109.309   112.522  3 56801.89108025 17.321
 218 200.511281  63.585928    80.550    76.050  3 56811.80672417 20.676
 219 200.513509  63.585868    83.223    83.223  2 56821.72236434 26.723
 220 200.510530  63.585807    26.729    26.554  3 56831.63799984 45.051
 221 200.511472  63.584676    76.798    76.966  3 56841.55363243 20.621
 222 200.510043  63.584835    80.826    82.450  3 56851.46926989 17.388
 223 200.512045  63.584826    94.101    94.101  2 56861.38492435 16.997
 224 200.511689  63.586244    77.935    78.440  3 56871.30057780 23.972
 225 200.513534  63.586372    79.435    79.586  3 56881.21622866 24.565
 226 200.512986  63.585716   105.521   105.521  2 56891.13187570 15.454
 227 200.510724  63.584716    80.799    80.799  2 56901.04751971  8.434
 228 200.510766  63.584660    74.478    74.478  2 56910.96316188 17.903
 229 200.511586  63.586099    86.608    86.608  2 56920.87880244  3.352
 230 200.514705  63.587995    71.846    73.991  3 56930.79444104 19.546
 231 200.516756  63.589202    82.992    82.992  2 56940.71007462  3.507
 232 200.513979  63.589525    86.788    86.926  3 56950.62571379 17.371
 233 200.512030  63.587696    76.228    76.228  2 56960.54136555 21.688
 234 200.513202  63.586022    24.419    24.448  3 56970.45701253 28.942
 235 200.513068  63.586015    24.897    24.897  2 56980.37265523 26.404
 236 200.513841  63.586613    25.378    25.420  3 56990.28829351 24.814
 237 200.512954  63.587498    24.790    24.828  3 57000.20392529 21.676
 238 200.511408  63.586241    24.679    24.679  2 57010.11957992 21.549
 239 200.509745  63.584874    24.932    24.932  2 57020.03523201 19.386
 240 200.510710  63.584184    25.103    25.086  3 57029.95088137 16.241
 241 200.511982  63.584596    25.051    25.051  2 57039.86652898 14.965
 242 200.512926  63.585698    24.751    24.784  3 57049.78217430 13.319
 243 200.513674  63.586428    24.593    24.592  3 57059.69781562 12.524
 244 200.513432  63.586772    24.430    24.430  2 57069.61345120 12.126
 245 200.512245  63.587300    24.378    24.378  2 57079.52908230 11.400
 246 200.513132  63.587848    24.225    24.275  3 57089.44472015 12.206
 247 200.513801  63.588041    24.207    24.185  3 57099.36037824 12.428
 248 200.514230  63.588536    24.182    24.200  3 57109.27603326 11.727
 249 200.514200  63.588353    24.583    24.583  2 57119.19168295 13.850
 250 200.514379  63.587228    24.243    24.219  3 57129.10732677  8.666
 252 200.512563  63.587136    84.910    84.910  2 57148.93859950  4.160
 253 200.513492  63.587930    86.336    86.336  2 57158.85423144 16.418
 254 200.513747  63.587277    93.370    93.370  2 57168.76988109 19.045
 255 200.511727  63.586041    86.666    86.569  3 57178.68553708  5.005
 256 200.509735  63.584860    66.687    66.687  2 57188.60118896 12.394
 257 200.510208  63.584364    91.401    90.921  3 57198.51683701  7.766
 258 200.510651  63.584987    86.174    85.365  3 57208.43247122 22.296
 259 200.511687  63.585875    26.622    26.622  2 57218.34811558 42.032
 260 200.512123  63.586343    86.361    86.361  2 57228.26375891  2.130
 261 200.511591  63.586601    90.696    90.696  2 57238.17940002  2.190
 262 200.513803  63.586345    94.259    94.259  2 57248.09503817  5.335
 263 200.512604  63.587524    75.680    75.680  2 57258.01067341 15.265
 264 200.514959  63.588796    90.002    90.002  2 57267.92630778 16.007
 265 200.516402  63.589462    86.415    85.737  3 57277.84195605  3.539
 266 200.514760  63.589410    74.841    74.841  2 57287.75761227 21.533
 267 200.513639  63.588135    73.444    74.558  3 57297.67326578 20.804
 268 200.512501  63.586611   102.338   102.338  2 57307.58891567 12.143
 269 200.512945  63.585552    89.309    89.309  2 57317.50456191 18.815
 270 200.511055  63.585973    88.408    87.515  3 57327.42020453 20.144
 271 200.513862  63.586196    75.408    75.408  2 57337.33584541 26.433
 272 200.511059  63.586220    23.931    23.939  3 57347.25149286 29.375
 273 200.511673  63.584584    24.200    24.250  3 57357.16713975 21.159
 274 200.510172  63.583607    24.257    24.257  2 57367.08278294 21.276
 275 200.511481  63.583607    24.777    24.777  2 57376.99842320 24.600
 276 200.512121  63.585510    26.995    26.995  2 57386.91406146 15.688
 277 200.514452  63.587136    24.612    24.612  2 57396.82969926 13.045
 278 200.515245  63.588049    24.466    24.466  2 57406.74533579 12.225
 279 200.513666  63.587004    24.434    24.434  2 57416.66098684 10.893
 280 200.512072  63.586084    24.312    24.312  2 57426.57663791 12.744
 281 200.513190  63.586037    24.387    24.474  3 57436.49228620 11.723
 282 200.513061  63.587799    24.042    24.039  3 57446.40793255 13.994
 283 200.514857  63.588976    23.977    23.977  2 57456.32357821 10.433
 284 200.516080  63.588778    24.768    24.954  3 57466.23922167 10.829
 285 200.514579  63.587643    23.986    24.007  3 57476.15486110  9.958
 288 200.514741  63.587927    83.691    83.691  2 57505.90176577  3.032
 289 200.515188  63.587953    88.722    88.714  3 57515.81742226 18.461
 290 200.513147  63.587248    86.269    86.269  2 57525.73307604  7.845
 291 200.510956  63.585222    80.460    80.460  2 57535.64872751 18.496
 292 200.508996  63.583627    93.229    87.261  3 57545.56437611 12.073
 293 200.510333  63.583468    95.466    95.466  2 57555.48002283 17.193
 294 200.510159  63.585638   106.703   106.703  2 57565.39566771 14.515
 295 200.513996  63.586772    75.594    75.594  2 57575.31131232 13.337
 296 200.513248  63.587305    85.193    85.006  3 57585.22695586  1.255
 297 200.511578  63.586805    30.355    30.355  2 57595.14259731 42.926
