# NaN NaN NaN ;Mean Elev.(m), Avg Gradient(m/km), RMS Gradient(m/km) - SRTM1     
#   60.052  -1.879   6.204 ;Mean Elev.(m), Avg Gradient(m/km), RMS Gradient(m/km) - ASTER GDEM
#   63.000  -1.360   9.048 ;Mean Elev.(m), Avg Gradient(m/km), RMS Gradient(m/km) - GMTED2010 
   2 208.229566  65.103832    64.620    64.622  3 54673.84940393 47.595
   4 208.231040  65.106139    65.071    65.068  3 54693.68068965 46.650
   6 208.224156  65.101955    64.422    64.397  3 54713.51197819 51.950
   8 208.221474  65.099892    64.095    64.164  3 54733.34327686 41.614
   9 208.223012  65.101718    63.909    63.852  3 54743.25892405 48.490
  10 208.228323  65.103626    63.854    63.848  3 54753.17457131 44.251
  11 208.225242  65.102857    63.868    63.820  3 54763.09021716 39.571
  12 208.222872  65.100566    64.390    64.380  3 54773.00586043 35.090
  13 208.221324  65.098781    64.392    64.353  3 54782.92150098 30.646
  14 208.218920  65.098475    64.388    64.388  2 54792.83713919 23.371
  15 208.222605  65.100517    64.382    64.382  2 54802.75277701 22.217
  16 208.227029  65.102345    64.336    64.311  3 54812.66841467 21.820
  17 208.225984  65.102505    64.311    64.311  3 54822.58405725 20.232
  18 208.225511  65.102021    64.360    64.365  3 54832.49969749 18.710
  19 208.227517  65.102608    64.376    64.375  3 54842.41534783 20.025
  20 208.230852  65.104634    64.352    64.381  3 54852.33099721 19.753
  21 208.231348  65.106751    64.376    64.387  4 54862.24664604 17.724
  22 208.232465  65.107766    64.488    64.489  3 54872.16229484 15.620
  23 208.233101  65.106445    64.483    64.480  4 54882.07794156 13.492
  24 208.225912  65.102608    64.721    64.719  3 54891.99358410 13.365
  25 208.223849  65.100088    65.413    65.422  3 54901.90922433 11.497
  26 208.224346  65.100350    65.823    65.813  3 54911.82486336 11.250
  27 208.227747  65.102482    64.766    64.798  3 54921.74050169 12.288
  28 208.227958  65.103493    64.701    64.707  4 54931.65613897 26.118
  29 208.224563  65.101788    64.194    64.166  3 54941.57177421 30.610
  30 208.219080  65.098517    64.440    64.440  2 54951.48740746 44.450
  31 208.218326  65.096759    64.266    64.266  2 54961.40304868 43.899
  32 208.220451  65.097973    64.622    64.622  2 54971.31869760 35.051
  33 208.223310  65.100472    64.279    64.313  3 54981.23434556 43.746
  35 208.229785  65.103598    64.582    64.574  3 55001.06564046 49.354
  36 208.228300  65.103206    64.624    64.536  3 55010.98128538 38.629
  37 208.226742  65.102671    64.597    64.623  3 55020.89692876 50.962
  38 208.230691  65.104118    64.778    64.778  2 55030.81257165 49.253
  39 208.231065  65.105524    64.579    64.598  3 55040.72821351 47.405
  40 208.232107  65.106145    64.591    64.586  4 55050.64385393 47.042
  41 208.228922  65.104170    64.301    64.317  3 55060.55949166 50.463
  42 208.224688  65.100920    64.620    64.650  3 55070.47513239 48.565
  43 208.220962  65.098527    64.956    65.008  3 55080.39078106 51.095
  44 208.220518  65.098749    63.960    63.981  3 55090.30642840 31.386
  46 208.228473  65.103651   123.615   130.389  3 55110.13772185 12.743
  47 208.227008  65.103067    63.650    63.681  4 55120.05336600 46.714
  48 208.223242  65.100300   127.845   127.701  3 55129.96900718 13.446
  49 208.217730  65.097568    63.094    63.094  2 55139.88464619 29.991
  50 208.219714  65.098106    63.996    63.944  3 55149.80028500 33.282
  51 208.221622  65.100434    63.912    63.937  3 55159.71592366 23.995
  52 208.226301  65.102880    64.251    64.018  3 55169.63156221 21.057
  53 208.226483  65.103230    64.293    63.994  3 55179.54719905 20.729
  54 208.226346  65.102603    63.966    64.016  3 55189.46284568 20.950
  55 208.228454  65.103063    63.939    63.892  3 55199.37849640 20.977
  56 208.229470  65.104271    63.822    63.814  4 55209.29414630 20.508
  57 208.232193  65.105955    63.872    63.850  3 55219.20979591 20.818
  58 208.230431  65.105785    63.834    63.839  3 55229.12544415 20.651
  59 208.227922  65.104112    63.881    63.892  4 55239.04108908 20.442
  60 208.226970  65.101692    63.784    63.756  3 55248.95673052 21.321
  61 208.221240  65.099468    63.809    63.792  3 55258.87236914 21.014
  62 208.222751  65.099733    63.927    63.927  2 55268.78800780 18.596
  63 208.223784  65.101113    63.846    63.850  3 55278.70364621 19.069
  64 208.225412  65.101957    63.714    63.711  3 55288.61928335 25.976
  65 208.221835  65.100773    63.866    63.838  3 55298.53491750 40.398
  66 208.221576  65.099086    63.749    63.749  2 55308.45056044 44.591
  67 208.220042  65.097880    63.927    63.927  2 55318.36620636 43.924
  68 208.219382  65.098339    63.434    63.444  3 55328.28185144 37.398
  70 208.225392  65.102786    63.961    64.034  3 55348.11314092 47.643
  71 208.226600  65.103627    64.264    64.264  3 55358.02878344 37.659
  73 208.227722  65.103271    64.349    64.333  3 55377.86006256 50.378
  74 208.229098  65.103569    64.759    64.769  3 55387.77570065 41.787
  77 208.227113  65.101993    64.676    64.662  3 55417.52263218 47.889
  78 208.221847  65.099797    64.561    64.578  3 55427.43827910 37.469
  79 208.221202  65.099073    64.266    64.334  3 55437.35392387 45.307
  80 208.223757  65.099980    64.179    64.248  3 55447.26956775 54.237
  81 208.221761  65.100779    64.484    64.454  3 55457.18521086 49.871
  82 208.222642  65.101462    63.865    63.916  3 55467.10085355 49.719
  83 208.222031  65.100605    63.709    63.754  3 55477.01649278 47.649
  84 208.221535  65.099114    63.356    63.356  2 55486.93212879 32.717
  85 208.218597  65.097736   113.695   113.695  2 55496.84776236 18.941
  86 208.220000  65.098642    64.309    64.309  2 55506.76339877 41.465
  87 208.225169  65.101141    64.545    64.508  3 55516.67904984 41.503
  88 208.227871  65.103046    64.551    64.507  3 55526.59469973 31.953
  89 208.226916  65.103588    64.664    64.668  3 55536.51034718 22.665
  90 208.227905  65.103860    64.582    64.598  3 55546.42599262 20.179
  91 208.230814  65.104611    64.568    64.544  3 55556.34163647 23.339
  92 208.229181  65.104959    64.542    64.574  3 55566.25727904 21.054
  93 208.228113  65.104524    64.533    64.498  3 55576.17292096 22.789
  94 208.226526  65.102761    64.438    64.486  3 55586.08856095 23.567
  95 208.221488  65.100020    64.431    64.410  3 55596.00419732 22.486
  96 208.219902  65.098491    64.531    64.531  2 55605.91983097 17.933
  97 208.221160  65.098456    64.645    64.645  2 55615.83546284 14.197
  98 208.222050  65.099579    66.224    66.621  3 55625.75110451 13.025
  99 208.224208  65.100631    64.656    64.605  3 55635.66675681 14.575
 100 208.223007  65.100372    64.447    64.447  2 55645.58240660 16.561
 101 208.222122  65.099480    64.252    64.252  2 55655.49805361 17.979
 102 208.219265  65.098570    63.759    63.759  2 55665.41369593 19.116
 103 208.221317  65.099147    64.239    64.239  2 55675.32933587 34.455
 104 208.221077  65.100232   113.450   113.384  3 55685.24497397 24.004
 105 208.227758  65.102103   114.201   114.560  3 55695.16061160 12.759
 106 208.225517  65.102136    64.024    64.030  3 55705.07624701 52.902
 107 208.228304  65.102595    64.782    64.774  3 55714.99189492 27.635
 108 208.223952  65.102459    64.139    64.151  3 55724.90754348 34.911
 109 208.228615  65.103926    64.327    64.370  4 55734.82319103 35.216
 110 208.229683  65.104866   119.057   119.094  3 55744.73883692 16.686
 111 208.229219  65.104475    64.801    64.809  3 55754.65448097 50.331
 112 208.224499  65.101920    64.933    64.926  3 55764.57012217 51.040
 113 208.220654  65.099072   114.842   115.283  3 55774.48576062 25.308
 114 208.219626  65.097660   116.087   116.087  2 55784.40139619 27.208
 115 208.218561  65.098298    64.631    64.631  2 55794.31702963 54.492
 116 208.222504  65.100262    65.132    65.127  3 55804.23266735 51.397
 117 208.224656  65.101356    64.138    64.138  2 55814.14831721 39.945
 118 208.223552  65.100224    63.998    63.985  3 55824.06396452 32.375
 119 208.219855  65.098199    63.683    63.683  2 55833.97960685 52.528
 120 208.219163  65.097456    63.640    63.640  2 55843.89524554 35.739
 121 208.219452  65.098502    63.481    63.481  2 55853.81088140 47.831
 122 208.225745  65.101247    63.530    63.525  3 55863.72651946 32.199
 123 208.228844  65.103427    63.213    63.240  3 55873.64217359 32.170
 124 208.225861  65.103162    63.885    63.887  3 55883.55782175 26.061
 125 208.225257  65.102529    64.049    64.096  3 55893.47346386 22.162
 126 208.225895  65.102158    65.167    65.142  3 55903.38910060 13.764
 127 208.226702  65.102906    64.686    64.519  4 55913.30473851 12.547
 128 208.230600  65.104788    64.502    64.438  3 55923.22039315 12.803
 129 208.228369  65.104508    65.003    64.642  4 55933.13604417 12.118
 130 208.224097  65.101938    65.663    64.844  3 55943.05169045 11.928
 131 208.219932  65.098821    65.827    65.827  2 55952.96733240 12.236
 132 208.218763  65.097660    64.873    64.873  2 55962.88297150 12.018
 133 208.222111  65.099290    64.497    64.497  2 55972.79860922 12.276
 134 208.223856  65.101424    64.688    64.580  3 55982.71424555 11.634
 135 208.224128  65.101649    64.874    64.946  3 55992.62987986 11.515
 136 208.222493  65.100308    64.524    64.549  3 56002.54552791 12.421
 137 208.220979  65.098326    65.607    65.607  2 56012.46117719 11.051
 138 208.220997  65.098027    64.084    64.084  2 56022.37682325 14.395
 139 208.223969  65.100164    63.588    63.507  3 56032.29246701 36.355
 140 208.227609  65.103130   112.183   111.792  3 56042.20810882 24.258
 141 208.230104  65.104755   127.540   128.021  4 56052.12374799 21.449
 142 208.226877  65.103809    64.094    64.091  3 56062.03938358 39.314
 143 208.222976  65.101825   112.379   112.129  3 56071.95502270 23.441
 144 208.225266  65.101974    64.805    64.805  2 56081.87067334 53.233
 145 208.227414  65.103186    64.762    64.894  3 56091.78632144 47.362
 146 208.228795  65.104569    64.839    64.873  3 56101.70196714 48.990
 147 208.228307  65.104181    64.876    64.901  4 56111.61759824 39.380
 148 208.223134  65.101395    64.848    64.805  3 56121.53323688 40.582
 149 208.220395  65.098196    64.529    64.529  2 56131.44887197 55.170
 150 208.214827  65.096244    64.807    64.807  2 56141.36450655 53.477
 151 208.219127  65.098562    64.499    64.499  2 56151.28015804 53.256
 152 208.223894  65.101621    64.524    64.543  3 56161.19580786 53.987
 154 208.223431  65.101302   112.338   112.298  3 56181.02709845 10.427
 155 208.221105  65.099031    64.367    64.367  2 56190.94273739 52.022
 156 208.219846  65.098052    64.179    64.162  3 56200.85837370 53.004
 157 208.223187  65.099815    63.977    64.022  3 56210.77400829 35.847
 158 208.223780  65.101982    63.775    63.722  3 56220.68964075 44.040
 159 208.229116  65.104622    63.673    63.642  3 56230.60529245 39.523
 160 208.229641  65.104700    64.708    64.607  3 56240.52094549 38.097
 161 208.227900  65.103623    64.699    64.707  4 56250.43659427 28.108
 162 208.224382  65.102297    64.662    64.693  3 56260.35223812 26.503
 163 208.224947  65.102643    64.562    64.595  3 56270.26788000 25.135
 164 208.228066  65.103497    64.619    64.613  3 56280.18352044 17.651
 165 208.227283  65.103758    64.545    64.519  3 56290.09917210 22.996
 166 208.227896  65.102439    64.595    64.579  3 56300.01482026 22.132
 167 208.223430  65.099826    64.642    64.654  3 56309.93046381 15.319
 168 208.220966  65.098504    64.478    64.453  3 56319.84610526 21.190
 169 208.220908  65.099587    64.487    64.466  3 56329.76174621 21.459
 170 208.223624  65.101637    64.455    64.463  3 56339.67738671 20.348
 171 208.224357  65.102350    64.478    64.516  3 56349.59302479 21.506
 172 208.222452  65.100785    64.488    64.447  3 56359.50866084 21.168
 173 208.220729  65.099349    64.470    64.470  2 56369.42431085 20.719
 175 208.224956  65.101756    64.432    64.436  3 56389.25560417 25.012
 176 208.228968  65.104427    64.494    64.518  3 56399.17124808 16.975
 177 208.231869  65.105843    64.464    64.411  3 56409.08688928 35.667
 178 208.229656  65.104852    64.685    64.649  4 56419.00252540 36.990
 179 208.225020  65.102732   113.644   113.528  3 56428.91815882 12.778
 181 208.228056  65.103422    65.877    65.944  3 56448.74946384 27.875
 183 208.227209  65.103124    64.767    64.766  4 56468.58075818 37.239
 184 208.226402  65.101816    65.157    65.010  3 56478.49639958 53.730
 185 208.221374  65.099675    64.937    64.933  3 56488.41203668 52.671
 186 208.220226  65.099013    64.886    64.886  2 56498.32767174 39.182
 187 208.219989  65.099241    64.943    64.918  3 56508.24330575 50.804
 188 208.223294  65.100544    64.981    64.955  3 56518.15894491 51.954
 189 208.224911  65.101541    64.799    64.826  3 56528.07459931 54.606
 190 208.224900  65.101432    64.439    64.508  3 56537.99024925 33.865
 191 208.223512  65.100712   127.658   128.771  3 56547.90589502 24.781
 192 208.225697  65.101389    64.362    64.359  3 56557.82153858 41.628
 193 208.224287  65.102401    63.921    63.951  3 56567.73718092 48.754
 194 208.228667  65.104466   114.969   114.808  3 56577.65282251 11.874
 195 208.229851  65.104987    63.907    63.933  4 56587.56846013 46.140
 196 208.229530  65.104379    63.886    63.958  3 56597.48410132 44.051
 197 208.225987  65.103416    63.491    63.497  3 56607.39975250 34.854
 198 208.226957  65.103358    64.388    64.356  3 56617.31539926 27.343
 199 208.226560  65.103269    64.423    64.486  3 56627.23104254 18.709
 200 208.226322  65.102871    64.517    64.514  3 56637.14668304 20.595
 201 208.225829  65.101721    64.679    64.604  3 56647.06232458 18.166
 202 208.221748  65.100396    64.451    64.404  3 56656.97797624 18.223
 203 208.222413  65.099884    64.509    64.475  3 56666.89362403 19.083
 204 208.222898  65.100471    64.551    64.591  3 56676.80926922 17.471
 205 208.227175  65.101978    64.548    64.491  3 56686.72491364 19.713
 206 208.223571  65.102002    64.622    64.523  3 56696.64055521 19.001
 207 208.224969  65.101576    64.673    64.702  3 56706.55619263 18.333
 208 208.220822  65.100005    64.409    64.386  3 56716.47182612 18.598
 210 208.227907  65.102927    64.599    64.756  3 56736.30312936 18.490
 212 208.232180  65.105898    64.700    64.700  3 56756.13441735 22.852
 213 208.230105  65.104798    64.010    63.955  3 56766.05005293 41.150
 214 208.225474  65.103105   113.039   112.591  3 56775.96569300 15.580
 215 208.228043  65.103738    64.394    64.402  4 56785.88134985 45.691
 216 208.228009  65.104554    64.048    64.064  3 56795.79700282 38.505
 217 208.230061  65.105271    64.170    64.222  3 56805.71265162 45.124
 219 208.223243  65.101499    64.397    64.438  3 56825.54393108 48.223
 221 208.222008  65.099286    65.394    65.394  2 56845.37519715 42.533
 222 208.222663  65.100614    64.978    65.011  3 56855.29084393 49.710
 225 208.228152  65.102645    64.814    64.813  3 56885.03780051 37.916
 226 208.223219  65.101535    64.846    64.800  3 56894.95344659 44.661
 227 208.227652  65.102721    64.827    64.840  3 56904.86909051 51.980
 228 208.228335  65.104467   114.443   114.443  3 56914.78473196 22.094
 229 208.232672  65.106449   127.105   127.126  4 56924.70037195 17.757
 230 208.231327  65.106366    64.138    64.119  3 56934.61600846 33.207
 231 208.230306  65.104658    63.851    63.834  3 56944.53163962 43.218
 232 208.226264  65.102776    63.832    63.834  3 56954.44728807 43.079
 233 208.223770  65.102167    63.715    63.878  3 56964.36293766 28.913
 234 208.228486  65.103679    64.293    64.323  3 56974.27858341 40.297
 235 208.227660  65.104365    64.429    64.402  3 56984.19422423 29.984
 236 208.227744  65.103408    64.501    64.532  4 56994.10986004 21.885
 237 208.222554  65.100300    64.433    64.405  3 57004.02549801 23.734
 238 208.219153  65.098447    64.247    64.247  2 57013.94115371 23.468
 239 208.219897  65.098851    65.068    64.793  3 57023.85680485 18.862
 240 208.224919  65.101697    64.343    64.343  2 57033.77245402 21.531
 241 208.230511  65.104192    64.479    64.601  3 57043.68810082 20.904
 242 208.228720  65.103956    64.525    64.583  3 57053.60374423 19.344
 243 208.222630  65.101437    64.312    64.312  3 57063.51938252 20.752
 244 208.222364  65.100074    64.294    64.215  3 57073.43501638 21.368
 245 208.223050  65.100486    64.263    64.263  2 57083.35064676 18.060
 246 208.228352  65.103754    64.675    64.652  4 57093.26629671 14.576
 247 208.232422  65.106773    64.424    64.385  3 57103.18195425 21.926
 248 208.231600  65.107000    64.385    64.330  3 57113.09760735 31.161
 249 208.229201  65.104923    64.186    64.159  3 57123.01325413 41.661
 250 208.227474  65.102783    64.390    64.446  3 57132.92889552 41.389
 251 208.224640  65.101733   113.013   113.668  3 57142.84453213 19.631
 252 208.224590  65.102457   112.896   113.574  3 57152.76016618 17.364
 253 208.228086  65.103342   112.471   113.255  3 57162.67579931 26.587
 254 208.227676  65.103311    64.730    64.770  3 57172.59145638 52.578
 255 208.225569  65.101399    64.457    64.452  3 57182.50711017 52.400
 256 208.221751  65.099259    63.865    63.810  3 57192.42275992 54.507
 257 208.220075  65.099188    64.318    64.344  3 57202.33840737 54.638
 258 208.224900  65.101627    64.602    64.602  2 57212.25404207 51.102
 259 208.229181  65.104009    64.716    64.731  3 57222.16968645 33.604
 260 208.228109  65.104089    64.718    64.731  3 57232.08532873 48.718
 261 208.229378  65.103141    64.744    64.696  3 57242.00096853 52.378
 262 208.222205  65.100829    64.449    64.499  3 57251.91660489 40.086
 263 208.224162  65.101260    64.721    64.721  2 57261.83224043 34.175
 265 208.230797  65.106144    64.537    64.532  4 57281.66353252 39.581
 266 208.232733  65.106914   126.634   126.481  4 57291.57918776 21.625
 267 208.229644  65.105066   128.048   128.048  2 57301.49483922 13.775
 268 208.226698  65.102608    64.086    64.084  3 57311.41048691 28.129
 269 208.224621  65.101617    63.870    63.853  3 57321.32613150 50.383
 270 208.224597  65.102567    63.523    63.514  3 57331.24177400 42.069
 271 208.228727  65.104393    63.598    63.566  4 57341.15741487 39.629
 272 208.230108  65.104659    64.535    64.590  4 57351.07306601 32.660
 273 208.226708  65.102324    64.756    64.828  3 57360.98871044 26.154
 274 208.220261  65.099232    64.464    64.464  2 57370.90435134 20.863
 275 208.221542  65.099079    64.549    64.549  2 57380.81999096 16.939
 276 208.223994  65.100949    64.414    64.382  3 57390.73562990 21.051
 277 208.226876  65.102939    64.677    64.612  4 57400.65126791 17.349
 278 208.229793  65.103572    64.662    64.594  3 57410.56690823 19.833
 279 208.225231  65.102406    64.649    64.729  3 57420.48255996 18.487
 280 208.228271  65.102462    64.652    64.648  3 57430.39820988 19.266
 281 208.225842  65.103037    64.544    64.535  3 57440.31385730 18.637
 282 208.229740  65.105264    64.571    64.577  4 57450.22950446 18.683
 283 208.231423  65.106607    64.695    64.648  3 57460.14514991 17.484
 284 208.230494  65.106029    64.611    64.650  3 57470.06079177 17.062
 285 208.228701  65.103906    64.413    64.398  4 57479.97642939 23.765
 286 208.226874  65.101757    64.323    64.357  3 57489.89206394 42.139
 287 208.224694  65.100452    64.347    64.399  3 57499.80769647 37.655
 288 208.223359  65.100909   131.309   131.309  2 57509.72334089 16.011
 289 208.228141  65.102609    64.006    63.999  3 57519.63899719 51.448
 290 208.227865  65.102877    64.350    64.353  3 57529.55465021 52.804
 291 208.222589  65.101209    64.304    64.376  3 57539.47029948 54.925
 292 208.222018  65.099986    64.539    64.539  2 57549.38594653 51.689
 293 208.221936  65.099827    64.377    64.377  2 57559.30159238 50.610
 294 208.224963  65.101486    64.592    64.593  3 57569.21723796 43.525
 295 208.225290  65.102994    65.065    65.057  3 57579.13288286 40.444
 296 208.229122  65.104127    65.057    65.095  4 57589.04852650 26.352
 297 208.228262  65.103674    65.204    65.183  3 57598.96416694 31.542
