# NaN NaN NaN ;Mean Elev.(m), Avg Gradient(m/km), RMS Gradient(m/km) - SRTM1     
#   12.035  -8.938  36.630 ;Mean Elev.(m), Avg Gradient(m/km), RMS Gradient(m/km) - ASTER GDEM
#   30.916  -6.769  36.316 ;Mean Elev.(m), Avg Gradient(m/km), RMS Gradient(m/km) - GMTED2010 
   1 201.229050  64.013141    29.495    29.309  5 54663.07884241 20.108
   2 201.218334  64.015599    67.828    67.828  2 54672.99448615  1.691
   3 201.227025  64.015011    17.160    17.115  6 54682.91013056  9.614
   4 201.228377  64.015736    30.951    30.729  6 54692.82577293 34.090
   5 201.231451  64.015195    18.548    18.572  6 54702.74141313 12.156
   6 201.225278  64.014387    29.389    29.104  6 54712.65706155 18.335
   7 201.221714  64.012778    12.517    12.413  6 54722.57271231  9.217
  10 201.209183  64.014266   118.016   118.016  2 54752.31965285  9.677
  11 201.219682  64.012249    76.058    75.811  5 54762.23530025 23.849
  12 201.216784  64.011663    27.964    27.962  6 54772.15094385 34.898
  13 201.216673  64.010768    75.589    75.692  6 54782.06658477 10.570
  14 201.215162  64.011215    28.227    28.224  6 54791.98222301 25.311
  15 201.219385  64.012146    28.379    28.415  5 54801.89786068 21.193
  16 201.224313  64.012994    28.268    28.260  6 54811.81349838 21.627
  17 201.223723  64.013992    28.377    28.338  6 54821.72913984 18.298
  18 201.222982  64.013339    28.306    28.331  5 54831.64479201 13.965
  19 201.220545  64.013312    28.196    28.209  6 54841.56043050 13.314
  20 201.222391  64.013474    28.445    28.498  5 54851.47607962  9.046
  21 201.224641  64.014291    28.624    28.448  6 54861.39172830  8.926
  22 201.226825  64.014494    28.589    28.535  5 54871.30737704  9.001
  23 201.223983  64.013865    28.441    28.453  6 54881.22302379 10.333
  24 201.219996  64.012140    28.528    28.554  6 54891.13866729  9.914
  25 201.216449  64.010516    28.556    28.433  6 54901.05430790  9.965
  26 201.215290  64.010692    28.933    28.964  6 54910.96994680  8.394
  27 201.216577  64.012135    28.836    28.830  6 54920.88558470  8.203
  28 201.222756  64.012588    29.047    29.036  6 54930.80122261  9.053
  29 201.220850  64.012913    29.078    28.868  5 54940.71685849  9.121
  30 201.218374  64.012214    76.144    75.823  5 54950.63249276 16.331
  31 201.214865  64.011642    82.096    86.287  6 54960.54813262 10.262
  32 201.216202  64.011670    90.089    93.552  6 54970.46378138 11.372
  33 201.221197  64.012320    30.970    30.949  6 54980.37942919 42.850
  34 201.223624  64.013297    31.353    31.317  5 54990.29507646 34.968
  36 201.221758  64.013191    75.195    76.517  5 55010.12636848  1.611
  37 201.217374  64.013773    60.617    64.918  4 55020.04201165  5.933
  38 201.222688  64.013793    78.552    78.836  6 55029.95765457 20.698
  39 201.227966  64.014257    30.415    30.328  6 55039.87329686 23.338
  40 201.228582  64.015299    28.708    28.560  6 55049.78893734 28.824
  41 201.227031  64.014815    28.582    28.520  5 55059.70457565 45.525
  42 201.222898  64.013068    28.282    28.237  5 55069.62021571 49.538
  43 201.216677  64.011346    28.341    28.384  6 55079.53586485 38.516
  46 201.222300  64.012556    82.627    82.403  6 55109.28280469 25.762
  47 201.220082  64.012867    28.686    28.646  6 55119.19844884 49.082
  48 201.218576  64.011145    26.974    27.019  6 55129.11409076 41.612
  49 201.212310  64.010396    27.040    27.031  5 55139.02973014 39.550
  50 201.213479  64.010632    27.784    27.787  5 55148.94536886 27.354
  51 201.219170  64.012339    27.788    27.793  6 55158.86100750 19.316
  52 201.225344  64.013897    27.737    27.739  5 55168.77664593 17.918
  53 201.226699  64.014703    27.778    27.773  6 55178.69228309 17.023
  54 201.224387  64.013930    27.999    28.037  6 55188.60792857 14.327
  55 201.222049  64.013235    27.847    27.802  5 55198.52357912 13.812
  56 201.224599  64.013066    27.629    27.627  6 55208.43922912 13.773
  57 201.224946  64.014293    27.623    27.649  6 55218.35487823 12.889
  58 201.225344  64.014364    27.563    27.507  5 55228.27052667 12.733
  59 201.222880  64.013326    27.710    27.710  6 55238.18617194 12.362
  60 201.219315  64.011282    27.742    27.734  6 55248.10181366 12.838
  61 201.212247  64.010577    27.770    27.773  6 55258.01745257 12.821
  62 201.212377  64.010729    27.748    27.711  6 55267.93309132 12.732
  63 201.217321  64.011844    27.708    27.732  5 55277.84873005 13.106
  64 201.221514  64.012900    27.747    27.805  5 55287.76436751 12.858
  65 201.221847  64.013301    27.827    27.921  5 55297.68000231 18.208
  66 201.219220  64.011928    27.813    27.795  6 55307.59564424 35.154
  67 201.214649  64.010805    79.851    77.550  5 55317.51129040 12.192
  68 201.216490  64.010475    81.366    81.026  6 55327.42693589 10.470
  70 201.222111  64.013723    29.304    29.359  6 55347.25822448 48.501
  71 201.229570  64.013181    54.685    46.660  5 55357.17386759  8.694
  72 201.224207  64.013854    84.755    84.678  6 55367.08950740  1.227
  73 201.224036  64.013438    74.838    74.803  5 55377.00514635 27.776
  74 201.218551  64.015057    72.539    70.728  3 55386.92078381  0.296
  75 201.229047  64.014243    48.109    47.449  4 55396.83642206  5.926
  76 201.228555  64.014847    30.073    30.219  6 55406.75206443 20.548
  77 201.224108  64.014034    29.967    29.959  5 55416.66771534 19.188
  78 201.217275  64.012522    69.875    68.208  6 55426.58336270  3.445
  79 201.214207  64.011082    56.267    59.328  6 55436.49900765  5.785
  80 201.216209  64.010568    77.756    77.460  6 55446.41465162 12.770
  81 201.219123  64.011389    29.210    29.197  6 55456.33029497 52.286
  82 201.222152  64.012356    28.576    28.600  6 55466.24593762 48.664
  83 201.222375  64.012510    28.290    28.155  6 55476.16157697 29.069
  84 201.218463  64.012151    26.772    26.753  6 55486.07721285 35.795
  85 201.214868  64.011712    26.285    26.289  6 55495.99284665 43.940
  86 201.219719  64.011604    25.970    25.949  6 55505.90848201 42.812
  87 201.219958  64.012981    27.152    27.157  6 55515.82413251 40.119
  88 201.226277  64.013544    27.461    27.462  6 55525.73978273 36.941
  89 201.226375  64.014043    27.260    27.262  6 55535.65543039 26.093
  90 201.224138  64.013857    27.161    27.128  5 55545.57107578 22.116
  91 201.223523  64.013412    27.426    27.460  5 55555.48671946 17.945
  92 201.224261  64.013489    27.299    27.331  6 55565.40236226 14.922
  93 201.223838  64.014039    27.240    27.209  6 55575.31800427 15.211
  94 201.224125  64.013544    27.335    27.358  5 55585.23364476 16.374
  95 201.221089  64.012976    27.357    27.343  6 55595.14928164 13.964
  96 201.219429  64.012188    27.224    27.207  5 55605.06491545 11.621
  97 201.219016  64.012137    27.054    27.060  6 55614.98054727 11.621
  98 201.220397  64.012534    28.185    28.090  5 55624.89618727 13.541
  99 201.219881  64.012860    27.405    27.475  6 55634.81183968 10.814
 100 201.219712  64.012816    25.588    25.574  6 55644.72748997 17.809
 101 201.217520  64.012566    25.962    26.022  6 55654.64313728 15.374
 102 201.216128  64.011899    27.815    27.961  6 55664.55878016 11.942
 103 201.216732  64.011454    26.748    26.931  6 55674.47442018 10.899
 104 201.213575  64.012893    81.113    81.835  5 55684.39005803  8.752
 105 201.222291  64.013065    83.355    84.028  5 55694.30569584  9.473
 106 201.227525  64.013999    60.797    64.587  6 55704.22133187  9.768
 107 201.226267  64.014662    32.257    32.245  6 55714.13697775 40.888
 108 201.225301  64.014303    31.237    31.318  6 55724.05262675 24.798
 109 201.225029  64.014009    30.794    30.793  5 55733.96827390 16.116
 110 201.225246  64.013980    31.200    31.164  5 55743.88391984 15.143
 111 201.223966  64.013958    30.715    30.746  5 55753.79956420 43.479
 112 201.221567  64.013383    29.710    29.698  6 55763.71520622 29.713
 113 201.220804  64.012073    30.754    30.749  6 55773.63084565 52.503
 114 201.216394  64.011799    30.328    30.366  6 55783.54648124 39.281
 115 201.219036  64.012027    51.098    50.840  6 55793.46211491  7.850
 116 201.221752  64.013139    29.330    29.326  6 55803.37775066 19.839
 117 201.221880  64.013562    81.790    82.009  6 55813.29340031 10.535
 118 201.221849  64.012915    77.102    76.833  5 55823.20904816 25.340
 119 201.220070  64.012135    29.620    29.607  6 55833.12469112 49.581
 120 201.218738  64.011851    28.853    29.147  5 55843.04032985 29.518
 121 201.218442  64.012736    80.427    79.945  6 55852.95596557 12.906
 122 201.224642  64.013536    27.064    27.057  6 55862.87160168 44.662
 123 201.225159  64.014069    25.986    26.033  5 55872.78725591 40.851
 124 201.225387  64.014259    26.999    27.008  6 55882.70290515 32.129
 125 201.227307  64.013762    26.996    26.984  6 55892.61854817 25.244
 126 201.226303  64.014185    27.031    27.023  5 55902.53418517 19.988
 127 201.229303  64.014443    27.177    27.198  6 55912.44982131 16.295
 128 201.226197  64.014776    27.327    27.381  6 55922.36547527 13.607
 129 201.226246  64.013926    27.341    27.371  6 55932.28112680 12.945
 130 201.220640  64.012950    27.204    27.229  5 55942.19677360 12.588
 131 201.214375  64.011791    27.134    27.091  6 55952.11241599 11.169
 132 201.215016  64.010796    27.394    27.430  6 55962.02805556 10.387
 133 201.217235  64.011549    27.246    27.261  6 55971.94369307 10.449
 134 201.222126  64.012986    27.569    27.675  6 55981.85932957 10.846
 135 201.225058  64.013757    27.497    27.420  5 55991.77496451 10.425
 136 201.222626  64.013099    27.530    27.484  6 56001.69061129 10.217
 137 201.219057  64.011446    27.217    27.224  6 56011.60626123  9.919
 138 201.214498  64.011381    27.245    27.214  6 56021.52190719  9.848
 140 201.220375  64.013621    27.159    27.300  6 56041.35319229 32.689
 141 201.225552  64.014378    72.938    72.771  6 56051.26883170 12.278
 142 201.226668  64.014837    84.440    84.689  6 56061.18446802  9.623
 143 201.226429  64.014322    85.177    83.381  6 56071.10010605 12.272
 144 201.224168  64.013699    75.446    76.041  6 56081.01575653  1.874
 145 201.224905  64.013662    67.761    76.018  6 56090.93140463  5.090
 146 201.226277  64.014284    31.272    31.240  6 56100.84705037 18.853
 147 201.225282  64.014225    30.694    30.715  6 56110.76268178 49.060
 148 201.224135  64.012754    31.099    31.046  6 56120.67832160 44.977
 149 201.219616  64.011556    30.081    30.119  6 56130.59395739 16.809
 150 201.214390  64.011899    81.135    83.155  4 56140.50959064  0.773
 151 201.219428  64.011668    29.932    29.922  6 56150.42524206 49.206
 152 201.220238  64.013476    29.298    29.265  6 56160.34089099 21.183
 153 201.223693  64.013724    71.853    72.717  6 56170.25653873  2.013
 154 201.221880  64.012873    36.877    30.176  5 56180.17218224 15.715
 155 201.216859  64.011946    29.522    29.489  6 56190.08782146 49.389
 156 201.216560  64.011411    29.963    30.074  5 56200.00345814 20.741
 157 201.213584  64.014089    81.747    81.943  3 56209.91909187  2.697
 158 201.227361  64.014755    29.257    29.179  5 56219.83472552 47.866
 159 201.232346  64.015282    27.747    27.697  6 56229.75037499 47.680
 160 201.228227  64.015146    27.413    27.402  6 56239.66602810 39.050
 161 201.226824  64.013753    27.449    27.471  6 56249.58167763 30.688
 162 201.223028  64.013340    27.752    27.786  6 56259.49732199 31.172
 163 201.224665  64.013544    27.877    27.937  6 56269.41296403 29.113
 164 201.223982  64.014522    27.700    27.659  6 56279.32860403 21.062
 165 201.224833  64.014085    27.605    27.541  6 56289.24425459 23.338
 166 201.220511  64.012834    27.526    27.546  5 56299.15990268 22.789
 167 201.215799  64.011202    27.866    27.899  6 56309.07554683 14.113
 168 201.212509  64.010625    27.952    27.979  6 56318.99118863 13.522
 169 201.217582  64.011064    27.924    27.935  6 56328.90683014 12.312
 170 201.221656  64.012850    27.713    27.709  5 56338.82247058 12.214
 171 201.226627  64.013677    28.109    28.038  6 56348.73810918 11.037
 172 201.223741  64.013739    27.882    27.924  5 56358.65374417 10.905
 173 201.218181  64.012074    28.039    28.041  5 56368.56939447 11.387
 175 201.218911  64.012050    28.328    28.452  5 56388.40068786 11.305
 176 201.224543  64.013819    28.321    28.320  5 56398.31633156 10.765
 177 201.228834  64.014986    28.354    28.398  6 56408.23197275 29.207
 178 201.228254  64.015231    28.466    28.569  5 56418.14760941 33.050
 180 201.223685  64.013416    81.541    81.413  6 56437.97889523 16.226
 181 201.213733  64.014833    91.582    91.511  3 56447.89454558 13.057
 182 201.225297  64.013158    83.449    79.403  5 56457.81019598  8.538
 183 201.221077  64.013612    56.916    61.777  5 56467.72584150  4.773
 184 201.220647  64.012457    30.549    30.569  6 56477.64148344 16.324
 185 201.213431  64.012243    75.291    74.959  4 56487.55712089 23.121
 186 201.216588  64.011434    29.605    29.626  5 56497.47275669 37.596
 187 201.219210  64.012445    29.626    29.673  6 56507.38839098 30.413
 188 201.223875  64.013974    81.383    81.308  6 56517.30402793 14.002
 189 201.218534  64.015334    79.026    75.040  3 56527.21968157  0.810
 190 201.222312  64.013750    65.344    67.762  6 56537.13533207  3.924
 192 201.219086  64.011939    29.590    29.790  5 56556.96662165 17.002
 193 201.219452  64.013062    82.589    78.934  5 56566.88226422 13.003
 194 201.233816  64.012791    27.837    27.663  3 56576.79790687 24.662
 195 201.230508  64.015372    76.156    76.502  6 56586.71354425 24.775
 196 201.230612  64.015485    27.748    27.727  6 56596.62918386 25.864
 197 201.224230  64.014689    73.714    73.879  6 56606.54483538 19.332
 198 201.223515  64.013383    26.721    26.660  6 56616.46048253 37.798
 199 201.223320  64.013204    27.340    27.351  5 56626.37612609 33.064
 200 201.223985  64.013469    27.517    27.525  6 56636.29176692 27.404
 201 201.223980  64.013585    27.632    27.640  5 56646.20740698 27.019
 202 201.222010  64.012385    27.776    27.784  6 56656.12305917 25.007
 203 201.217699  64.011504    27.888    27.905  6 56666.03870680 22.823
 204 201.217192  64.011170    27.606    27.584  6 56675.95435215 24.277
 206 201.222562  64.012568    27.661    27.651  6 56695.78563924 25.380
 207 201.222350  64.013699    27.615    27.609  6 56705.70127697 24.425
 208 201.222315  64.013903    27.491    27.487  6 56715.61690929 25.598
 209 201.222008  64.012403    27.498    27.428  6 56725.53256284 25.115
 210 201.218432  64.012704    27.731    27.773  6 56735.44821209 18.902
 211 201.222926  64.013157    27.515    27.559  5 56745.36385867 21.637
 212 201.226783  64.014208    27.403    27.453  5 56755.27950086 20.987
 213 201.230103  64.014768    26.916    27.007  6 56765.19513742 43.064
 214 201.228086  64.014828    74.929    74.833  5 56775.11077541 14.257
 215 201.224739  64.013747    30.181    30.182  5 56785.02643200 45.289
 216 201.220248  64.013472    64.800    63.734  6 56794.94208482  4.207
 217 201.221304  64.012791    80.829    80.909  6 56804.85773440 11.762
 218 201.220359  64.012772    29.453    29.526  6 56814.77337676 18.900
 219 201.217433  64.012708    30.686    30.687  6 56824.68901545 36.657
 220 201.217374  64.012268    30.635    30.654  6 56834.60465058 16.357
 221 201.219714  64.012340    29.325    30.800  5 56844.52028245 19.252
 222 201.219993  64.012891    30.305    30.328  6 56854.43592691 18.457
 223 201.221291  64.012956    31.321    31.114  5 56864.35158066 37.617
 224 201.221146  64.012903    76.411    76.082  6 56874.26723361 28.049
 225 201.220722  64.012533    30.506    30.488  6 56884.18288340 14.808
 226 201.219254  64.012315    29.542    29.474  6 56894.09852989 23.698
 227 201.219728  64.012229    29.936    29.985  5 56904.01417339 52.439
 228 201.221382  64.012889    30.249    30.432  6 56913.92981495 45.287
 229 201.222844  64.014178    28.833    28.844  6 56923.84545475 26.112
 230 201.226972  64.014841    28.506    28.561  6 56933.76109228 21.002
 231 201.227236  64.015466    28.586    28.519  6 56943.67672419 39.860
 232 201.224788  64.014788    28.051    28.091  6 56953.59237095 50.861
 233 201.221803  64.013943    27.310    27.292  6 56963.50802104 37.813
 234 201.222261  64.013646    27.989    27.970  6 56973.42366655 39.037
 235 201.223760  64.013931    28.289    28.301  5 56983.33930777 30.245
 236 201.224628  64.013955    28.392    28.380  6 56993.25494418 32.277
 237 201.223695  64.013193    28.122    28.088  6 57003.17058049 26.160
 238 201.217681  64.011999    28.248    28.271  5 57013.08623662 25.234
 239 201.214611  64.011808    76.966    73.281  6 57023.00188757 16.187
 240 201.220359  64.012030    28.294    28.304  6 57032.91753671 20.770
 241 201.223389  64.013002    28.079    28.086  6 57042.83318335 16.805
 242 201.225191  64.013134    28.217    28.283  6 57052.74882767 17.441
 243 201.221142  64.013135    28.125    28.136  6 57062.66446705 18.224
 244 201.220805  64.012817    62.033    62.033  2 57072.58010154  1.192
 245 201.223019  64.013648    27.863    27.974  5 57082.49573215 25.498
 246 201.227872  64.014434    28.150    28.020  6 57092.41137909 15.963
 247 201.229868  64.015128    27.757    27.778  6 57102.32703634 20.506
 248 201.230300  64.014890    27.857    27.892  6 57112.24268996 20.465
 249 201.224888  64.014437    28.348    28.347  6 57122.15833715 11.674
 250 201.221743  64.013332    27.669    27.633  6 57132.07397908 40.228
 251 201.220316  64.013448    74.172    74.411  6 57141.98961619 13.295
 252 201.225366  64.013901    30.169    30.265  5 57151.90525079 39.434
 253 201.227341  64.015118    82.276    82.174  6 57161.82088162 22.802
 254 201.223634  64.014511    32.497    32.530  6 57171.73653865 41.405
 255 201.221819  64.012395    30.577    30.588  6 57181.65219333 19.800
 256 201.216340  64.011272    29.052    29.051  6 57191.56784368 20.117
 257 201.216052  64.011190    72.596    72.598  5 57201.48349141 22.672
 258 201.218890  64.012380    28.878    28.966  5 57211.39912562 24.023
 259 201.213361  64.015479    69.286    69.286  2 57221.31476859  1.065
 260 201.226286  64.013534    28.815    28.835  6 57231.23041237 18.955
 261 201.223057  64.013504    28.659    28.708  6 57241.14605205 19.217
 262 201.223488  64.012642    28.759    28.735  6 57251.06168951 21.756
 263 201.219800  64.014295    71.677    71.001  5 57260.97732442  1.680
 264 201.226938  64.015381    31.098    31.155  6 57270.89295916 43.663
 265 201.233006  64.015671    78.166    77.933  6 57280.80861475 21.183
 266 201.231228  64.015718    30.338    30.380  6 57290.72426993 21.389
 267 201.225088  64.014779    30.386    30.369  6 57300.63992176 50.366
 268 201.219093  64.013286    93.360    96.261  4 57310.55556994  0.592
 269 201.220023  64.011868    78.553    75.951  6 57320.47121532 15.708
 270 201.220467  64.012550    74.163    74.378  6 57330.38685776 23.127
 271 201.223517  64.013785    27.265    27.256  5 57340.30249821 47.027
 272 201.223055  64.013543    27.267    27.278  6 57350.21814826 24.046
 273 201.218707  64.012481    27.670    27.715  6 57360.13379311 26.373
 274 201.213790  64.011256    27.858    27.867  6 57370.04943479 20.260
 275 201.216253  64.010805    28.460    28.471  6 57379.96507477 29.437
 276 201.220481  64.012549    28.445    28.414  6 57389.88071365 21.468
 277 201.227651  64.014159    28.192    28.177  6 57399.79635187 18.208
 278 201.228037  64.015176    28.086    28.110  5 57409.71199049 17.497
 279 201.224438  64.013946    28.119    28.133  6 57419.62764294 17.308
 280 201.221892  64.012686    27.988    27.981  6 57429.54329287 17.651
 281 201.221812  64.012841    28.021    28.038  6 57439.45894062 16.957
 282 201.224047  64.014392    28.042    28.042  6 57449.37458731 15.173
 283 201.227962  64.015377    27.942    27.947  6 57459.29023284 14.412
 284 201.231234  64.015010    28.025    28.019  6 57469.20587532 13.468
 285 201.228066  64.014172    28.265    28.254  6 57479.12151323 12.261
 286 201.225142  64.013046    28.116    28.102  6 57489.03714814 29.060
 287 201.223849  64.013004    74.555    74.417  6 57498.95278115  6.111
 288 201.222797  64.014159    29.093    29.072  6 57508.86842347 39.609
 289 201.224416  64.014042    35.893    30.828  6 57518.78407970 16.517
 290 201.224193  64.013770    31.124    31.106  5 57528.69973293 19.988
 291 201.218811  64.013025    74.337    76.089  6 57538.61538272  1.972
 292 201.217826  64.011339    77.145    84.830  6 57548.53103030  9.308
 293 201.204291  64.013337    83.439    83.439  2 57558.44667500  1.685
 294 201.217779  64.012338    98.678    96.447  6 57568.36232151 22.471
 295 201.222216  64.013614    79.948    79.581  6 57578.27796638 25.583
 296 201.215425  64.016114    68.585    68.585  2 57588.19360870  1.443
